MJD,m,dm,uJy,duJy,F,err,chi/N,RA,Dec,x,y,maj,min,phi,apfit,mag5sig,Sky,Obs
60659.39625,19.156,0.312,79,25,o,0,2.48,37.10032,23.55825,6746.49,8047.57,2.69,2.46,50.2,-0.393,18.41,18.49,01a60659o0445o
60659.404167,19.319,0.571,68,39,o,0,0.87,37.10032,23.55825,6767.03,8084.55,2.57,2.49,59.8,-0.417,18.36,18.37,01a60659o0462o
60659.406944,18.678,0.357,123,44,o,0,0.7,37.10032,23.55825,6704.48,8008.1,2.58,2.5,57.2,-0.414,18.25,18.27,01a60659o0468o
60659.41783,-22.129,6.028,-5,31,o,0,1.36,37.10032,23.55825,6684.54,8124.43,2.75,2.52,51.3,-0.387,18.3,18.36,01a60659o0491o
60660.382416,19.602,0.438,52,23,o,0,1.48,37.10032,23.55825,502.4,7840.16,2.54,2.44,78.9,-0.451,18.75,19.15,01a60660o0413o
60660.385644,19.177,0.313,78,24,o,0,1.11,37.10032,23.55825,520.42,7878.36,2.6,2.46,85.7,-0.438,18.74,19.14,01a60660o0420o
60660.390949,20.67,1.45,20,28,o,0,1.24,37.10032,23.55825,460.64,7800.19,2.55,2.41,71.3,-0.446,18.73,19.1,01a60660o0431o
60660.413293,20.003,0.713,36,26,o,0,1.11,37.10032,23.55825,438.67,7912.72,2.41,2.32,85.4,-0.459,18.73,19.04,01a60660o0479o
60661.365871,19.316,0.291,68,20,o,0,1.92,37.10032,23.55825,10085.77,2743.13,2.41,1.81,-55.0,-0.494,18.91,19.49,02a60661o0383o
60661.369103,18.738,0.203,116,24,o,0,0.98,37.10032,23.55825,10067.93,2703.54,2.34,1.75,-55.6,-0.501,18.92,19.47,02a60661o0390o
60661.375695,18.9,0.245,100,24,o,0,1.01,37.10032,23.55825,10127.31,2782.72,2.42,1.81,-54.4,-0.485,18.88,19.46,02a60661o0404o
60661.385958,18.475,0.156,148,23,o,0,1.18,37.10032,23.55825,10151.54,2666.54,2.36,1.74,-54.6,-0.509,18.88,19.42,02a60661o0426o
60662.351331,19.112,0.198,82,16,o,0,1.18,37.10032,23.55825,2144.36,8319.69,2.13,2.02,23.1,-0.415,19.17,19.93,02a60662o0353o
60662.355087,19.285,0.241,70,17,o,0,1.1,37.10032,23.55825,2125.29,8280.42,2.08,1.92,23.5,-0.437,19.21,19.9,02a60662o0361o
60662.362511,19.506,0.336,57,19,o,0,1.06,37.10032,23.55825,2181.88,8359.17,2.1,1.91,22.2,-0.433,19.16,19.88,02a60662o0377o
60662.372708,18.911,0.162,99,16,o,0,1.54,37.10032,23.55825,2205.54,8240.95,2.09,1.91,23.6,-0.43,19.17,19.87,02a60662o0399o
60663.441698,19.468,0.39,59,23,o,0,1.13,37.10032,23.55825,8393.23,2214.22,3.36,3.23,56.0,-0.376,18.73,19.86,01a60663o0153o
60663.444974,19.756,0.418,45,19,o,0,1.35,37.10032,23.55825,8411.37,2252.39,2.95,2.86,78.9,-0.404,18.86,19.87,01a60663o0160o
60663.453271,18.847,0.16,105,17,o,0,1.09,37.10032,23.55825,8351.56,2176.99,2.36,2.35,-63.3,-0.46,19.08,19.81,01a60663o0178o
60663.463716,20.223,0.799,30,24,o,0,1.29,37.10032,23.55825,8329.62,2294.5,3.07,2.93,44.8,-0.406,18.79,19.76,01a60663o0200o
60664.351923,19.219,0.182,75,14,o,0,1.35,37.10032,23.55825,3740.89,6311.59,2.65,2.36,53.0,-0.386,19.44,20.6,01a60664o0245o
60664.358494,18.991,0.159,92,15,o,0,0.91,37.10032,23.55825,3762.37,6349.73,2.56,2.47,56.7,-0.401,19.38,20.5,01a60664o0259o
60664.361319,19.247,0.199,73,14,o,0,1.74,37.10032,23.55825,3703.12,6272.43,2.67,2.46,42.6,-0.387,19.36,20.48,01a60664o0265o
60664.375112,18.947,0.148,96,14,o,0,1.43,37.10032,23.55825,3683.76,6386.89,2.58,2.35,50.2,-0.391,19.39,20.38,01a60664o0294o
60665.34248,19.074,0.17,85,14,o,0,1.21,37.10032,23.55825,6814.98,4267.24,2.22,1.92,35.5,-0.432,19.48,20.65,02a60665o0331o
60665.346124,18.939,0.114,96,11,o,0,1.67,37.10032,23.55825,6796.86,4228.16,2.29,1.89,35.2,-0.432,19.46,20.64,02a60665o0339o
60665.352194,19.632,0.281,51,14,o,0,0.95,37.10032,23.55825,6854.08,4305.87,2.25,1.94,38.3,-0.432,19.48,20.66,02a60665o0352o
60665.364306,19.282,0.176,70,12,o,0,1.41,37.10032,23.55825,6872.09,4189.17,2.21,1.94,36.2,-0.429,19.48,20.68,02a60665o0378o
60666.312784,19.67,0.331,49,16,o,0,0.73,37.10032,23.55825,5967.22,8130.16,2.33,1.98,37.9,-0.439,19.47,20.66,02a60666o0266o
60666.31649,19.042,0.137,88,12,o,0,1.66,37.10032,23.55825,5948.79,8091.3,2.36,1.97,36.9,-0.437,19.48,20.62,02a60666o0274o
60666.321819,19.14,0.199,80,16,o,0,1.1,37.10032,23.55825,6004.47,8169.39,2.35,1.93,39.5,-0.439,19.47,20.6,02a60666o0285o
60666.331636,19.475,0.209,59,12,o,0,1.54,37.10032,23.55825,6022.77,8053.61,2.33,1.93,35.8,-0.438,19.46,20.59,02a60666o0306o
60667.373271,19.301,0.229,69,16,o,0,4.04,37.10032,23.55825,4570.99,2437.54,3.15,3.01,50.7,-0.378,19.26,20.77,01a60667o0131o
60667.376487,20.1,0.459,33,15,o,0,1.04,37.10032,23.55825,4590.53,2476.12,2.67,2.56,45.6,-0.428,19.44,20.74,01a60667o0138o
60667.382996,19.878,0.359,41,15,o,0,1.04,37.10032,23.55825,4531.05,2396.94,2.74,2.55,45.0,-0.419,19.38,20.69,01a60667o0152o
60667.393184,19.588,0.261,53,14,o,0,1.18,37.10032,23.55825,4513.13,2513.25,2.43,2.28,47.9,-0.446,19.49,20.63,01a60667o0174o
60668.312212,19.147,0.199,80,16,o,0,0.86,37.10032,23.55825,9576.59,5978.96,2.63,2.4,-60.9,-0.446,19.45,20.64,01a60668o0259o
60668.315427,19.836,0.373,42,16,o,0,1.07,37.10032,23.55825,9596.83,6017.75,2.6,2.42,-58.7,-0.444,19.48,20.62,01a60668o0266o
60668.322326,19.382,0.212,64,14,o,0,1.7,37.10032,23.55825,9537.76,5940.26,2.7,2.65,0.8,-0.424,19.38,20.58,01a60668o0281o
60668.335193,19.451,0.22,60,13,o,0,1.52,37.10032,23.55825,9518.88,6055.48,2.61,2.58,-70.1,-0.434,19.37,20.56,01a60668o0308o
60669.30669,19.306,0.242,69,17,o,0,1.13,37.10032,23.55825,977.22,4561.13,2.25,2.01,26.2,-0.444,19.42,20.64,02a60669o0251o
60669.309998,19.164,0.165,78,13,o,0,1.43,37.10032,23.55825,958.14,4521.75,2.25,1.97,26.6,-0.442,19.44,20.64,02a60669o0258o
60669.316912,19.182,0.224,77,17,o,0,0.95,37.10032,23.55825,1018.1,4600.15,2.26,1.93,28.5,-0.444,19.42,20.58,02a60669o0273o
60669.32852,19.309,0.21,69,14,o,0,1.21,37.10032,23.55825,1035.04,4482.96,2.37,2.02,30.2,-0.435,19.36,20.57,02a60669o0298o
60670.322326,19.461,0.269,60,16,o,0,1.87,37.10032,23.55825,244.11,10428.5,2.1,1.62,-49.3,-0.575,19.43,20.56,02a60670o0284o
60670.32323,19.039,0.177,88,16,o,0,1.05,37.10032,23.55825,2265.19,165.37,2.04,1.72,-65.4,-0.456,19.44,20.6,02a60670o0286o
60670.324596,-22.923,8.0,-2,20,o,0,1.21,37.10032,23.55825,10172.78,10462.92,2.77,1.86,-55.4,-0.455,19.44,20.58,02a60670o0289o
60670.325499,19.973,0.532,37,20,o,0,1.3,37.10032,23.55825,225.82,10390.11,2.13,1.66,-49.8,-0.534,19.42,20.56,02a60670o0291o
60670.326403,19.229,0.189,74,14,o,0,1.81,37.10032,23.55825,2246.04,126.5,2.02,1.7,-68.7,-0.477,19.45,20.59,02a60670o0293o
60670.327761,19.798,0.369,44,16,o,0,1.24,37.10032,23.55825,10153.83,10424.03,2.62,1.91,-55.6,-0.468,19.45,20.58,02a60670o0296o
60670.332444,21.377,2.398,10,24,o,0,2.92,37.10032,23.55825,281.6,10467.85,2.1,1.61,-52.9,-0.609,19.38,20.53,02a60670o0306o
60670.333868,19.27,0.201,71,14,o,0,1.37,37.10032,23.55825,2305.74,203.76,2.02,1.71,-68.2,-0.471,19.43,20.55,02a60670o0309o
60670.334834,-18.449,0.204,-151,31,o,0,1.49,37.10032,23.55825,10210.55,10503.55,2.72,1.87,-54.3,-0.463,19.43,20.53,02a60670o0311o
60670.343993,19.99,0.603,37,22,o,0,0.76,37.10032,23.55825,300.85,10346.13,2.09,1.7,-54.1,-0.535,19.41,20.49,02a60670o0331o
60670.345822,19.085,0.168,84,14,o,0,1.18,37.10032,23.55825,2323.99,85.2,2.0,1.7,-71.8,-0.477,19.42,20.54,02a60670o0335o
60670.346274,19.902,0.356,40,14,o,0,1.59,37.10032,23.55825,10230.58,10386.07,2.55,1.92,-53.9,-0.481,19.45,20.52,02a60670o0336o
60673.325025,19.585,0.243,53,13,o,0,1.26,37.10032,23.55825,2166.78,10287.06,2.24,1.9,-50.1,-0.458,19.42,20.59,02a60673o0286o
60673.325928,18.835,0.124,106,13,o,0,1.8,37.10032,23.55825,4248.85,64.56,2.07,1.84,-64.6,-0.439,19.45,20.62,02a60673o0288o
60673.328205,19.851,0.335,42,14,o,0,1.35,37.10032,23.55825,2149.87,10249.28,2.2,1.9,-46.0,-0.468,19.39,20.58,02a60673o0293o
60673.334672,19.893,0.426,40,17,o,0,0.66,37.10032,23.55825,2203.93,10324.98,2.19,1.87,-53.6,-0.468,19.42,20.59,02a60673o0307o
60673.336552,18.938,0.168,97,16,o,0,1.24,37.10032,23.55825,4290.29,103.14,2.14,1.86,-62.9,-0.441,19.43,20.64,02a60673o0311o
60673.344871,19.604,0.286,52,15,o,0,0.8,37.10032,23.55825,2223.91,10205.76,2.11,1.84,-48.6,-0.467,19.45,20.6,02a60673o0329o
60674.31591,20.262,0.541,28,15,o,0,1.28,37.10032,23.55825,4038.44,8217.84,2.46,2.3,32.4,-0.424,19.34,20.73,02a60674o0265o
60674.319097,19.243,0.215,73,16,o,0,1.03,37.10032,23.55825,4020.78,8180.43,2.34,2.16,29.7,-0.417,19.42,20.72,02a60674o0272o
60674.324607,19.684,0.315,49,15,o,0,0.94,37.10032,23.55825,4075.74,8257.63,2.41,2.23,32.8,-0.419,19.37,20.69,02a60674o0284o
60674.340278,19.256,0.188,72,14,o,0,1.34,37.10032,23.55825,4093.29,8139.55,2.28,2.05,34.4,-0.424,19.41,20.64,02a60674o0317o
60675.299212,20.315,0.462,27,13,o,0,1.25,37.10032,23.55825,6481.17,2343.43,2.47,2.38,39.0,-0.419,19.47,20.61,01a60675o0225o
60675.302871,19.079,0.167,85,14,o,0,1.26,37.10032,23.55825,6500.64,2381.65,2.48,2.36,39.6,-0.425,19.47,20.62,01a60675o0233o
60675.310197,19.454,0.214,60,13,o,0,1.49,37.10032,23.55825,6443.78,2302.43,2.63,2.55,38.3,-0.41,19.42,20.62,01a60675o0249o
60675.320877,19.218,0.175,75,13,o,0,1.1,37.10032,23.55825,6425.82,2418.17,2.37,2.23,36.0,-0.43,19.53,20.65,01a60675o0271o
60676.317674,19.516,0.215,57,12,o,0,1.34,37.10032,23.55825,4790.63,8159.91,2.65,2.34,52.2,-0.383,19.53,20.76,01a60676o0263o
60676.321455,19.663,0.264,50,13,o,0,1.07,37.10032,23.55825,4808.4,8198.28,2.63,2.38,52.7,-0.387,19.53,20.73,01a60676o0271o
60676.327607,20.823,0.777,17,13,o,0,2.08,37.10032,23.55825,4750.62,8119.43,2.69,2.43,53.0,-0.383,19.48,20.68,01a60676o0284o
60676.337841,22.193,2.909,5,14,o,0,2.62,37.10032,23.55825,4729.07,8233.46,2.82,2.59,51.0,-0.382,19.4,20.64,01a60676o0306o
60677.308309,20.046,0.43,35,15,o,0,1.12,37.10032,23.55825,5777.7,2415.73,2.21,2.07,38.9,-0.423,19.4,20.58,02a60677o0246o
60677.311504,19.42,0.188,62,12,o,0,1.49,37.10032,23.55825,5760.54,2376.67,2.19,2.08,46.0,-0.419,19.39,20.57,02a60677o0253o
60677.318414,19.449,0.211,60,13,o,0,2.05,37.10032,23.55825,5818.73,2457.17,2.14,1.94,39.6,-0.435,19.44,20.58,02a60677o0268o
60677.329545,19.615,0.29,52,15,o,0,1.16,37.10032,23.55825,5839.89,2337.76,2.07,1.95,39.4,-0.43,19.43,20.53,02a60677o0292o
60678.29005,19.668,0.28,49,14,o,0,1.3,37.10032,23.55825,2989.86,6382.96,2.38,1.97,33.5,-0.424,19.45,20.65,02a60678o0205o
60678.293755,19.494,0.285,58,16,o,0,0.93,37.10032,23.55825,2971.04,6343.05,2.37,2.01,34.3,-0.43,19.43,20.64,02a60678o0213o
60678.29927,20.053,0.434,35,15,o,0,0.96,37.10032,23.55825,3027.18,6419.48,2.41,1.99,33.5,-0.422,19.42,20.65,02a60678o0225o
60678.309382,19.56,0.298,54,16,o,0,0.95,37.10032,23.55825,3049.16,6305.76,2.35,1.95,32.6,-0.428,19.46,20.63,02a60678o0247o
60679.298815,19.394,0.217,64,14,o,0,0.77,37.10032,23.55825,7548.53,4168.34,2.52,2.42,60.8,-0.408,19.47,20.72,01a60679o0221o
60679.301645,19.845,0.274,42,12,o,0,1.5,37.10032,23.55825,7568.21,4205.84,2.42,2.34,61.2,-0.419,19.52,20.71,01a60679o0227o
60679.307331,19.486,0.191,58,11,o,0,1.98,37.10032,23.55825,7511.44,4128.96,2.65,2.51,37.1,-0.39,19.44,20.66,01a60679o0239o
60679.320519,19.948,0.389,38,15,o,0,1.99,37.10032,23.55825,7488.8,4243.86,2.49,2.35,43.3,-0.402,19.11,20.28,01a60679o0267o
60680.313214,21.348,1.333,10,14,o,0,1.44,37.10032,23.55825,7624.11,6100.62,2.49,2.43,56.7,-0.405,19.4,20.48,01a60680o0192o
60680.316507,20.007,0.372,36,13,o,0,1.57,37.10032,23.55825,7645.54,6138.31,2.47,2.41,62.7,-0.411,19.42,20.44,01a60680o0199o
60680.32483,19.977,0.416,37,15,o,0,1.29,37.10032,23.55825,7586.4,6060.94,2.52,2.47,-69.4,-0.411,19.39,20.44,01a60680o0217o
60680.334739,19.513,0.235,57,13,o,0,1.82,37.10032,23.55825,7563.66,6176.56,2.49,2.45,-81.0,-0.409,19.43,20.47,01a60680o0238o
60681.325011,20.364,0.758,26,20,o,0,0.82,37.10032,23.55825,2931.98,4448.44,2.25,1.79,34.7,-0.459,19.25,20.04,02a60681o0277o
60681.328226,19.931,0.37,39,14,o,0,1.49,37.10032,23.55825,2911.01,4410.17,2.25,1.79,33.6,-0.461,19.29,20.03,02a60681o0284o
60681.363711,20.239,0.529,29,15,o,0,1.6,37.10032,23.55825,2967.4,4484.71,2.37,1.88,37.1,-0.448,19.22,20.02,02a60681o0357o
60681.369234,20.409,0.657,25,16,o,0,1.25,37.10032,23.55825,2991.5,4369.3,2.37,1.86,35.0,-0.451,19.23,20.02,02a60681o0369o
60682.281932,19.875,0.463,41,19,o,0,0.98,37.10032,23.55825,4879.37,4352.81,2.28,1.84,35.1,-0.435,19.11,19.7,02a60682o0184o
60682.285186,20.178,0.593,31,18,o,0,0.98,37.10032,23.55825,4858.26,4314.25,2.28,1.89,33.7,-0.434,19.11,19.69,02a60682o0191o
60682.290324,20.363,0.71,26,18,o,0,1.1,37.10032,23.55825,4915.6,4389.59,2.28,1.87,35.2,-0.436,19.07,19.67,02a60682o0202o
60682.300903,19.629,0.4,51,20,o,0,0.84,37.10032,23.55825,4936.74,4273.96,2.28,1.84,35.1,-0.44,19.13,19.73,02a60682o0225o
60688.362891,0.0,0.0,0,0,o,0,-0.0,37.10032,23.55825,3684.5,4373.17,3.24,2.87,43.6,-0.418,14.14,14.0,01a60688o0351o
60688.366194,-16.11,0.639,-1306,834,o,0,1.19,37.10032,23.55825,3700.45,4412.43,2.79,2.55,46.3,-0.419,15.26,15.21,01a60688o0358o
