MJD,m,dm,uJy,duJy,F,err,chi/N,RA,Dec,x,y,maj,min,phi,apfit,mag5sig,Sky,Obs
60660.098704,19.148,0.258,80,20,o,0,1.66,36.1347,-49.65413,3962.8,7278.76,2.08,1.84,-54.1,-0.39,18.8,19.41,04a60660o0160o
60660.101942,-21.399,2.025,-10,20,o,0,1.92,36.1347,-49.65413,3981.93,7318.17,2.08,1.85,-63.8,-0.389,18.76,19.37,04a60660o0167o
60660.10746,20.109,0.634,33,21,o,0,1.43,36.1347,-49.65413,3926.57,7240.92,2.04,1.85,-48.5,-0.407,18.72,19.34,04a60660o0179o
60660.117533,19.29,0.385,70,27,o,0,0.84,36.1347,-49.65413,3907.57,7359.0,2.11,1.83,-66.8,-0.395,18.72,19.35,04a60660o0201o
60661.852808,-21.327,1.513,-11,16,o,0,1.3,36.1347,-49.65413,6632.85,1734.1,2.27,2.09,-56.0,-0.44,19.05,20.02,03a60662o0178o
60661.856477,-20.128,0.502,-32,16,o,0,1.46,36.1347,-49.65413,6652.21,1771.89,2.36,2.15,-59.3,-0.431,18.97,19.96,03a60662o0186o
60661.861686,19.398,0.273,63,17,o,0,1.29,36.1347,-49.65413,6595.67,1690.79,2.4,2.14,-56.6,-0.437,18.97,19.95,03a60662o0197o
60661.873494,-20.223,0.61,-30,18,o,0,0.86,36.1347,-49.65413,6575.51,1805.31,2.33,2.08,-57.9,-0.442,18.98,19.91,03a60662o0222o
60664.095689,19.671,0.241,49,12,o,0,1.54,36.1347,-49.65413,4760.76,5729.1,2.08,1.9,-29.9,-0.442,19.36,20.89,04a60664o0148o
60664.099773,20.227,0.482,30,14,o,0,1.32,36.1347,-49.65413,4779.21,5768.22,1.99,1.84,-44.6,-0.441,19.45,20.9,04a60664o0157o
60664.106485,19.893,0.292,40,12,o,0,1.77,36.1347,-49.65413,4721.5,5691.86,1.95,1.79,-45.2,-0.448,19.45,20.93,04a60664o0171o
60664.117514,21.065,0.855,14,12,o,0,1.57,36.1347,-49.65413,4700.77,5808.29,1.97,1.85,-47.4,-0.451,19.42,20.92,04a60664o0195o
60665.848296,21.812,1.152,7,8,c,0,1.28,36.1347,-49.65413,2601.27,1834.05,2.39,2.22,-69.1,-0.397,19.66,21.7,03a60666o0164c
60665.851537,22.397,2.423,4,10,c,0,0.88,36.1347,-49.65413,2620.85,1872.38,2.44,2.24,-67.5,-0.395,19.62,21.69,03a60666o0171c
60665.859099,-25.87,46.0,0,8,c,0,1.73,36.1347,-49.65413,2566.7,1796.97,2.46,2.36,-63.0,-0.395,19.61,21.71,03a60666o0187c
60665.870544,-24.162,12.75,-1,10,c,0,1.09,36.1347,-49.65413,2546.0,1910.68,2.72,2.56,-75.9,-0.385,19.53,21.71,03a60666o0212c
60668.09217,20.38,0.473,26,12,o,0,1.68,36.1347,-49.65413,942.8,5527.46,2.27,1.94,75.5,-0.4,19.43,20.94,04a60668o0137o
60668.095862,20.408,0.511,25,13,o,0,1.18,36.1347,-49.65413,962.0,5565.33,2.29,1.93,79.5,-0.386,19.46,20.98,04a60668o0145o
60668.099444,18.424,0.174,155,27,o,0,1.99,36.1347,-49.65413,10526.57,5560.87,2.44,2.1,-1.6,-0.482,19.43,20.95,04a60668o0152o
60668.101247,20.219,0.429,30,13,o,0,1.21,36.1347,-49.65413,904.42,5490.38,2.21,1.87,78.3,-0.399,19.49,20.98,04a60668o0156o
60668.10937,19.34,0.323,67,22,o,0,1.27,36.1347,-49.65413,10503.97,5675.2,2.57,1.98,-3.6,-0.438,19.49,20.99,04a60668o0173o
60668.113878,19.882,0.3,40,12,o,0,1.28,36.1347,-49.65413,886.85,5608.46,2.24,1.86,77.6,-0.393,19.52,21.03,04a60668o0182o
60669.846008,21.513,0.821,9,7,c,0,2.11,36.1347,-49.65413,2536.83,9770.88,2.56,2.26,-53.1,-0.392,19.75,21.72,03a60670o0154c
60669.849649,20.454,0.396,24,10,c,0,1.07,36.1347,-49.65413,2555.25,9808.81,2.61,2.3,-58.7,-0.384,19.71,21.72,03a60670o0162c
60669.856538,-21.464,1.089,-9,10,c,0,1.07,36.1347,-49.65413,2502.57,9730.73,2.59,2.33,-51.3,-0.39,19.68,21.72,03a60670o0177c
60669.867902,22.337,1.8,4,8,c,0,1.87,36.1347,-49.65413,2484.43,9848.86,2.62,2.32,-55.0,-0.382,19.72,21.72,03a60670o0201c
60672.079521,19.894,0.486,40,20,o,0,1.36,36.1347,-49.65413,10088.33,10055.22,2.72,2.07,18.3,-0.519,19.35,20.94,04a60672o0103o
60672.082804,-20.489,0.774,-23,18,o,0,1.58,36.1347,-49.65413,10107.73,10096.05,2.62,1.82,11.7,-0.576,19.39,21.0,04a60672o0110o
60672.089835,20.235,0.606,29,18,o,0,1.71,36.1347,-49.65413,10050.86,10016.12,2.58,1.79,12.4,-0.559,19.42,21.01,04a60672o0125o
60672.095638,21.053,1.183,14,16,o,0,0.85,36.1347,-49.65413,816.88,10013.56,2.83,1.98,-76.4,-0.4,19.44,21.03,04a60672o0137o
60672.099338,-23.286,7.3,-2,13,o,0,1.2,36.1347,-49.65413,835.49,10051.51,2.76,1.95,-74.7,-0.409,19.43,21.03,04a60672o0145o
60672.10025,-19.205,0.267,-76,20,o,0,1.02,36.1347,-49.65413,10030.39,10131.66,2.63,1.79,15.2,-0.576,19.45,21.02,04a60672o0147o
60672.105238,21.35,1.373,10,14,o,0,1.08,36.1347,-49.65413,777.71,9975.2,2.79,1.99,-76.0,-0.397,19.45,21.07,04a60672o0158o
60672.116025,-20.284,0.463,-28,13,o,0,1.24,36.1347,-49.65413,758.71,10094.66,2.81,1.96,-75.2,-0.399,19.45,21.07,04a60672o0181o
60673.833287,20.053,0.237,35,8,c,0,1.41,36.1347,-49.65413,4618.47,1762.72,2.38,2.21,-63.8,-0.406,19.67,21.7,03a60674o0117c
60673.837025,-21.205,0.634,-12,8,c,0,1.18,36.1347,-49.65413,4639.49,1801.69,2.4,2.19,-64.5,-0.402,19.65,21.68,03a60674o0125c
60673.8425,-22.536,2.417,-4,8,c,0,1.29,36.1347,-49.65413,4584.64,1723.12,2.38,2.19,-70.3,-0.405,19.64,21.65,03a60674o0137c
60673.854154,-21.173,0.651,-12,8,c,0,1.3,36.1347,-49.65413,4562.92,1840.12,2.41,2.21,-63.0,-0.405,19.63,21.63,03a60674o0162c
60676.070487,19.622,0.363,51,19,o,0,1.64,36.1347,-49.65413,7685.35,7606.19,2.12,1.76,-7.2,-0.455,19.3,20.55,04a60676o0088o
60676.073693,-20.91,1.05,-16,16,o,0,1.21,36.1347,-49.65413,7704.74,7644.67,2.12,1.92,-11.0,-0.446,19.29,20.62,04a60676o0095o
60676.079639,20.495,0.818,23,19,o,0,1.42,36.1347,-49.65413,7648.51,7565.62,2.08,1.75,-8.0,-0.462,19.28,20.53,04a60676o0108o
60676.103005,21.802,2.528,7,18,o,0,1.64,36.1347,-49.65413,7632.59,7684.42,1.97,1.75,-7.7,-0.467,19.31,20.48,04a60676o0158o
60677.822821,20.904,0.58,16,9,c,0,1.65,36.1347,-49.65413,7621.34,3718.87,2.41,2.09,-60.2,-0.413,19.6,21.44,03a60678o0093c
60677.825992,20.431,0.431,24,10,c,0,0.79,36.1347,-49.65413,7639.98,3757.98,2.39,2.09,-59.9,-0.41,19.6,21.43,03a60678o0100c
60677.8325,21.806,1.283,7,9,c,0,1.73,36.1347,-49.65413,7585.75,3678.75,2.47,2.17,-57.5,-0.401,19.56,21.45,03a60678o0114c
60677.851053,21.038,0.644,14,9,c,0,1.09,36.1347,-49.65413,7564.42,3792.01,2.51,2.2,-59.7,-0.404,19.58,21.44,03a60678o0154c
60680.077104,19.299,0.291,69,20,o,0,1.05,36.1347,-49.65413,8636.28,5643.78,2.29,1.9,-8.4,-0.433,19.25,20.49,04a60680o0101o
60680.084427,19.378,0.303,64,20,o,0,1.11,36.1347,-49.65413,8577.59,5564.74,2.27,1.88,-10.6,-0.431,19.24,20.47,04a60680o0117o
60680.095981,-21.013,1.23,-14,18,o,0,1.3,36.1347,-49.65413,8559.45,5681.62,2.22,1.88,-12.5,-0.427,19.25,20.47,04a60680o0142o
60681.812083,19.656,0.38,50,19,o,0,1.09,36.1347,-49.65413,6642.83,5694.07,2.59,2.21,-54.5,-0.416,19.02,20.14,03a60682o0070o
60681.818539,-22.521,6.263,-4,22,o,0,0.71,36.1347,-49.65413,6664.98,5735.6,2.74,2.32,-54.7,-0.404,18.93,20.11,03a60682o0084o
60681.82231,20.991,1.234,15,18,o,0,1.11,36.1347,-49.65413,6609.74,5654.41,2.71,2.36,-54.8,-0.409,18.98,20.18,03a60682o0092o
60681.832368,-20.964,1.141,-15,17,o,0,1.18,36.1347,-49.65413,6589.28,5768.02,2.53,2.14,-55.1,-0.421,19.06,20.18,03a60682o0114o
60684.070703,-20.163,0.598,-31,19,o,0,1.43,36.1347,-49.65413,8589.52,1627.45,2.51,2.13,-31.6,-0.394,19.0,19.89,04a60684o0087o
60684.073885,-20.742,1.16,-18,21,o,0,0.83,36.1347,-49.65413,8608.44,1666.12,2.6,2.15,-33.2,-0.372,18.98,19.94,04a60684o0094o
60684.079073,-20.816,1.145,-17,20,o,0,1.34,36.1347,-49.65413,8551.25,1588.02,2.43,2.11,-34.3,-0.418,18.95,19.85,04a60684o0105o
60684.089757,-20.697,1.01,-19,19,o,0,1.56,36.1347,-49.65413,8529.2,1704.28,2.42,2.14,-36.7,-0.41,18.96,19.85,04a60684o0127o
60685.800689,-21.719,2.49,-8,19,o,0,0.94,36.1347,-49.65413,1990.03,7346.52,2.46,2.18,-60.2,-0.392,18.98,19.85,03a60686o0046o
60685.804004,-20.976,1.179,-15,17,o,0,1.05,36.1347,-49.65413,2008.15,7385.53,2.35,2.08,-60.0,-0.398,19.04,19.87,03a60686o0053o
60685.810034,20.148,0.575,32,18,o,0,1.04,36.1347,-49.65413,1955.05,7308.25,2.42,2.16,-60.0,-0.402,19.0,19.86,03a60686o0066o
