MJD,m,dm,uJy,duJy,F,err,chi/N,RA,Dec,x,y,maj,min,phi,apfit,mag5sig,Sky,Obs
60659.274191,-9.375,1.204,-645710,777592,o,0,0.79,338.63612,39.48491,920.06,2889.35,2.15,1.99,44.2,-0.489,14.23,14.41,02a60659o0186o
60659.280299,20.019,0.767,36,27,o,0,1.58,338.63612,39.48491,9668.98,7615.57,2.64,2.47,-59.5,-0.449,18.6,18.89,01a60659o0196o
60659.281526,-15.916,0.531,-1561,828,o,0,1.09,338.63612,39.48491,901.88,2847.95,2.22,1.95,37.5,-0.456,15.37,15.3,02a60659o0202o
60659.283538,20.993,1.899,14,28,o,0,1.39,338.63612,39.48491,9687.3,7654.82,2.76,2.62,-51.8,-0.445,18.41,18.79,01a60659o0203o
60659.284711,-17.859,0.816,-261,213,o,0,0.97,338.63612,39.48491,962.16,2924.8,2.07,1.96,33.6,-0.457,16.71,16.76,02a60659o0209o
60659.289166,-21.092,7.54,-13,100,o,0,1.15,338.63612,39.48491,9626.02,7579.91,2.55,2.41,-59.1,-0.478,17.05,16.8,01a60659o0215o
60659.301955,18.996,1.603,92,147,o,0,1.23,338.63612,39.48491,9603.76,7699.64,2.68,2.57,-60.0,-0.456,16.88,16.48,01a60659o0242o
60660.253846,20.322,0.801,27,22,o,0,1.38,338.63612,39.48491,3638.23,7514.8,2.55,2.38,49.8,-0.408,18.84,19.33,01a60660o0138o
60660.257068,20.578,1.018,21,22,o,0,0.97,338.63612,39.48491,3660.56,7553.36,2.56,2.37,50.1,-0.411,18.86,19.32,01a60660o0145o
60660.279399,20.746,1.121,18,20,o,0,1.81,338.63612,39.48491,3597.89,7473.73,2.54,2.39,45.6,-0.408,18.83,19.21,01a60660o0192o
60660.294442,-20.12,0.741,-32,24,o,0,1.04,338.63612,39.48491,3577.7,7589.12,2.87,2.59,50.5,-0.37,18.62,19.11,01a60660o0224o
60661.289388,20.834,1.1,17,18,o,0,2.0,338.63612,39.48491,6953.56,3040.81,2.04,1.96,27.1,-0.414,18.84,19.32,02a60661o0218o
60661.293114,-20.128,0.737,-32,24,o,0,1.08,338.63612,39.48491,6932.83,3002.46,2.07,1.97,27.5,-0.414,18.78,19.29,02a60661o0226o
60661.299024,20.298,0.82,28,23,o,0,1.38,338.63612,39.48491,6990.89,3079.74,2.11,2.04,26.0,-0.41,18.78,19.24,02a60661o0239o
60661.31302,20.694,1.358,19,26,o,0,1.4,338.63612,39.48491,3631.29,7512.51,3.12,2.81,47.7,-0.355,18.59,19.2,01a60661o0068o
60661.313225,20.183,0.727,31,22,o,0,1.51,338.63612,39.48491,7010.62,2963.52,2.04,1.99,-40.3,-0.413,18.63,19.13,02a60661o0270o
60661.320482,19.808,0.678,43,29,o,0,0.9,338.63612,39.48491,3648.78,7552.06,2.97,2.9,47.5,-0.394,18.55,19.14,01a60661o0084o
60661.326062,20.011,0.643,36,23,o,0,2.1,338.63612,39.48491,3589.07,7474.04,3.12,2.96,49.4,-0.367,18.49,19.11,01a60661o0096o
60661.347558,19.76,0.711,45,32,o,0,1.16,338.63612,39.48491,3562.21,7590.8,3.39,3.29,39.3,-0.297,18.27,18.94,01a60661o0142o
60662.272544,22.254,3.868,5,18,o,0,1.2,338.63612,39.48491,2481.98,8676.26,2.2,2.08,-40.8,-0.416,19.16,20.08,02a60662o0181o
60662.275316,20.163,0.53,31,17,o,0,1.14,338.63612,39.48491,2461.72,8636.87,2.24,2.13,-31.7,-0.41,19.1,20.03,02a60662o0187o
60662.280809,-21.937,3.02,-6,18,o,0,1.15,338.63612,39.48491,2519.34,8713.5,2.22,2.14,-27.7,-0.407,19.05,19.9,02a60662o0199o
60662.302765,20.855,1.136,16,19,o,0,1.2,338.63612,39.48491,2536.91,8596.6,2.12,2.05,-27.5,-0.422,18.96,19.58,02a60662o0247o
60663.202927,20.6,0.794,21,17,o,0,0.94,338.63612,39.48491,2457.01,8696.15,2.03,1.92,-30.1,-0.435,19.27,20.06,02a60663o0028o
60663.206631,20.273,0.533,28,15,o,0,1.1,338.63612,39.48491,2435.7,8655.99,1.98,1.86,-22.9,-0.446,19.45,20.46,02a60663o0036o
60663.212577,21.027,1.007,14,14,o,0,1.96,338.63612,39.48491,2492.99,8732.86,2.01,1.84,-39.0,-0.447,19.49,20.69,02a60663o0049o
60663.229619,20.375,0.411,26,11,o,0,1.52,338.63612,39.48491,2507.17,8613.07,2.0,1.86,-35.5,-0.444,19.48,20.78,02a60663o0086o
60665.230044,22.513,3.391,4,12,o,0,1.42,338.63612,39.48491,4989.92,5966.88,2.87,2.6,50.6,-0.395,19.39,20.74,01a60665o0076o
60665.240748,20.34,0.506,26,13,o,0,1.3,338.63612,39.48491,5011.67,6004.88,3.04,2.59,46.9,-0.368,19.38,20.72,01a60665o0099o
60665.25504,20.892,0.741,16,12,o,0,1.22,338.63612,39.48491,4953.7,5927.2,2.77,2.46,42.8,-0.394,19.41,20.66,01a60665o0130o
60665.264294,20.787,0.699,18,12,o,0,2.18,338.63612,39.48491,4931.72,6043.26,2.65,2.52,42.2,-0.406,19.37,20.61,01a60665o0150o
60665.269556,21.973,2.212,6,13,o,0,1.38,338.63612,39.48491,5561.51,4590.4,2.23,1.86,32.8,-0.442,19.37,20.47,02a60665o0172o
60665.272742,20.26,0.496,29,14,o,0,0.95,338.63612,39.48491,5541.09,4553.34,2.28,1.89,36.4,-0.447,19.36,20.44,02a60665o0179o
60665.292921,20.023,0.359,36,13,o,0,1.59,338.63612,39.48491,5599.93,4626.52,2.19,1.86,29.5,-0.45,19.34,20.36,02a60665o0223o
60665.298843,20.528,0.693,22,16,o,0,1.21,338.63612,39.48491,5620.2,4510.22,2.11,1.88,31.1,-0.446,19.3,20.31,02a60665o0236o
60667.202901,20.416,0.688,25,17,o,0,1.45,338.63612,39.48491,6238.61,8469.23,2.22,2.01,38.2,-0.446,19.06,19.71,02a60667o0025o
60667.206136,21.362,1.438,10,15,o,0,1.65,338.63612,39.48491,6218.58,8429.07,2.2,1.99,35.5,-0.44,19.27,20.14,02a60667o0032o
60667.211621,22.32,3.054,4,13,o,0,2.34,338.63612,39.48491,6274.64,8507.18,2.13,2.03,51.0,-0.442,19.4,20.46,02a60667o0044o
60667.223093,21.048,1.032,14,14,o,0,0.81,338.63612,39.48491,6289.28,8389.59,2.05,1.99,37.2,-0.454,19.47,20.54,02a60667o0069o
60671.282526,19.508,0.265,57,15,o,0,1.87,338.63612,39.48491,8781.75,548.58,2.49,1.82,-57.5,-0.468,19.23,20.42,02a60671o0194o
60671.286704,19.703,0.383,48,18,o,0,1.5,338.63612,39.48491,8761.79,506.08,2.58,1.7,-58.9,-0.495,19.27,20.42,02a60671o0203o
60671.29419,22.679,5.875,3,18,o,0,1.26,338.63612,39.48491,8824.02,581.8,2.55,1.75,-60.3,-0.47,19.29,20.37,02a60671o0219o
60671.317366,19.533,0.405,56,23,o,0,1.28,338.63612,39.48491,8842.59,465.98,2.7,1.66,-57.3,-0.499,19.22,20.14,02a60671o0269o
60673.234705,-21.629,1.576,-8,13,o,0,1.57,338.63612,39.48491,9990.32,10052.37,2.63,2.34,-63.9,-0.457,19.32,20.57,01a60673o0089o
60673.237939,20.94,0.762,15,12,o,0,2.29,338.63612,39.48491,10011.29,10091.55,2.81,2.49,-60.9,-0.425,19.35,20.59,01a60673o0096o
60673.244831,-25.285,42.0,0,12,o,0,2.78,338.63612,39.48491,9946.23,10015.9,2.6,2.44,-71.3,-0.447,19.35,20.63,01a60673o0111o
60673.254957,21.375,1.176,10,12,o,0,1.87,338.63612,39.48491,9924.74,10136.49,2.75,2.54,-65.5,-0.422,19.31,20.62,01a60673o0133o
60674.261027,23.142,7.214,2,14,o,0,1.38,338.63612,39.48491,4335.03,8556.74,2.35,2.29,9.2,-0.416,19.24,20.43,02a60674o0146o
60674.264257,22.046,3.432,6,19,o,0,0.72,338.63612,39.48491,4316.78,8518.3,2.45,2.26,-42.8,-0.422,19.23,20.4,02a60674o0153o
60674.269797,20.619,0.734,20,15,o,0,1.67,338.63612,39.48491,4372.91,8594.59,2.39,2.3,-25.1,-0.418,19.19,20.37,02a60674o0165o
60674.284584,20.057,0.439,34,15,o,0,1.29,338.63612,39.48491,4391.43,8477.31,2.36,2.25,-22.8,-0.424,19.14,20.34,02a60674o0197o
60675.226751,20.029,0.463,35,16,o,0,0.75,338.63612,39.48491,4343.61,8559.4,2.38,2.23,23.4,-0.417,19.24,20.36,02a60675o0005o
60675.22994,22.542,4.684,4,16,o,0,1.11,338.63612,39.48491,4325.15,8521.02,2.73,2.6,16.4,-0.409,19.09,20.4,02a60675o0012o
60675.239996,22.346,4.0,4,17,o,0,1.13,338.63612,39.48491,4379.65,8599.37,2.67,2.6,10.9,-0.413,19.13,20.39,02a60675o0034o
60675.245975,-21.898,2.576,-6,16,o,0,1.52,338.63612,39.48491,4396.91,8481.7,2.73,2.69,15.6,-0.409,19.05,20.42,02a60675o0047o
60677.230417,19.966,0.345,38,13,o,0,1.52,338.63612,39.48491,7687.11,7769.91,2.83,2.71,60.3,-0.393,19.22,20.41,01a60677o0076o
60677.235577,21.261,1.209,11,14,o,0,1.52,338.63612,39.48491,7705.16,7809.68,2.9,2.82,-87.6,-0.389,19.2,20.43,01a60677o0087o
60677.247149,20.484,0.561,23,13,o,0,2.05,338.63612,39.48491,7640.78,7734.34,2.61,2.52,-76.4,-0.419,19.34,20.43,01a60677o0112o
60677.250387,21.021,0.927,14,13,o,0,1.63,338.63612,39.48491,7622.72,7851.65,2.76,2.57,44.5,-0.389,19.24,20.4,01a60677o0119o
60679.203425,19.366,0.426,65,28,o,0,1.15,338.63612,39.48491,1711.3,6764.78,2.17,1.96,20.4,-0.432,18.46,18.63,02a60679o0015o
60679.206599,20.169,0.652,31,20,o,0,1.66,338.63612,39.48491,1694.4,6725.35,2.15,2.01,19.6,-0.436,18.84,19.33,02a60679o0022o
60679.213497,-21.777,2.03,-7,14,o,0,1.18,338.63612,39.48491,1750.88,6798.48,2.05,1.91,18.2,-0.441,19.22,20.01,02a60679o0037o
60679.231956,19.946,0.365,38,14,o,0,1.46,338.63612,39.48491,1765.32,6679.68,2.08,1.94,16.7,-0.436,19.26,20.17,02a60679o0077o
60681.243448,-20.835,0.95,-17,16,o,0,2.33,338.63612,39.48491,8872.9,5704.01,2.58,2.51,70.0,-0.423,19.09,19.97,01a60681o0099o
60681.250428,21.615,1.82,8,15,o,0,2.1,338.63612,39.48491,8892.55,5743.4,2.51,2.42,-81.1,-0.429,19.15,19.92,01a60681o0114o
60681.274514,21.463,1.932,9,18,o,0,1.36,338.63612,39.48491,8826.57,5672.03,2.79,2.64,35.1,-0.388,18.91,19.81,01a60681o0166o
60681.278246,22.534,4.783,4,17,o,0,1.82,338.63612,39.48491,8804.42,5790.2,2.7,2.59,53.4,-0.397,18.91,19.79,01a60681o0174o
60683.259733,20.643,0.934,20,19,o,0,1.3,338.63612,39.48491,3619.6,4687.77,2.26,1.92,33.2,-0.442,18.87,19.44,02a60683o0135o
60683.269974,20.326,0.874,27,24,o,0,1.24,338.63612,39.48491,3598.72,4648.31,2.34,1.99,30.6,-0.438,18.79,19.35,02a60683o0157o
60683.28347,22.598,6.231,3,21,o,0,1.49,338.63612,39.48491,3656.54,4725.2,2.15,2.07,20.4,-0.434,18.74,19.23,02a60683o0186o
60683.286757,-21.142,1.636,-13,21,o,0,1.24,338.63612,39.48491,3677.44,4608.34,2.23,1.99,26.8,-0.441,18.72,19.2,02a60683o0193o
60684.248936,-23.298,13.7,-2,24,o,0,1.24,338.63612,39.48491,312.11,1711.99,2.97,2.86,51.7,-0.351,18.7,19.45,01a60684o0102o
60684.25172,20.288,0.718,28,20,o,0,1.92,338.63612,39.48491,330.52,1752.19,2.72,2.61,44.9,-0.371,18.8,19.43,01a60684o0108o
60684.257301,20.336,0.73,27,20,o,0,1.73,338.63612,39.48491,271.04,1670.9,2.43,2.34,22.3,-0.407,18.87,19.38,01a60684o0120o
60684.275803,-20.353,1.092,-26,29,o,0,1.3,338.63612,39.48491,251.12,1783.65,2.93,2.82,52.5,-0.337,18.53,19.19,01a60684o0160o
60685.208726,15.942,2.563,1525,3907,o,0,1.8,338.63612,39.48491,9992.38,1713.07,2.57,2.44,-33.8,-0.407,12.99,12.4,01a60685o0013o
60685.209188,16.826,7.849,675,5300,o,0,0.97,338.63612,39.48491,328.52,1760.02,2.69,2.46,44.8,-0.441,12.81,12.31,01a60685o0014o
60685.215659,-17.862,5.473,-260,1424,o,0,1.32,338.63612,39.48491,9934.25,1639.42,2.44,2.21,-49.8,-0.461,15.2,14.83,01a60685o0028o
60685.216121,17.408,1.794,395,709,o,0,1.45,338.63612,39.48491,272.52,1679.28,2.39,2.23,33.6,-0.403,14.31,13.87,01a60685o0029o
60685.230916,19.098,0.562,83,47,o,0,0.87,338.63612,39.48491,9916.93,1760.99,2.39,2.23,-43.5,-0.445,18.26,18.62,01a60685o0061o
60685.231378,19.926,1.165,39,45,o,0,0.92,338.63612,39.48491,256.45,1792.89,2.49,2.31,36.2,-0.38,17.06,17.5,01a60685o0062o
60685.237013,23.635,23.375,1,30,o,0,1.51,338.63612,39.48491,10189.54,8869.46,2.66,2.19,-53.4,-0.43,18.66,19.07,02a60685o0033o
60685.247552,19.522,0.605,56,34,o,0,1.35,338.63612,39.48491,10169.22,8829.87,2.67,2.09,-53.6,-0.425,18.61,19.0,02a60685o0056o
60685.250765,20.073,0.78,34,26,o,0,1.79,338.63612,39.48491,10226.86,8910.31,2.63,2.11,-51.8,-0.437,18.62,19.04,02a60685o0063o
60685.256268,19.628,0.682,51,35,o,0,1.34,338.63612,39.48491,10247.24,8792.89,2.69,2.06,-52.5,-0.434,18.63,18.99,02a60685o0075o
60687.222777,-20.044,0.652,-35,23,o,0,1.7,338.63612,39.48491,8910.48,2999.61,2.36,2.29,-14.2,-0.399,18.51,19.06,02a60687o0011o
60687.22826,-20.303,1.073,-28,30,o,0,1.11,338.63612,39.48491,8888.2,2961.93,2.45,2.38,-39.4,-0.41,18.49,19.04,02a60687o0023o
60687.244825,-20.761,2.074,-18,37,o,0,0.89,338.63612,39.48491,8941.31,3035.22,2.78,2.55,-55.5,-0.408,18.37,18.95,02a60687o0059o
60687.254608,-20.137,1.04,-32,33,o,0,0.98,338.63612,39.48491,8961.75,2920.9,2.73,2.51,-52.6,-0.395,18.28,18.88,02a60687o0080o
