ZTF 2021pom req00381146 184.50780833333332 -20.857608333333335 0.032269 0.032312406615303324
++++++++++++++++++++++++++++++++++++++++++++++++++++++++++++++++
t0, 59383.72902037457, 1.8559205049677985
x0, 0.0005975654269650683, 0.00031725195267891324
x1, -2.5470966286463623, 0.6596945813874959
c, 0.6128878200643112, 0.46026312486111337
mu, 35.837924855070014, 1.0926891800778087
hostMass, 10.663880527855868, 0.000928960190165358
++++++++++++++++++++++++++++++++++++++++++++++++++++++++++++++++
zp, 26.2211, 26.2771, 26.1763, 26.2072, 26.2155, 26.1466, 26.2076, 25.8684, 26.2082, 26.2097, 26.2002, 26.2033, 26.1237, 26.2058, 26.2464, 26.2045, 26.0824, 26.2443, 26.1204, 26.1691, 26.1984, 26.1469, 26.1758, 26.1106, 26.156, 26.0832, 26.1259, 26.0946, 26.2249, 26.1843, 26.122, 26.1993, 26.0881, 26.0823, 26.0946, 24.6355, 24.0379, 25.9069, 26.2615, 26.2153, 26.2359, 26.2914, 26.2525, 26.2466, 26.1874, 26.2968, 26.3784, 26.1574, 26.0498
filters, ZTF_r, ZTF_g, ZTF_r, ZTF_g, ZTF_r, ZTF_r, ZTF_r, ZTF_r, ZTF_r, ZTF_r, ZTF_r, ZTF_r, ZTF_r, ZTF_r, ZTF_g, ZTF_r, ZTF_r, ZTF_g, ZTF_r, ZTF_g, ZTF_r, ZTF_r, ZTF_g, ZTF_r, ZTF_r, ZTF_r, ZTF_r, ZTF_r, ZTF_g, ZTF_g, ZTF_r, ZTF_g, ZTF_r, ZTF_r, ZTF_g, ZTF_r, ZTF_g, ZTF_g, ZTF_g, ZTF_r, ZTF_r, ZTF_g, ZTF_r, ZTF_g, ZTF_r, ZTF_r, ZTF_g, ZTF_g, ZTF_r
time, 59228.479687499814, 59230.48031250015, 59233.48899309989, 59249.43876159983, 59249.48162040021, 59253.483275500126, 59255.41745370021, 59260.397488399874, 59264.507337999996, 59266.375694400165, 59269.37634260021, 59271.44045139989, 59273.44057870004, 59275.377175900154, 59290.330196800176, 59290.33862269996, 59300.40471060015, 59302.31630790001, 59304.31486110017, 59310.2509606001, 59312.30592590012, 59334.33247689996, 59336.2512730998, 59336.293298599776, 59341.20923609985, 59345.18973380001, 59348.17333329981, 59352.233969899826, 59354.17755790008, 59356.18917819997, 59356.231087999884, 59361.23150460003, 59366.189722199924, 59368.21120369993, 59370.21909719985, 59372.18336809985, 59372.19504630007, 59374.2248958, 59600.459907399956, 59623.397083300166, 59629.46149310004, 59630.39765049983, 59630.48233800009, 59637.35781250009, 59639.441064800136, 59641.35729169985, 59641.377766199876, 59672.295567099936, 59676.35495370021
flux, 13.9667987089994, 45.8575812187314, 3.41919340608134, 5.25641920885013, 100.47303756679, 62.6747446437117, 2.84855814832472, 23.3273928471086, 48.9636167913233, 36.1194274402733, 84.6036056055233, 132.985799882097, 118.402000555939, 26.7139022066237, 9.74514641568749, 19.5789824919431, 68.3493484732144, 42.279115851176, 42.6771406380197, 12.414118609567, 14.5172271964867, 9.55970633946846, 28.6171103923731, 20.9531385330729, 0.541659424618544, 10.2660848692063, 49.5579710056803, 55.8812235226153, 27.9646978086125, 93.791857567392, 71.7668201119674, 116.686259233219, 79.8703997574142, 43.2309149368863, 4.95012985106896, 97.6895304152479, 55.2112884663002, 284.922826969422, 29.9545602158183, 109.720319614538, 6.88245640612926, 50.8108009005545, 39.842414028229, 32.076503908775, 13.3588558922803, 19.1116292732027, 2.15196783066721, 12.1205427214641, 15.5642550854798
dflux, 38.8665634509511, 33.4685000302158, 43.6279401353775, 82.4318091313019, 62.7632643277821, 34.908595987714, 31.095629047524, 45.5505049226865, 45.2472489983472, 67.9198165367978, 53.7197985222503, 119.547839910273, 197.583296338674, 94.0498985174006, 30.638929463312, 34.508096675692, 230.557496741263, 124.181639643948, 113.270500790981, 29.1293310479102, 36.0426868311908, 71.9858876551322, 31.3731159317817, 47.1369663015182, 36.0164014499571, 36.9229933820638, 34.6657637760247, 70.3562512003317, 55.2774856513748, 112.174049059984, 112.175316556375, 92.6776587373206, 41.2730863698698, 35.4823205178632, 46.1314838680846, 56.8453361660114, 51.4643744482555, 43.9552390345842, 75.6855275956986, 65.3635569895762, 94.2952221069007, 76.2385537998631, 79.0531078708942, 40.1549906874934, 79.0374080510882, 39.8060293098794, 35.2679100642678, 25.2017517564758, 76.068959407371
mag, 23.358357814767892, 22.123572140209106, 24.841490831791592, 24.405475015759972, 21.210376169165706, 21.653868567040355, 25.07103727688932, 22.44873449199818, 21.98351627421, 22.315347856686802, 21.381727819907912, 20.893786825441143, 20.94030239895114, 22.6389566705286, 23.774429078629254, 22.97502470492985, 21.49556405225892, 22.17898525829388, 22.044911714843924, 23.434310273759195, 23.29369081588403, 23.69578862106373, 22.534235552925914, 22.807477289082463, 26.821684239831445, 23.55468787442455, 21.888116206863586, 21.7264352338775, 22.608374673430177, 21.25388715690529, 21.48219074081535, 21.031750706727614, 21.332135354713095, 21.992813932456862, 24.35805852142211, 19.66087994501541, 19.682830294019112, 19.770081888223473, 22.57034263053168, 21.114582339922052, 24.14154132692974, 22.026509898772773, 22.251635889515338, 22.4811324313833, 23.37297683761267, 23.093555719018713, 25.54631056284421, 23.448594833332745, 23.06947915019174
dmag, 3.021367743068344, 0.7924090463579341, 13.853686679388266, 17.026647997753376, 0.678235176917942, 0.6047336409052847, 11.85218925109156, 2.120075426508253, 1.003328177586787, 2.041643765162086, 0.6893976887932085, 0.9760246440335141, 1.8118219057402736, 3.82248085976098, 3.4135756995764868, 1.9136178263387709, 3.6624287880216637, 3.1890095006360872, 2.8816804922142247, 2.5476451719079223, 2.6956146294190972, 8.17574114554953, 1.1902993473564143, 2.442512887285569, 72.19353941257026, 3.9049580452299453, 0.7594716658794146, 1.3669766755997166, 2.1461618462873298, 1.2985287791260414, 1.6970628247936088, 0.8623422339933473, 0.5610549626652439, 0.8911317299526345, 10.118244111124751, 0.6317876571301253, 1.0120527186736898, 0.16749726554499544, 2.743305756951745, 0.6468043526011857, 14.875464592288886, 1.6290819391148608, 2.1542575521005083, 1.3591795201622778, 6.423736893594707, 2.2613899930589874, 17.793782173371497, 2.257527153212695, 5.306442411371946
