ZTF 2022xhh req00381134 64.1733759834313 -12.18359033747551 0.0315 0.03259769607704932
++++++++++++++++++++++++++++++++++++++++++++++++++++++++++++++++
t0, 59868.68105752682, 0.09393305254343431
x0, 0.0005649979591419784, 1.5097491131814913e-05
x1, -3.508846151394211, 0.10414335093843796
c, 0.5624474453869145, 0.020687605434273837
mu, 35.90193595387127, 1.0858577324160374
hostMass, 10.79645631191364, 0.0017011828138871884
++++++++++++++++++++++++++++++++++++++++++++++++++++++++++++++++
zp, 26.2532, 26.2001, 26.1814, 26.1697, 25.5267, 26.137, 26.1111, 25.9531, 26.0837, 26.0617, 26.1176, 26.1658, 26.2608, 26.2954, 26.2566, 26.2014, 26.1561, 26.2049, 26.0604, 26.1423, 25.8958, 26.2223, 26.2138, 26.1838, 26.1904, 26.1982, 26.2504, 26.1267, 26.1646, 26.2551, 26.2084, 24.2311, 26.1781, 26.1988, 26.2647, 26.2487, 26.2701, 26.2963, 26.2104, 26.1041, 25.7758, 25.1162, 26.1887, 26.0668, 26.2097, 26.2974, 26.2095, 26.277, 26.1846, 26.2066, 26.2321, 26.2589, 26.2244, 26.2578, 26.2095, 26.2727, 26.2278, 26.2793, 26.2198, 26.2144, 26.2767, 26.2105, 26.2943, 26.2833, 26.2386, 26.2129, 26.2459, 26.2141, 26.3073, 26.1533, 26.1349, 26.2133, 26.2644, 26.2826, 26.2199, 25.8175, 25.8489, 26.2857, 26.2887, 26.2384, 26.2982, 26.2061, 26.1776, 26.2331, 24.2253, 26.294, 26.2174, 26.184, 26.2455, 23.448, 26.2854, 26.2164, 26.2436, 26.1438, 26.1485
filters, ZTF_g, ZTF_g, ZTF_g, ZTF_g, ZTF_r, ZTF_g, ZTF_g, ZTF_r, ZTF_r, ZTF_r, ZTF_r, ZTF_g, ZTF_g, ZTF_g, ZTF_g, ZTF_g, ZTF_r, ZTF_g, ZTF_r, ZTF_r, ZTF_g, ZTF_g, ZTF_g, ZTF_g, ZTF_r, ZTF_g, ZTF_g, ZTF_r, ZTF_g, ZTF_g, ZTF_r, ZTF_g, ZTF_r, ZTF_r, ZTF_g, ZTF_g, ZTF_g, ZTF_g, ZTF_g, ZTF_r, ZTF_g, ZTF_i, ZTF_g, ZTF_g, ZTF_r, ZTF_g, ZTF_r, ZTF_g, ZTF_g, ZTF_r, ZTF_g, ZTF_g, ZTF_r, ZTF_g, ZTF_r, ZTF_g, ZTF_r, ZTF_g, ZTF_r, ZTF_r, ZTF_g, ZTF_r, ZTF_g, ZTF_g, ZTF_r, ZTF_g, ZTF_g, ZTF_g, ZTF_g, ZTF_r, ZTF_g, ZTF_r, ZTF_g, ZTF_g, ZTF_r, ZTF_g, ZTF_g, ZTF_g, ZTF_g, ZTF_g, ZTF_r, ZTF_r, ZTF_g, ZTF_r, ZTF_g, ZTF_g, ZTF_r, ZTF_g, ZTF_g, ZTF_r, ZTF_g, ZTF_r, ZTF_g, ZTF_r, ZTF_g
time, 59622.13166669989, 59624.19499999983, 59627.19377310015, 59629.19402780011, 59630.14942129981, 59636.172627300024, 59639.18759260001, 59810.46023150021, 59816.48673610017, 59818.442893499974, 59829.46129629994, 59829.48981480021, 59840.48287039995, 59842.47454860015, 59849.4601619998, 59851.48106480017, 59857.40138889989, 59857.44090279983, 59859.318784699775, 59861.36304400023, 59861.45493059978, 59862.408391200006, 59863.3974768999, 59864.412986100186, 59865.38392359996, 59865.41642360017, 59865.41884260019, 59867.39762730012, 59867.43756939983, 59871.3865278, 59871.4168866002, 59873.39822919993, 59873.44018519996, 59876.39333330002, 59876.42143520014, 59878.37754630018, 59880.36717589991, 59881.39333330002, 59881.39428240014, 59882.37173609994, 59882.397210599855, 59882.44148149993, 59887.2747105998, 59889.23091439996, 59889.363842600025, 59894.3766319002, 59895.31151620019, 59895.330567100085, 59897.25600690022, 59897.31428240007, 59899.27611109987, 59900.31475690007, 59900.364988400135, 59902.325057900045, 59902.36171300011, 59904.29396989988, 59904.337534700055, 59906.28651619982, 59906.31450230023, 59909.25232640002, 59909.29401620012, 59913.27287039999, 59913.31767359981, 59922.25238429988, 59922.27635420021, 59922.343877300154, 59922.34528939985, 59923.30988429999, 59923.311770800035, 59928.249317099806, 59928.31656249985, 59932.24542819988, 59932.25300930021, 59934.229050899856, 59934.27482639998, 59935.260509300046, 59935.26144680008, 59937.256169000175, 59951.19020830002, 59951.22923609987, 59951.24968749983, 59951.25348380022, 59956.276713000145, 59958.215694400016, 59958.27784720017, 59968.17122690007, 59968.211736099795, 59970.2652431, 59978.143368099816, 59978.20877309982, 59982.10696760006, 59982.171423600055, 59984.17017359985, 59991.16987269977, 59994.1947337999
flux, 83.8673828705481, 77.6822059460653, 136.419749268625, 118.521212337368, 10.5021587513445, 97.0413350684265, 25.6515101874881, 66.4485507882073, 30.043916181743, 30.4095375430933, 15.6060528717139, 36.6653665919309, 33.2414840409549, 30.3994638935063, 21.1805900682358, 42.8324035409752, 141.587374392706, 153.064636756467, 332.588286209887, 782.140742625625, 463.223565431607, 931.868256322784, 1180.34573134474, 1170.92644128084, 1630.80471300109, 1354.03842993732, 1409.61640195691, 1809.07678702788, 1476.87184142263, 1207.31154378501, 2040.27222059548, 204.019643126662, 2176.23626188605, 1701.26282054695, 662.918023912362, 459.864722362168, 412.378440593223, 365.85050268272, 383.469925979045, 947.476039251825, 230.687058161104, 316.228611980773, 352.933488665788, 267.3993585185, 655.742518009828, 420.582040545072, 473.9119739078, 229.50688880305, 189.186671166364, 347.280993144748, 221.896119372882, 194.7280212621, 278.410884540499, 171.969665436996, 232.234421654294, 175.925209266954, 336.911449979846, 109.463360044454, 271.896482283596, 299.239139454366, 157.550046374145, 116.401225496305, 93.6563672723826, 187.610743149599, 171.167149154969, 76.2484389703477, 149.630731645977, 225.286781210002, 36.0595853280724, 91.1427737808895, 140.606526462115, 25.9326480420232, 59.5994734489794, 84.7581502486967, 65.3878463697258, 141.127661295098, 8.73572558227956, 119.363154811041, 120.101580800797, 221.579402905623, 41.8680734844695, 102.9823181216, 69.2322049841212, 5.30798909068405, 90.0325157692377, 38.0289071383886, 51.7440227771452, 0.905799299499068, 7.56759261647175, 194.91698253571, 35.5335948493636, 15.8652313137703, 76.0859189126307, 52.2266125017067, 0.632617495998179
dflux, 63.2036489449878, 68.5504362930361, 90.8921319159467, 105.010347497235, 50.0150572218945, 47.5224739134141, 66.3608155934051, 47.3726908305617, 27.7649386487817, 30.3376989592215, 26.084864671382, 26.1012622373891, 24.6784456077529, 34.0890374367934, 24.7560041374078, 20.311989133514, 27.1684699090957, 21.7594621987539, 63.5772127681735, 76.0320585636091, 128.723130470069, 92.2967475115727, 92.2560657972292, 90.1293757557617, 63.8846666197755, 83.4045513249234, 70.4442487099706, 59.1537493745144, 60.0912369017644, 51.1858731847873, 54.9032550760292, 29.8115300484406, 36.2718613977433, 53.9702416232833, 47.2063713487004, 35.7153353172061, 33.6671328454714, 29.4504376202264, 29.0223051299522, 36.9470446347766, 33.9105361275548, 30.3625794599231, 84.3018071707057, 105.316363554114, 71.3846170112935, 141.45271960223, 52.9714686101752, 55.1188132351009, 46.7134994183899, 46.2546380042892, 57.3185763142399, 52.7758549922675, 65.7390953356034, 44.4380033320662, 58.0628619334067, 38.2885565262496, 39.7090297434502, 32.1863264962182, 33.6719320258595, 34.5780725269911, 25.966571250454, 45.0788037545601, 32.9233855034498, 74.626430220144, 54.5538629800708, 92.9160934256173, 80.4025205543096, 72.2520991715724, 80.8859501577016, 41.4057264393309, 44.0706826735055, 34.3584066405093, 29.6302611826186, 29.3103130782672, 33.4313514211594, 35.6365151764682, 35.1247334590639, 42.1630752036799, 101.187457294964, 103.675631304746, 93.7546242423633, 89.0204715703546, 53.9766409565595, 35.9591570402451, 57.1874358377087, 39.3930202187691, 62.4264968157346, 75.4725979154414, 73.1992804558514, 195.677139691069, 58.871678249874, 83.17392141942, 46.5904891943723, 54.37627206109, 44.2855948800846
mag, 21.44421727294441, 21.47429612559897, 20.84420688252883, 20.985209787075135, 22.973503552936197, 21.169608092986074, 22.588317653691732, 21.396886215943375, 22.38930864577508, 22.35417546098543, 23.13436731518156, 22.25515992108271, 22.456598989264748, 22.58823518819398, 22.94175486271851, 22.12196888619546, 20.778538679398924, 20.74271283702826, 19.755632626847124, 18.909087726538743, 19.231323387468706, 18.79891370515662, 18.53377691558378, 18.512475967163777, 18.15939510528387, 18.369122523630747, 18.377647638891617, 17.983057497340873, 18.241242974614224, 18.550551617034884, 17.934179708867617, 18.456920041106535, 17.83383489368528, 18.121871472440933, 19.211050432244726, 19.592124763035365, 19.73186011996589, 19.888040859761645, 19.75107172592046, 18.66267941026593, 19.868241923177933, 18.86619709547186, 19.8194678273735, 19.998899097324298, 19.167866639970534, 19.737773190623887, 19.520255795584323, 20.375010685728007, 20.492373660887466, 19.854897462960054, 20.36672573213607, 20.53532887307623, 20.112684474705844, 20.669170384114558, 20.294683522361538, 20.659379809243255, 19.90901057303276, 21.181128062638706, 20.13379102787481, 20.024354007154603, 20.783153661643357, 21.045606118298636, 21.365456728923693, 20.60015574062532, 20.65504895647353, 21.507322607936672, 20.808348001245882, 20.332260724817957, 22.414748179528043, 21.253994396279815, 20.76488630105186, 22.678682835407855, 21.826293942898268, 21.462146324616114, 21.68115741608027, 20.443469638356046, 23.495652542588957, 21.093524277901537, 21.089828190723686, 20.374576530664214, 22.243492555636344, 21.174193341184363, 21.576829590688774, 24.420774945990647, 19.33930153560082, 22.34371538753514, 21.932749526505088, 26.291420048787675, 24.04810563799439, 17.723375801125407, 22.408802134367967, 23.215283978848777, 21.540339274774826, 21.849070355641405, 26.64564700295087
dmag, 0.8182261993132106, 0.9581047503609551, 0.7233914361962668, 0.9619673466352985, 5.170666307248689, 0.5316999238641344, 2.8088147458197414, 0.7740461596458325, 1.0033778197078436, 1.0831712939553628, 1.8147626566943815, 0.7729115521050062, 0.8060495085155057, 1.2175116725809028, 1.269015163910908, 0.5148779935230724, 0.20833631201058156, 0.15434679365477663, 0.20754814454461595, 0.10554463436826264, 0.301710391204253, 0.10753657469816834, 0.08486136568703138, 0.08357205279556779, 0.04253231237630508, 0.06687796964479427, 0.054258641666877404, 0.0355017364678726, 0.04417663717537517, 0.04603149532948882, 0.029216910956039024, 0.15864873105766503, 0.018096230553311415, 0.0344434996182453, 0.07731524052724344, 0.08432356459057724, 0.08864097014433878, 0.08740019799299299, 0.08217219993127414, 0.042338531379154776, 0.15960105040134437, 0.10424658155709575, 0.25933930077858286, 0.4276217770225396, 0.1181940487667544, 0.365161428992228, 0.12135806743841486, 0.2607524828769254, 0.2680872667027428, 0.14461008840294523, 0.28045940454276713, 0.2942599433347247, 0.25636682988107545, 0.28056081264254273, 0.2714539511585588, 0.23630082477530281, 0.12796695170477176, 0.3192470974852076, 0.13445865638879967, 0.12546041036552508, 0.1789453393948647, 0.42047400355892794, 0.3816730529426247, 0.43187621221348654, 0.3460424762543266, 1.3230745179752141, 0.5834090802036191, 0.3482082682310673, 2.435435786175304, 0.4932447676833386, 0.34030522587446627, 1.4385019982154117, 0.5397807306133972, 0.3754596813232668, 0.5551127713668367, 0.27416209114148105, 4.365544045523818, 0.3835184929983055, 0.9147497070414893, 0.5080092507824673, 2.431274750230921, 0.9385373208885835, 0.8464903481163043, 7.355357749277726, 0.6896449467827147, 1.1246820244062536, 1.309884776858035, 90.46521902744435, 10.502033206744251, 1.0899704696975328, 1.7988360812307405, 5.692002593025351, 0.6648402442756353, 1.130425360340493, 76.00560214474427
