ZTF 2023dk req00381173 77.77631949389749 -1.0803024787910513 0.02844 0.0280070621136308
++++++++++++++++++++++++++++++++++++++++++++++++++++++++++++++++
t0, 59957.25050710843, 0.13282843116758158
x0, 0.0018779694768153352, 2.734654055841759e-05
x1, -0.9530696494325885, 0.12608799271282894
c, 0.27791712110641137, 0.013618185487030351
mu, 35.83676599955771, 1.0859095764281503
hostMass, 10.658403563986226, 0.0008657073789887531
++++++++++++++++++++++++++++++++++++++++++++++++++++++++++++++++
zp, 26.0895, 26.2002, 26.1544, 26.3504, 26.3798, 26.3778, 26.3562, 26.3402, 26.0092, 26.2644, 26.2035, 26.3624, 25.315, 26.3754, 26.3953, 26.3584, 26.2148, 26.0158, 26.1903, 25.9808, 26.3486, 26.3624, 26.4217, 26.0719, 26.3061, 26.2135, 26.3794, 26.4174, 25.25, 26.3817, 24.2382, 26.364, 26.4132, 26.3795, 26.376, 26.4095, 24.6619, 26.3718, 26.4026, 26.3623, 26.3668, 26.3637, 26.2949, 26.3057, 26.3075, 26.277, 26.2089, 26.3583, 26.2603, 26.2524, 26.2477, 26.385, 26.3482, 26.3118, 26.3651, 26.3853, 26.3777, 26.3578, 26.2336, 26.3512, 26.4125
filters, ZTF_g, ZTF_g, ZTF_g, ZTF_g, ZTF_r, ZTF_r, ZTF_g, ZTF_g, ZTF_g, ZTF_g, ZTF_g, ZTF_g, ZTF_g, ZTF_r, ZTF_r, ZTF_g, ZTF_g, ZTF_r, ZTF_r, ZTF_r, ZTF_g, ZTF_g, ZTF_r, ZTF_g, ZTF_g, ZTF_r, ZTF_g, ZTF_r, ZTF_r, ZTF_g, ZTF_g, ZTF_g, ZTF_r, ZTF_g, ZTF_g, ZTF_r, ZTF_r, ZTF_g, ZTF_r, ZTF_g, ZTF_g, ZTF_r, ZTF_g, ZTF_g, ZTF_r, ZTF_r, ZTF_g, ZTF_r, ZTF_g, ZTF_g, ZTF_g, ZTF_r, ZTF_g, ZTF_g, ZTF_g, ZTF_r, ZTF_g, ZTF_g, ZTF_g, ZTF_g, ZTF_r
time, 59823.44821760012, 59825.4740046002, 59827.448379599955, 59839.46844909992, 59843.445983800106, 59850.50034719985, 59856.45826390013, 59858.46060189977, 59861.46344910003, 59863.39488429995, 59864.446608799975, 59865.441076400224, 59873.41952549992, 59873.442534700036, 59876.41609949991, 59880.39865740016, 59881.386724499986, 59882.4637616002, 59883.384710600134, 59888.37038190011, 59897.44827549998, 59922.29641199997, 59922.36408559978, 59933.30876159994, 59935.25346060004, 59937.24374999991, 59951.212580999825, 59951.27349539986, 59953.24909720011, 59956.252569399774, 59958.29468750022, 59967.18921299977, 59969.1492130002, 59969.188877299894, 59972.1713657002, 59972.22747689998, 59978.20688659977, 59980.14438659977, 59980.234479200095, 59983.12800930021, 59985.13275460014, 59991.14829860022, 59991.19303240022, 59994.192847200204, 60013.22480319999, 60021.1668866002, 60031.173692100216, 60184.48229169985, 60186.48429400008, 60191.44439810002, 60196.48376160022, 60217.437673599925, 60221.42755790008, 60223.406134299934, 60228.4423727002, 60244.3500926001, 60244.38049770007, 60246.42939809989, 60249.374317099806, 60251.35981479986, 60251.412199100014
flux, 25.1170419827397, 106.856935098851, 11.4480203683611, 57.1356072743775, 110.236914077874, 63.361146364947, 5.27165265351772, 43.1925954781944, 84.3537562500404, 63.3017438619689, 38.4097648214155, 185.54132908135, 41.6969053233566, 81.5361734977764, 28.8979883600463, 28.4013917657428, 22.2674084270431, 55.656007740779, 273.577918974373, 193.571289506948, 1.80929456115385, 74.4710464727722, 11.2772261566529, 0.33487028239294, 7.13785557268273, 115.622234718554, 3769.41782805208, 3414.85212658746, 1514.70412077576, 4534.68529067997, 641.548743792752, 2369.64434979415, 3400.80131697472, 1903.52716724743, 1646.1974929431, 3418.99292836275, 648.544436628472, 1237.42703434784, 2415.51778192748, 1004.28491483619, 819.81918039718, 926.549517773826, 762.956470520778, 742.99146637537, 634.574022486983, 1134.14363143217, 529.231144282523, 331.563262745046, 27.6535488532876, 52.8182881741963, 15.6070767409251, 84.4966766615825, 52.710097269982, 64.8606758613837, 47.4174831730915, 131.085973274867, 22.1023136917218, 76.2139370061647, 29.8591938105066, 105.020941729442, 42.5473115893215
dflux, 36.2969398531808, 29.3177427479429, 35.5617347256769, 41.8367103091581, 33.7075203178841, 27.8437219674429, 26.1151163687233, 23.3263253224017, 95.5169787126308, 91.371238763719, 63.6560119921942, 67.6113644236328, 25.5836288530403, 30.7273657018314, 52.022731846876, 35.4139903506441, 24.9504253052505, 48.7139769854292, 38.6311839907805, 73.2836015213379, 63.3820505686497, 90.2017902745106, 74.8114355705672, 43.5544664243472, 34.6921062546293, 72.3447473295263, 126.840023673605, 116.122785073091, 83.1846377271051, 60.4601208157182, 59.5859340217594, 74.7235905801879, 63.6959246316518, 52.2853879465089, 56.0831611593289, 58.2150434767628, 221.034867965819, 74.5765370141542, 73.3911622725084, 38.186865599952, 53.9999229612807, 59.175839394279, 52.6705136135857, 41.3576520927527, 80.6789733748026, 75.5533491713383, 72.1386041838377, 44.9984158790565, 78.2455989270027, 80.3986166890663, 39.4026986026284, 106.851763198999, 88.9443442975091, 51.3650150431718, 34.4994775732403, 63.3754613941265, 77.2462139437413, 135.099448785051, 100.191978929017, 55.5760025795023, 42.6221646420675
mag, 22.589578771236067, 21.12819321633228, 23.507574016373024, 21.95813288073689, 21.273982381772118, 21.873242434628047, 24.551333032278567, 22.25167674514927, 21.193938934069962, 21.760860814245778, 22.242395879904954, 20.691298341904456, 21.26474044115452, 21.597024184742, 22.74313097049087, 22.725050943775695, 22.84562581252577, 21.652019873119055, 20.097597395802453, 20.263697642018265, 25.704826805805617, 21.682431358437192, 23.791194275039942, 27.259708479055796, 24.17218060950704, 21.055896602353013, 17.438714299278697, 17.58397024459561, 17.299180482696137, 17.240332119505133, 17.22012585268093, 17.92729207644332, 17.584246849646306, 18.180602301324914, 18.33479516012664, 17.574754493676995, 17.632050654495707, 18.640501000206896, 17.94507440272521, 18.857657651773632, 19.08250481298972, 18.9465284140919, 19.088650598598726, 19.128240435744495, 19.30129427638746, 18.640329853933267, 19.39978651574625, 20.056883988360582, 22.65592281654925, 21.94543919565631, 23.26439608542115, 21.5679009298719, 22.04346545586853, 21.781846325507438, 22.175253753111264, 21.09140944268998, 23.016605653914734, 21.65271400828444, 22.545904805691492, 21.298010229213375, 22.340319690523632
dmag, 1.5690104649932946, 0.2978874016350467, 3.3726934136531286, 0.795014409360783, 0.33198929313239606, 0.47712105524733095, 5.378603105446063, 0.5863559632420643, 1.229420556568799, 1.5671773942888412, 1.7993767259941, 0.3956428822161494, 0.6661662749184656, 0.409165797071515, 1.9545638517443102, 1.3538157494483607, 1.2165573810183974, 0.9503112177443002, 0.15331381731675597, 0.41104576814871935, 38.03481672460545, 1.3150795386098322, 7.202611972192884, 141.21486307473714, 5.277001670387555, 0.6793443457573691, 0.03653476801912811, 0.036920694448169956, 0.05962654463097831, 0.014475920136884684, 0.10084129458254223, 0.03423725068684719, 0.02033549302720489, 0.02982260492532693, 0.036989194072462296, 0.018486783005622166, 0.3700371865225254, 0.06543452180561517, 0.032988141335517134, 0.04128396425722955, 0.0715153692609495, 0.06934259858210329, 0.07495353373769843, 0.06043609146687547, 0.1380391873159102, 0.0723285872377638, 0.14799486985866395, 0.14735169654277058, 3.072085975976905, 1.6526792512481707, 2.7411242443589154, 1.3729868727528565, 1.832098588583714, 0.8598253988225389, 0.7899477015648306, 0.5249152995545215, 3.794580618533569, 1.9246133784846287, 3.6431679850481262, 0.5745604364494533, 1.0876463294275136
