ATLAS 2018ame 1150925521252818000 227.3563931337691 25.471542558881964 0.022
++++++++++++++++++++++++++++++++++++++++++++++++++++++++++++++++
t0, 58163.52868749647, 0.32030154858512105
x0, 1.475856913256928, 1.106895410637709
x1, 0.670183578903859, 0.292224296317537
c, -2.8886114882931184, 0.6175463106941002
mu, 38.282989687767724, 1.0907563686281514
hostMass, 8.986036224321298, 0.005711110761032731
++++++++++++++++++++++++++++++++++++++++++++++++++++++++++++++++
zp, 21.305, 21.865, 22.058, 22.218, 22.221, 22.224, 22.225, 22.185, 22.084, 22.179, 22.005, 21.845, 21.534, 22.277, 22.276, 22.276, 22.273, 22.238, 22.235, 22.227, 22.228, 22.257, 22.247, 22.263, 22.261, 22.26, 22.254, 22.252, 22.249, 21.342, 21.579, 21.134, 22.047, 22.223, 22.236, 21.896, 22.233, 22.231, 22.227, 22.221, 22.267, 22.255, 22.233, 22.278, 22.271, 22.146, 22.263, 22.335, 22.331, 22.32, 22.27, 22.279, 22.279, 21.614, 22.232, 22.255, 22.244, 22.264, 22.262, 22.254, 22.264, 21.251
filters, o, o, o, o, o, o, o, o, o, o, o, o, o, o, o, o, o, o, o, o, o, o, o, o, o, o, o, o, o, c, c, c, o, o, o, o, o, o, o, o, o, o, o, o, o, o, o, c, c, c, o, o, o, o, o, o, o, o, o, o, o, o
time, 58177.64533865, 58177.65677915, 58177.66710645, 58179.47868955, 58179.48945365, 58179.49675405, 58179.50364185, 58183.62403925, 58183.64634445, 58183.65819805, 58185.61978755, 58185.63704335, 58185.65064835, 58205.55727175, 58205.57592235, 58205.58027935, 58205.59723465, 58207.49549955, 58207.50112065, 58207.50967225, 58207.51506565, 58213.56883595, 58213.57238735, 58213.59308495, 58213.60618765, 58221.56242725, 58221.57844485, 58221.58454275, 58221.59641885, 58227.53768045, 58227.54714665, 58227.56598535, 58231.50206375, 58231.51852835, 58231.52541955, 58231.54000305, 58247.50281725, 58247.50728635, 58247.52698575, 58247.54051865, 58249.50219995, 58249.50685495, 58249.51898015, 58253.47462015, 58253.49719405, 58253.50993095, 58257.45478335, 58259.45422025, 58259.46413375, 58259.48958355, 58261.45010365, 58261.45651675, 58261.46978535, 58263.46430055, 58275.43411305, 58277.44837955, 58277.47058805, 58281.41764125, 58281.42859405, 58281.45121235, 58289.39521685, 58721.30897305
flux, 392.8787428590232, 406.7925169413055, 424.1413581980147, 546.8949503008695, 505.4042169422974, 493.01233456135907, 489.06429175954634, 449.3264812100462, 460.9260470579428, 435.5619605168112, 377.2229204158877, 384.51009775607463, 300.46480183739243, 199.86701774309898, 222.1638326994495, 226.55463751749954, 219.38448798664504, 214.1244973225464, 232.83467484444577, 264.38639507884307, 249.4422204896528, 177.66628473174924, 163.9656989709452, 196.82911184574303, 141.10194261841767, 143.83961305957882, 134.0040537836898, 129.0464247536883, 129.78123279257272, 100.65786648895084, 80.003196229536, 102.27254801986601, 129.86197083257434, 104.22786382775062, 103.82558590148209, 176.84392846505668, 59.057158461367976, 84.75814003309034, 53.98404586172496, 64.37558889116879, 55.985966896346945, 61.62823544858, 66.30263809058094, 85.88148599902765, 60.64701168430316, 110.19535306935515, 53.430623430202225, 34.919068192235315, 37.39779975202653, 41.52269188540373, 52.314182402913566, 74.32045330800825, 66.89372412351946, 259.50819296871316, 51.73779554112808, 68.15769324414198, 54.68505799988856, 45.22642642817562, 66.04814103701572, 74.92034774369112, 57.08987116256316, 167.97279033173209
dflux, 53.00311273619643, 25.13514738824326, 35.39230292039508, 42.681179150145276, 42.423323664550416, 37.033119098431555, 36.38670674430354, 22.829520985267944, 33.663138268276725, 25.13510663757008, 27.843281563699307, 46.73786533069527, 72.78615583653229, 22.800363674576825, 21.73090559182961, 22.000140420087764, 19.39972000755267, 23.82804513339209, 24.068065204776495, 23.419843204871107, 23.236004375684374, 19.690973622662383, 20.991341262283175, 20.8145775360488, 21.657507471664108, 14.427027058370932, 14.649960863811746, 14.543327234145822, 15.787341377271815, 27.04752194771129, 21.464272159143803, 27.92985247128871, 15.277878921479333, 14.339357035850702, 13.089758680989144, 20.874673070485535, 11.98107523543013, 12.607773329922189, 13.19365682974948, 12.571663823864613, 17.226451352722133, 19.776224808126415, 18.752261278144104, 15.888074909820114, 16.335895403179304, 20.36218480629389, 15.574918570747212, 9.748239870332357, 10.646088980503903, 10.201076553161469, 17.11027770320857, 16.538342631727115, 16.874092571698608, 84.0603009381008, 12.76500195665387, 15.554660283932815, 16.136574491770396, 14.789684471773072, 17.116134110202246, 16.979115635963996, 15.458180499401719, 37.243966903910845
mag, 17.41, 17.37, 17.33, 17.06, 17.15, 17.18, 17.19, 17.27, 17.26, 17.31, 17.45, 17.43, 17.71, 18.15, 18.03, 18.01, 18.04, 18.08, 17.99, 17.86, 17.92, 18.27, 18.36, 18.16, 18.52, 18.5, 18.58, 18.62, 18.61, 18.89, 19.14, 18.88, 18.62, 18.86, 18.86, 18.28, 19.47, 19.08, 19.57, 19.38, 19.52, 19.42, 19.34, 19.06, 19.44, 18.79, 19.58, 20.05, 19.97, 19.86, 19.6, 19.22, 19.33, 17.88, 19.62, 19.31, 19.56, 19.75, 19.35, 19.21, 19.51, 18.34
dmag, 0.14, 0.07, 0.09, 0.08, 0.09, 0.08, 0.08, 0.05, 0.08, 0.06, 0.08, 0.12, 0.24, 0.12, 0.1, 0.1, 0.09, 0.11, 0.11, 0.09, 0.1, 0.11, 0.13, 0.11, 0.16, 0.1, 0.11, 0.12, 0.12, 0.26, 0.26, 0.26, 0.12, 0.14, 0.13, 0.12, 0.2, 0.15, 0.24, 0.19, 0.29, 0.3, 0.27, 0.18, 0.26, 0.18, 0.28, 0.27, 0.27, 0.24, 0.31, 0.22, 0.24, 0.3, 0.24, 0.22, 0.28, 0.31, 0.25, 0.22, 0.26, 0.22
