ATLAS 2021zsz 92.63879631704842 -14.538870149377928 0.035746
++++++++++++++++++++++++++++++++++++++++++++++++++++++++++++++++
t0, 59475.064157121866, 1.538641313185508
x0, 1.3256559056998507e-06, 1.646469175976649e-06
x1, 1.5751461996565153, 1.2467495792464058
c, 6.565234318622894, 0.7188003838580947
mu, 25.365522071776446, 1.1078377655913694
hostMass, 10.964851218836822, 0.005379263240545481
++++++++++++++++++++++++++++++++++++++++++++++++++++++++++++++++
zp, 22.107, 22.113, 22.119, 22.196, 22.195, 22.198, 22.203, 22.123, 22.123, 22.128, 22.123, 22.126, 22.129, 22.129, 22.19, 22.191, 22.189, 22.191, 22.103, 22.107, 22.109, 22.112, 22.113, 22.113, 22.115, 22.143, 22.143, 22.182, 22.191, 20.641, 22.127, 22.128, 22.129, 22.13, 22.118, 22.118, 22.12, 22.096, 21.988, 22.127, 22.189, 22.197, 22.202, 22.202, 22.647, 22.082, 22.091, 22.123, 22.169, 22.171, 22.173, 22.185, 22.095, 22.095, 22.089, 22.088, 22.19, 22.193, 22.191, 22.065, 22.079, 22.079, 22.122, 22.125, 22.117, 22.124, 22.111, 22.122, 22.129, 22.196, 22.128, 22.125
filters, o, o, o, o, o, o, o, o, o, o, o, o, o, o, o, o, o, o, o, o, o, o, o, o, o, o, o, o, o, o, o, o, o, o, o, o, o, o, o, o, o, o, o, o, o, o, o, o, o, o, o, o, o, o, o, o, o, o, o, o, o, o, o, o, o, o, o, o, o, o, o, o
time, 59481.57166765, 59481.58046705, 59481.59146575, 59484.61065665, 59484.61556335, 59484.63361005, 59484.63924535, 59485.60322015, 59485.60687605, 59485.62337335, 59486.60260725, 59486.61052645, 59486.62861625, 59486.64026765, 59488.60304005, 59488.60819245, 59488.62710165, 59488.63267225, 59489.57191865, 59489.57511955, 59489.58108855, 59489.59118605, 59490.58069195, 59490.58389645, 59490.58942065, 59491.56071315, 59491.56443685, 59491.56996755, 59491.58103425, 59492.63604445, 59493.60192545, 59493.60512465, 59493.61291415, 59493.62886135, 59494.56403485, 59494.56677815, 59494.57738765, 59495.51133795, 59495.51562055, 59495.52754335, 59496.60105325, 59496.61653595, 59496.63011875, 59496.63533115, 59496.64463895, 59498.58380535, 59498.60525525, 59498.62240275, 59500.52909235, 59500.53232625, 59500.53693645, 59500.54711935, 59501.58043515, 59501.58363865, 59501.58683865, 59501.59186875, 59503.53369115, 59503.53599855, 59503.53876585, 59505.49208595, 59505.49758655, 59505.50355285, 59506.54625825, 59506.55865965, 59509.53610745, 59509.55173215, 59510.51333035, 59513.53200035, 59514.61038105, 59515.53853435, 59517.61739035, 59518.52807375
flux, 1940.6, 553.1, 1024.5, 785.7, 847.8, 780.1, 3046.5, 817.4, 567.4, 908.1, 808.1, 1184.7, 1484.6, 1708.3, 315.8, 508.5, 1557.7, 263.9, 149.9, 1084.9, 1385.7, 728.4, 2101.6, 4160.9, 105.5, 1548.1, 2009.5, 384.0, 1606.1, 964.5, 233.0, 1851.9, 53.0, 249.3, 2159.5, 1022.6, 396.3, 102.6, 1078.7, 508.1, 626.2, 1351.7, 684.6, 1136.4, 327.0, 1926.7, 588.4, 1352.5, 704.1, 505.3, 716.1, 113.2, 1656.0, 1051.1, 962.6, 939.7, 1019.0, 584.4, 1149.0, 1004.8, 2229.7, 1071.0, 3506.9, 3336.9, 3530.0, 364.7, 2718.4, 2599.2, 354.3, 582.4, 191.3, 182.4
dflux, 1039.3, 1080.0, 1031.7, 699.1, 753.5, 810.5, 1327.2, 734.9, 898.3, 698.6, 759.0, 655.8, 713.3, 1040.1, 663.5, 610.7, 732.6, 681.6, 623.0, 656.6, 762.6, 754.0, 722.4, 733.1, 774.5, 622.5, 604.6, 595.6, 635.8, 740.5, 660.0, 623.2, 556.9, 543.2, 662.5, 662.2, 643.4, 611.0, 676.8, 687.7, 566.8, 592.6, 546.9, 667.3, 1721.6, 620.6, 524.8, 531.8, 609.6, 673.8, 658.1, 620.7, 650.4, 685.2, 658.4, 598.3, 740.1, 624.1, 570.2, 1053.5, 1021.0, 1136.5, 1354.1, 1231.3, 1601.1, 1386.4, 1454.0, 1049.7, 662.3, 807.3, 598.4, 531.8
mag, 18.78, 19.06, 18.76, 18.73, 18.55, 19.13, 18.2, 18.77, 18.41, 18.5, 18.55, 18.43, 18.63, 18.56, 18.28, 18.59, 18.44, 18.48, 18.54, 18.3, 18.17, 18.47, 18.48, 18.51, 18.41, 18.29, 18.48, 18.32, 18.29, 17.35, 18.47, 18.53, 18.5, 18.71, 18.71, 18.72, 18.61, 18.7, 18.64, 18.8, 18.83, 18.78, 18.94, 19.02, 19.12, 18.8, 18.91, 18.88, 18.62, 18.88, 19.04, 19.22, 19.03, 18.81, 18.86, 19.07, 18.92, 19.06, 18.7, 18.91, 18.63, 18.73, 18.92, 19.19, 18.62, 18.9, 18.82, 19.41, 19.79, 19.54, 19.76, 19.72
dmag, 0.21, 0.25, 0.19, 0.18, 0.16, 0.27, 0.18, 0.15, 0.12, 0.12, 0.11, 0.11, 0.12, 0.16, 0.1, 0.14, 0.12, 0.12, 0.11, 0.08, 0.08, 0.1, 0.09, 0.1, 0.09, 0.1, 0.11, 0.1, 0.1, 0.21, 0.09, 0.09, 0.08, 0.1, 0.11, 0.12, 0.11, 0.17, 0.19, 0.18, 0.17, 0.14, 0.15, 0.18, 0.3, 0.12, 0.12, 0.12, 0.14, 0.19, 0.21, 0.23, 0.14, 0.13, 0.12, 0.15, 0.19, 0.18, 0.15, 0.22, 0.17, 0.18, 0.26, 0.31, 0.26, 0.31, 0.28, 0.29, 0.31, 0.31, 0.27, 0.22
