ATLAS 2022aaok 1091500861223522500 138.75348383900604 22.589561981475406 0.027214
++++++++++++++++++++++++++++++++++++++++++++++++++++++++++++++++
t0, 59915.40802111965, 0.16522349430670147
x0, 0.0019004212044855277, 7.697152573266643e-05
x1, 4.9999992977902785, 0.08340363731746159
c, 0.9875398429187019, 0.031511679973578406
mu, 34.62000649182078, 1.0858218951734058
hostMass, 10.475026394544468, 0.000842787923706665
++++++++++++++++++++++++++++++++++++++++++++++++++++++++++++++++
zp, 22.327, 22.095, 22.101, 22.102, 22.108, 22.406, 22.407, 22.41, 22.411, 22.414, 22.419, 22.42, 22.42, 22.12, 22.118, 22.119, 22.419, 22.42, 22.412, 22.42, 22.417, 22.419, 22.419, 22.413, 22.414, 22.411, 22.413, 22.114, 22.114, 22.114, 22.115, 22.003, 22.049, 22.112, 22.112, 22.112, 22.119, 22.081, 22.063
filters, o, o, o, o, o, c, c, c, c, c, c, c, c, o, o, o, c, c, c, c, c, c, c, c, c, c, c, o, o, o, o, o, o, o, o, o, o, o, o
time, 59896.60439125, 59902.57344975, 59902.57665705, 59902.57984645, 59902.60539045, 59903.57571755, 59903.57756525, 59903.58033545, 59903.58588125, 59904.58591865, 59904.60117745, 59904.60395005, 59904.60992025, 59906.59746745, 59906.60063205, 59906.60448245, 59907.58965915, 59907.59196885, 59907.59431815, 59907.59616685, 59907.59940585, 59907.60125395, 59907.60953005, 59908.55594975, 59908.56128925, 59908.56639005, 59908.57147675, 59909.57793795, 59909.58110305, 59909.58440765, 59909.58983415, 59913.53461435, 59913.54282725, 59914.53519505, 59914.53837325, 59914.54198815, 59914.57577765, 59966.44071105, 60021.40036175
flux, 79.58504450252022, 147.24218819918957, 129.2106573807564, 116.71914367316103, 150.64066248426946, 158.00725585058746, 142.46825368262762, 142.00881002217648, 174.33802336710337, 187.89557849419646, 188.42134662458284, 198.2280069287113, 172.42743551262942, 256.0904707636811, 263.94667580990756, 279.1554268437368, 227.37974693369378, 216.88273054306399, 212.44122835318856, 206.2870626651528, 246.02853885758063, 201.28508931313823, 224.63777429043745, 206.25379372628632, 209.43351630162354, 217.51686746987025, 215.86324133868095, 254.21630343600228, 288.504856235199, 289.8680975374729, 273.6603322841626, 244.3547427362541, 236.12353053001294, 193.05460408636344, 212.44841900487916, 221.5042746185889, 227.1494499651587, 40.720729035144416, 40.04425288874816
dflux, 20.18629408664507, 12.25091989726381, 12.32712256017624, 12.112363966082746, 12.353794915027954, 11.226390394474402, 10.585339189574038, 10.21296236460858, 11.467420030819955, 9.889240973378758, 9.953040167783065, 10.585819491455728, 10.570928207306928, 14.42569711919877, 14.267387881616626, 14.38685292051808, 10.620340400425206, 10.817964033523706, 10.899324947013277, 10.932676648631034, 10.919435843887074, 11.150463400345764, 10.283339312427284, 10.802162682882427, 11.206530258244763, 10.217874201431625, 10.082784096498898, 13.719969989186563, 14.013728560383608, 13.90150486504179, 13.90371043056632, 14.398181110783947, 13.41610968920528, 11.084474875772067, 11.841010366613938, 12.043409387577862, 12.16872053384779, 12.76321357817959, 11.551226794831202
mag, 19.15, 18.48, 18.62, 18.73, 18.46, 18.4, 18.52, 18.52, 18.3, 18.22, 18.21, 18.16, 18.31, 17.88, 17.85, 17.79, 18.01, 18.06, 18.08, 18.11, 17.92, 18.14, 18.02, 18.11, 18.1, 18.06, 18.06, 17.89, 17.75, 17.74, 17.81, 17.93, 17.97, 18.19, 18.08, 18.04, 18.01, 19.88, 19.89
dmag, 0.25, 0.09, 0.1, 0.11, 0.09, 0.07, 0.08, 0.08, 0.07, 0.06, 0.06, 0.06, 0.06, 0.06, 0.06, 0.05, 0.05, 0.05, 0.05, 0.06, 0.05, 0.06, 0.05, 0.06, 0.06, 0.05, 0.05, 0.06, 0.05, 0.05, 0.05, 0.06, 0.06, 0.06, 0.06, 0.06, 0.06, 0.3, 0.28
