#expname,ra,dec,mag,dm,snr,filter,zp,mjd,x,y,peakval,skyval,peakfit,dpeak,skyfit,flux,dflux,chin,major,minor,snrdet,snrlimit,apfit,uJy,duJy,mag5sig,texp
04a60018o0574o,185.4480875,10.591487500000001,>19.654379954164593,0.0,1.34,o,21.928,60018.24703255,3966.08,626.25,157.0,177.8,15.0,11.2,174.5,579.0,972.4,1.09,2.42,2.07,1.0,3.0,-0.3987,22.234927400790358,16.602079125923467,19.07,30.0
04a60018o0586o,185.4480875,10.591487500000001,>19.71900724135558,0.0,1.07,o,21.927,60018.25248865,3989.6,659.36,173.0,180.9,12.5,11.7,182.4,758.4,748.0,1.15,2.33,1.92,1.0,3.0,-0.4127,16.7774482541677,15.703691565900968,19.15,30.0
04a60018o0643o,185.4480875,10.591487500000001,>20.08,0.0,3.0,o,21.905,60018.27880605,3950.43,558.52,157.0,180.8,2.3,13.0,174.6,-1291.0,627.1,1.19,2.22,1.86,1.0,3.0,-0.4247,2.9400349960241576,16.617589107962633,19.15,30.0
04a60018o0651o,185.4480875,10.591487500000001,>20.06,0.0,3.0,o,21.904,60018.28244115,3933.25,672.89,158.0,181.7,-25.2,13.4,183.8,601.6,707.8,1.0,2.22,1.83,1.0,3.0,-0.4307,-31.89799240060985,16.961630879689366,19.16,30.0
02a60018o0662o,185.4480875,10.591487500000001,>18.490632103374402,0.0,1.04,o,20.918,60018.52768935,6027.13,908.81,178.0,177.4,10.2,9.8,177.0,345.7,693.0,0.95,2.79,2.5,1.0,3.0,-0.3387,50.50136641598964,48.52092067418613,17.85,30.0
02a60020o0445o,185.4480875,10.591487500000001,>17.87,0.0,3.0,o,19.329,60020.42285265,9858.68,6110.82,194.0,202.4,3.3,9.8,201.8,-467.1,670.9,0.97,2.16,1.81,1.0,3.0,-0.4477,43.752715360818044,129.9323062230354,16.71,30.0
02a60020o0449o,185.4480875,10.591487500000001,>16.6,0.0,3.0,o,18.517,60020.42465975,9878.75,6149.56,168.0,181.4,8.1,14.2,180.7,1158.7,668.6,1.04,2.23,1.85,1.0,3.0,-0.4437,238.5175587276054,418.1418930780243,15.85,30.0
02a60020o0456o,185.4480875,10.591487500000001,>18.766897871069602,0.0,1.41,o,20.784,60020.42782865,9820.88,6071.95,193.0,180.2,14.9,10.6,182.7,686.8,572.0,0.82,2.17,1.86,1.0,3.0,-0.4427,53.15176513836194,37.81266513198903,18.21,30.0
02a60020o0471o,185.4480875,10.591487500000001,>17.87,0.0,3.0,o,19.238,60020.43463645,9802.07,6189.36,158.0,182.4,-12.9,8.6,183.8,395.2,420.8,0.83,2.21,1.86,1.0,3.0,-0.4427,-194.6496707666324,129.7664471777549,16.59,30.0
02a60020o0535o,185.4480875,10.591487500000001,>19.67,0.0,3.0,o,21.143,60020.46525615,6032.11,921.05,193.0,182.6,3.3,8.3,183.8,690.6,464.8,0.89,2.37,1.98,1.0,3.0,-0.4327,9.74285460307877,24.50475551683449,18.57,30.0
03a60021o0440c,185.4480875,10.591487500000001,>20.5,0.0,3.0,c,22.082,60020.93015385,4506.7,8046.36,197.0,189.4,4.3,6.5,187.8,-1488.2,526.7,1.07,2.7,2.45,1.0,3.0,-0.3847,7.2103616701880435,10.899383920051694,19.6,30.0
03a60021o0488c,185.4480875,10.591487500000001,>20.29,0.0,3.0,c,21.743,60020.95224935,4493.97,8008.57,177.0,181.8,-7.0,5.8,181.7,-12.6,358.3,1.1,2.74,2.39,1.0,3.0,-0.3797,-15.805391182197186,13.095895550963382,19.25,30.0
03a60021o0494c,185.4480875,10.591487500000001,>20.062638439073567,0.0,1.23,c,21.824,60020.95507395,4549.71,8086.68,192.0,182.3,6.4,5.2,180.9,449.3,318.2,1.33,2.79,2.47,1.0,3.0,-0.3797,14.113667305102569,11.467354685395835,19.3,30.0
03a60021o0506c,185.4480875,10.591487500000001,>19.84,0.0,3.0,c,21.351,60020.96048505,4573.65,7971.62,191.0,181.8,3.7,6.0,182.2,-129.8,372.2,1.05,2.76,2.42,1.0,3.0,-0.3747,12.169841370449806,19.734877898026713,18.86,30.0
04a60021o0251o,185.4480875,10.591487500000001,>19.93,0.0,3.0,o,21.851,60021.10094995,6641.12,9983.72,174.0,177.3,11.4,14.0,175.0,-247.7,800.7,1.24,2.18,1.93,1.0,3.0,-0.4332,15.728141193771172,19.31526111515758,19.08,30.0
04a60021o0255o,185.4480875,10.591487500000001,>19.94,0.0,3.0,o,21.856,60021.10275295,6622.36,9944.16,212.0,178.9,10.0,14.1,180.1,880.4,796.8,1.03,2.17,1.91,1.0,3.0,-0.4337,13.534800114444858,19.08406816136725,19.1,30.0
04a60021o0262o,185.4480875,10.591487500000001,>19.98,0.0,3.0,o,21.846,60021.10590775,6682.03,10023.2,170.0,179.3,-3.0,13.2,177.9,214.5,751.1,0.86,2.18,1.94,1.0,3.0,-0.4397,-4.2047310652817345,18.50081668723963,19.04,30.0
04a60021o0277o,185.4480875,10.591487500000001,>19.96,0.0,3.0,o,21.86,60021.11283595,6698.41,9905.67,218.0,177.9,0.1,13.0,176.6,780.4,799.1,1.31,2.24,1.98,1.0,3.0,-0.4297,0.1437712186186313,18.69025842042207,19.1,30.0
02a60021o0528o,185.4480875,10.591487500000001,>20.45,0.0,3.0,o,22.076,60021.46382965,5968.41,993.62,149.0,180.5,-7.2,9.0,179.9,-855.3,525.8,0.95,2.31,2.15,1.0,3.0,-0.3977,-9.224475495696161,11.5305943696202,19.47,30.0
02a60021o0545o,185.4480875,10.591487500000001,>20.42,0.0,3.0,o,22.078,60021.47194465,5949.64,954.53,153.0,182.2,-14.8,8.7,183.0,-81.0,508.6,1.26,2.39,2.21,1.0,3.0,-0.3907,-19.999108442555908,11.756232665556508,19.43,30.0
02a60021o0552o,185.4480875,10.591487500000001,>20.007156598089278,0.0,1.31,o,22.071,60021.47510975,6008.53,1031.33,193.0,181.9,12.8,9.8,178.8,-923.5,572.3,0.98,2.25,2.07,1.0,3.0,-0.4107,15.635852990046788,11.971199945504571,19.49,30.0
02a60021o0572o,185.4480875,10.591487500000001,>20.00692999397584,0.0,1.74,o,22.004,60021.48520905,6029.7,913.64,181.0,182.3,17.2,9.9,180.4,-451.7,518.1,1.08,2.2,1.94,1.0,3.0,-0.4287,20.821480327209006,11.984456699963323,19.47,30.0
04a60022o0542o,185.4480875,10.591487500000001,>20.31,0.0,3.0,o,21.942,60022.23484775,3968.8,630.25,178.0,180.4,-3.5,10.2,180.4,-1067.2,559.0,1.19,2.29,1.92,1.0,3.0,-0.4127,-4.553690405840788,13.270754897021725,19.41,30.0
04a60022o0549o,185.4480875,10.591487500000001,>20.33,0.0,3.0,o,21.949,60022.23801145,3989.22,665.45,182.0,181.0,1.5,9.8,179.0,4.8,563.0,0.85,2.33,1.94,1.0,3.0,-0.4157,1.9989763468049104,13.059978799125416,19.43,30.0
04a60022o0625o,185.4480875,10.591487500000001,>20.29,0.0,3.0,o,21.945,60022.27312185,3955.37,556.31,185.0,178.8,6.4,10.4,177.4,166.4,573.2,0.82,2.31,1.91,1.0,3.0,-0.4127,8.332667767983553,13.540585122973274,19.42,30.0
04a60022o0687o,185.4480875,10.591487500000001,>20.32,0.0,3.0,o,21.908,60022.30161015,3951.16,656.64,198.0,180.7,-1.5,11.0,180.3,-435.7,562.9,0.9,2.16,1.81,1.0,3.0,-0.4347,-1.8271841966296485,13.39935077528409,19.41,30.0
02a60022o0342o,185.4480875,10.591487500000001,>20.41,0.0,3.0,o,22.06,60022.37741355,9847.17,6110.77,151.0,181.0,-14.4,11.4,184.3,81.8,577.9,0.8,2.16,1.86,1.0,3.0,-0.4517,-15.91797919523704,12.601733529562658,19.42,30.0
02a60022o0346o,185.4480875,10.591487500000001,>19.822179425975065,0.0,1.2,o,22.006,60022.37934505,9867.21,6149.64,181.0,180.7,14.6,12.2,177.9,-585.7,566.3,1.05,2.17,1.86,1.0,3.0,-0.4517,17.040576336334883,14.239385705704493,19.36,30.0
02a60022o0392o,185.4480875,10.591487500000001,>20.31,0.0,3.0,o,21.882,60022.40135575,9816.7,6072.31,164.0,181.2,8.4,10.9,181.1,-511.2,545.5,0.81,2.13,1.84,1.0,3.0,-0.4567,10.72100399366097,13.911778991774352,19.29,30.0
02a60022o0399o,185.4480875,10.591487500000001,>20.43,0.0,3.0,o,22.064,60022.40471645,9798.25,6189.28,188.0,181.7,8.9,11.5,182.5,-1110.4,501.5,1.04,2.15,1.83,1.0,3.0,-0.4547,9.62583253020036,12.437873494079113,19.48,30.0
03a60025o0469c,185.4480875,10.591487500000001,>20.59,0.0,3.0,c,22.078,60024.94090145,8777.3,3617.11,189.0,182.3,-12.2,6.6,183.0,505.4,396.8,0.92,2.58,2.31,1.0,3.0,-0.3887,-18.567364439469678,10.044639778729499,19.57,30.0
03a60025o0476c,185.4480875,10.591487500000001,>20.58,0.0,3.0,c,22.079,60024.94405985,8756.93,3577.71,173.0,181.8,-3.9,6.7,181.0,447.8,415.8,0.96,2.57,2.3,1.0,3.0,-0.3877,-5.876034157066476,10.094725346755226,19.57,30.0
03a60025o0488c,185.4480875,10.591487500000001,>20.69,0.0,3.0,c,22.08,60024.94949165,8815.06,3656.44,180.0,182.1,-1.8,6.3,181.3,242.6,437.9,1.41,2.52,2.27,1.0,3.0,-0.3897,-2.626985334941586,9.19444867229555,19.6,30.0
03a60025o0528c,185.4480875,10.591487500000001,>20.59,0.0,3.0,c,22.081,60024.96783015,1725.97,7009.0,180.0,181.3,-0.7,7.2,181.2,571.3,419.4,1.13,2.49,2.21,1.0,3.0,-0.3917,-0.9836676888399599,10.117724799496731,19.59,30.0
04a60025o0619o,185.4480875,10.591487500000001,>20.33,0.0,3.0,o,21.89,60025.28431835,3712.58,4947.71,189.0,182.4,-6.1,9.9,182.6,-498.9,502.3,0.83,2.23,1.9,1.0,3.0,-0.4277,-8.134803078171341,13.202385323589555,19.32,30.0
04a60025o0629o,185.4480875,10.591487500000001,>20.36,0.0,3.0,o,21.888,60025.28999565,3732.3,4984.23,189.0,182.2,0.6,9.2,182.6,-236.8,521.8,1.12,2.28,1.95,1.0,3.0,-0.4307,0.843489059684132,12.933498915156692,19.28,30.0
04a60025o0634o,185.4480875,10.591487500000001,>19.95825162015719,0.0,1.23,o,21.889,60025.29275465,3675.51,4905.64,184.0,182.1,11.4,9.3,181.6,-389.3,530.7,1.05,2.24,1.91,1.0,3.0,-0.4277,15.365439331505513,12.534963665175548,19.33,30.0
04a60025o0704o,185.4480875,10.591487500000001,>20.29,0.0,3.0,o,21.861,60025.32533485,3663.28,5011.82,145.0,182.0,-6.7,9.6,181.4,-209.8,531.6,1.18,2.28,1.95,1.0,3.0,-0.4277,-9.629483788268967,13.797469308564486,19.26,30.0
04a60026o0437o,185.4480875,10.591487500000001,>20.21,0.0,3.0,o,21.919,60026.18434345,6922.45,5622.16,172.0,181.3,-6.5,9.1,179.1,-779.7,570.6,1.03,2.5,2.12,1.0,3.0,-0.3987,-10.278931491576262,14.390504088206766,19.18,30.0
04a60026o0443o,185.4480875,10.591487500000001,>19.853231148978455,0.0,1.43,o,21.924,60026.18707165,6904.63,5582.92,187.0,180.9,12.7,8.9,180.7,575.5,620.2,1.08,2.54,2.08,1.0,3.0,-0.3887,19.74510819437955,13.837123065352602,19.19,30.0
04a60026o0449o,185.4480875,10.591487500000001,>19.836470290964527,0.0,1.1,o,21.92,60026.18981375,6963.77,5660.13,175.0,181.2,10.3,9.4,181.0,119.1,506.3,1.28,2.43,2.05,1.0,3.0,-0.4077,15.422547078661196,14.07494587761313,19.19,30.0
04a60026o0502o,185.4480875,10.591487500000001,>20.32,0.0,3.0,o,21.933,60026.21497975,3597.83,5077.11,161.0,181.9,-5.3,9.1,182.0,-37.4,536.0,1.16,2.4,2.03,1.0,3.0,-0.3967,-7.591749936695818,13.034891400741875,19.22,30.0
02a60026o0222o,185.4480875,10.591487500000001,>19.4,0.0,3.0,o,20.926,60026.46081395,8730.32,859.68,179.0,178.5,1.3,9.1,176.8,124.7,504.5,0.98,2.3,1.94,1.0,3.0,-0.4497,4.527220667271955,31.690544670903684,18.26,30.0
02a60026o0252o,185.4480875,10.591487500000001,>19.73,0.0,3.0,o,21.358,60026.47679075,8707.78,820.53,156.0,181.7,-11.8,8.6,182.2,-314.4,487.9,1.29,2.49,2.1,1.0,3.0,-0.4317,-31.81701219520007,23.188669904976322,18.69,30.0
02a60026o0259o,185.4480875,10.591487500000001,>18.22,0.0,3.0,o,20.356,60026.48012905,8767.43,900.55,146.0,181.5,-13.2,13.8,180.6,466.9,763.0,0.83,2.47,2.09,1.0,3.0,-0.4277,-88.10000151024727,92.10454703344035,17.61,30.0
02a60026o0272o,185.4480875,10.591487500000001,>20.03,0.0,3.0,o,21.439,60026.48636265,8790.19,785.02,167.0,181.6,-5.8,7.1,182.6,1134.4,417.8,1.21,2.45,2.11,1.0,3.0,-0.4337,-14.375907791618456,17.598094020774315,18.77,30.0
02a60028o0429o,185.4480875,10.591487500000001,>19.712182753104642,0.0,1.32,o,21.844,60028.41882055,1866.22,8207.07,219.0,181.3,14.7,11.1,180.0,-906.5,529.5,0.85,2.21,1.93,1.0,3.0,-0.4387,20.79819581259113,15.70476010338514,19.26,30.0
02a60028o0433o,185.4480875,10.591487500000001,>20.11,0.0,3.0,o,21.807,60028.42064145,1886.05,8245.58,184.0,179.8,-5.6,11.1,180.5,1188.8,704.8,1.11,2.22,1.93,1.0,3.0,-0.4457,-8.288139567750054,16.428276643218858,19.21,30.0
02a60028o0440o,185.4480875,10.591487500000001,>20.03,0.0,3.0,o,21.772,60028.42381035,1827.42,8166.63,174.0,180.6,-1.7,10.9,179.8,-984.1,597.7,0.89,2.26,2.02,1.0,3.0,-0.4207,-2.705624203163211,17.34782577322294,19.16,30.0
02a60028o0498o,185.4480875,10.591487500000001,>20.26,0.0,3.0,o,21.994,60028.45368905,8787.09,787.35,196.0,180.1,-2.7,10.8,179.2,1099.6,594.6,1.03,2.28,2.01,1.0,3.0,-0.4457,-3.5979358343250185,14.391743337300074,19.42,30.0
04a60029o0611o,185.4480875,10.591487500000001,>19.850501768937438,0.0,2.54,o,21.838,60029.26214885,3707.64,4954.12,210.0,181.4,26.7,10.5,179.6,-375.2,537.4,1.17,2.11,1.86,1.0,3.0,-0.4477,35.24239432372663,13.859368554274516,19.38,30.0
04a60029o0622o,185.4480875,10.591487500000001,>20.35,0.0,3.0,o,21.811,60029.26734225,3730.37,4990.91,177.0,181.5,-3.6,9.4,182.0,289.0,526.1,0.9,2.13,1.91,1.0,3.0,-0.4487,-5.054453631059639,13.19774003665572,19.29,30.0
04a60029o0636o,185.4480875,10.591487500000001,>20.39,0.0,3.0,o,21.853,60029.27392935,3675.11,4909.92,175.0,180.9,-11.7,9.6,179.5,-724.5,521.5,1.09,2.15,1.86,1.0,3.0,-0.4367,-15.363706822498278,12.606118418460126,19.36,30.0
04a60029o0711o,185.4480875,10.591487500000001,>20.22,0.0,3.0,o,21.826,60029.30870865,3665.07,5011.94,178.0,180.5,-9.7,10.1,182.2,299.6,559.3,1.23,2.23,1.95,1.0,3.0,-0.4277,-14.082182034335128,14.662890571833486,19.23,30.0
02a60029o0482o,185.4480875,10.591487500000001,>20.16,0.0,3.0,o,22.06,60029.45676745,8725.9,856.05,190.0,179.7,3.5,10.4,178.2,307.6,837.4,0.89,2.48,2.23,1.0,3.0,-0.3867,5.016298058468912,14.9055713737362,19.27,30.0
02a60029o0509o,185.4480875,10.591487500000001,>20.2,0.0,3.0,o,22.061,60029.47087985,8709.54,817.14,169.0,181.0,-3.7,10.7,180.9,-201.2,613.1,0.77,2.36,2.19,1.0,3.0,-0.3977,-5.001687881929256,14.464340631525147,19.35,30.0
02a60029o0568o,185.4480875,10.591487500000001,>20.17,0.0,3.0,o,22.053,60029.49964935,8766.11,895.74,199.0,182.7,3.2,8.8,182.5,136.5,578.5,1.1,2.81,2.29,1.0,3.0,-0.3997,5.435637996949979,14.94800449161244,19.3,30.0
02a60029o0591o,185.4480875,10.591487500000001,>20.27,0.0,3.0,o,22.055,60029.51285965,8796.06,784.55,162.0,181.4,-5.0,9.3,181.5,954.8,653.4,1.11,2.45,2.27,1.0,3.0,-0.3907,-7.266423256722564,13.515547257503968,19.42,30.0
04a60030o0434o,185.4480875,10.591487500000001,>20.36,0.0,3.0,o,21.89,60030.17683655,6924.59,5624.02,202.0,181.8,-8.0,8.9,181.9,-48.5,471.7,1.17,2.36,1.94,1.0,3.0,-0.4227,-11.475258172898783,12.7662247173499,19.31,30.0
04a60030o0438o,185.4480875,10.591487500000001,>20.35,0.0,3.0,o,21.89,60030.17865335,6905.39,5585.65,169.0,180.1,0.0,8.9,179.7,-538.4,570.5,0.96,2.36,1.96,1.0,3.0,-0.4227,0.0,12.89783528144629,19.28,30.0
04a60030o0445o,185.4480875,10.591487500000001,>20.35,0.0,3.0,o,21.888,60030.18183075,6965.29,5662.56,192.0,181.9,5.3,9.0,180.8,609.3,465.5,1.02,2.33,1.97,1.0,3.0,-0.4237,7.642875094260704,12.978467141197422,19.33,30.0
04a60030o0457o,185.4480875,10.591487500000001,>20.4,0.0,3.0,o,21.891,60030.18729435,6987.24,5546.05,174.0,180.8,2.1,9.2,179.9,-514.1,570.0,1.01,2.29,1.88,1.0,3.0,-0.4277,2.8429640739348145,12.454890228666805,19.34,30.0
02a60030o0397o,185.4480875,10.591487500000001,>20.39,0.0,3.0,o,22.059,60030.41311915,1871.18,8203.3,194.0,181.7,-0.4,10.9,179.7,-473.5,527.8,1.01,2.21,1.93,1.0,3.0,-0.4517,-0.46985983225265987,12.803680428884983,19.53,30.0
02a60030o0401o,185.4480875,10.591487500000001,>20.38,0.0,3.0,o,22.049,60030.41493005,1889.73,8246.61,182.0,181.2,4.5,10.3,181.2,-872.8,518.7,0.84,2.28,1.98,1.0,3.0,-0.4417,5.594629053200459,12.805484277325494,19.47,30.0
02a60030o0407o,185.4480875,10.591487500000001,>19.9684421608228,0.0,2.68,o,22.048,60030.41870645,1833.5,8168.73,191.0,180.6,28.7,10.7,179.2,64.2,629.1,0.98,2.2,1.91,1.0,3.0,-0.4487,33.45774679073717,12.473794099682499,19.52,30.0
02a60030o0451o,185.4480875,10.591487500000001,>19.90336815797362,0.0,1.05,o,22.052,60030.44350265,8789.47,782.15,182.0,181.2,11.9,11.3,181.4,840.8,587.2,0.83,2.19,1.95,1.0,3.0,-0.4397,13.931068666518122,13.2286618429962,19.54,30.0
03a60032o0119c,185.4480875,10.591487500000001,>20.33,0.0,3.0,c,21.861,60031.99247335,8396.26,1007.81,182.0,182.1,-4.1,6.5,181.0,-218.6,407.6,0.98,2.66,2.38,1.0,3.0,-0.3832,-8.053806585479437,12.768229952589355,19.34,30.0
03a60032o0126c,185.4480875,10.591487500000001,>20.41,0.0,3.0,c,22.028,60031.99566415,8413.99,1047.5,185.0,181.5,-0.1,6.1,181.8,432.4,453.2,0.99,2.92,2.49,1.0,3.0,-0.3767,-0.19228302410810885,11.72926447059464,19.43,30.0
03a60032o0140c,185.4480875,10.591487500000001,>20.61,0.0,3.0,c,22.067,60032.00214455,8359.56,968.29,191.0,182.1,0.9,6.0,181.9,133.7,418.1,1.19,2.67,2.39,1.0,3.0,-0.3777,1.4665957327733667,9.777304885155779,19.5,30.0
03a60032o0172c,185.4480875,10.591487500000001,>20.49,0.0,3.0,c,22.054,60032.01678085,8340.04,1086.71,186.0,182.4,-9.5,6.1,182.9,483.1,379.9,0.99,2.77,2.49,1.0,3.0,-0.3817,-16.99657702455193,10.913591563133341,19.43,30.0
03a60033o0496c,185.4480875,10.591487500000001,>20.53,0.0,3.0,c,22.08,60032.96328235,8389.0,1002.56,182.0,181.4,3.8,6.5,182.1,493.1,408.1,0.9,2.7,2.37,1.0,3.0,-0.3887,6.198041104158711,10.601912415008323,19.54,30.0
03a60033o0502c,185.4480875,10.591487500000001,>20.62,0.0,3.0,c,22.078,60032.96605295,8407.51,1041.82,179.0,182.6,-6.8,5.8,182.7,73.0,419.2,1.26,2.76,2.39,1.0,3.0,-0.3827,-11.391335448066213,9.716139058644712,19.54,30.0
03a60033o0516c,185.4480875,10.591487500000001,>20.25,0.0,3.0,c,22.04,60032.97247345,8352.95,962.99,176.0,181.0,-9.2,5.1,180.5,185.8,454.0,1.06,3.51,2.9,1.0,3.0,-0.3567,-24.046489691347038,13.330119285420636,19.24,30.0
03a60033o0540c,185.4480875,10.591487500000001,>18.7,0.0,3.0,c,20.672,60032.98353735,8331.94,1081.14,177.0,182.0,-4.6,4.6,181.7,373.5,435.2,1.18,4.03,3.32,1.0,3.0,-0.3237,-54.04552087560023,54.04552087560023,17.71,30.0
04a60033o0507o,185.4480875,10.591487500000001,>20.48,0.0,3.0,o,21.957,60033.20781205,1733.09,5079.96,159.0,182.4,-11.7,9.1,181.7,-1091.1,468.7,1.05,2.3,1.87,1.0,3.0,-0.4057,-14.591974081380249,11.34931317440686,19.47,30.0
04a60033o0568o,185.4480875,10.591487500000001,>20.45,0.0,3.0,o,21.946,60033.23622545,1776.33,5093.4,184.0,182.0,8.9,9.3,181.6,-143.0,487.0,1.18,2.24,1.9,1.0,3.0,-0.4297,11.343586085336682,11.853410179059676,19.44,30.0
04a60033o0626o,185.4480875,10.591487500000001,>20.35,0.0,3.0,o,21.946,60033.26353775,1723.78,4994.09,182.0,183.2,-2.1,9.6,183.1,-770.2,585.1,1.22,2.37,1.92,1.0,3.0,-0.4117,-2.814670845702166,12.867066723209902,19.36,30.0
04a60033o0632o,185.4480875,10.591487500000001,>20.29,0.0,3.0,o,21.944,60033.26643515,1705.84,5109.58,172.0,180.3,-19.8,8.9,180.4,963.0,681.1,1.14,2.48,2.07,1.0,3.0,-0.4077,-29.88449778501056,13.43293082255525,19.26,30.0
02a60033o0451o,185.4480875,10.591487500000001,>20.08,0.0,3.0,o,22.056,60033.45493665,8940.17,1603.51,210.0,180.6,2.3,11.6,179.1,-924.8,712.5,1.07,2.37,2.24,1.0,3.0,-0.3797,3.155607253358412,15.915236582155469,19.18,30.0
02a60033o0457o,185.4480875,10.591487500000001,>20.12,0.0,3.0,o,22.057,60033.45887985,8921.8,1564.04,170.0,180.1,4.7,11.1,182.7,1690.4,625.6,0.91,2.39,2.24,1.0,3.0,-0.3707,6.443213504275408,15.216951042012132,19.2,30.0
02a60033o0513o,185.4480875,10.591487500000001,>19.65,0.0,3.0,o,21.77,60033.48724945,8982.5,1644.78,181.0,179.0,-15.9,12.9,178.9,-1069.9,838.0,0.95,2.42,2.26,1.0,3.0,-0.3667,-28.898791039152798,23.446188956293778,18.64,30.0
02a60033o0554o,185.4480875,10.591487500000001,>19.14,0.0,3.0,o,21.172,60033.50933015,9013.13,1531.52,199.0,182.0,-13.2,14.5,181.6,-37.9,793.5,1.1,2.27,1.97,1.0,3.0,-0.4357,-36.259746192809736,39.83078180270767,18.25,30.0
04a60034o0486o,185.4480875,10.591487500000001,>19.6253862640722,0.0,1.08,o,21.95,60034.19699275,1718.2,5086.15,176.0,182.1,14.1,13.0,178.1,-460.5,778.8,0.89,2.3,1.92,1.0,3.0,-0.4237,18.47595614217386,17.034569492784406,19.09,30.0
04a60034o0497o,185.4480875,10.591487500000001,>19.657017877774138,0.0,2.4,o,21.951,60034.20213435,1741.85,5119.68,255.0,182.1,30.7,12.8,175.5,-1818.6,747.2,0.9,2.29,1.93,1.0,3.0,-0.4137,39.855651444101426,16.617340015781707,19.09,30.0
04a60034o0504o,185.4480875,10.591487500000001,>20.05,0.0,3.0,o,21.951,60034.20549615,1687.05,5038.58,200.0,182.3,10.8,13.0,182.9,528.7,644.3,1.3,2.3,1.93,1.0,3.0,-0.4097,14.030322241142828,16.88835084582007,19.12,30.0
04a60034o0579o,185.4480875,10.591487500000001,>20.26,0.0,3.0,o,21.945,60034.24094705,1694.56,5123.38,180.0,180.8,-9.4,10.1,184.2,1438.7,548.4,0.84,2.38,1.96,1.0,3.0,-0.4057,-12.856407435167512,13.8137994782119,19.34,30.0
02a60034o0449o,185.4480875,10.591487500000001,>20.15,0.0,3.0,o,22.053,60034.44484355,8782.71,9874.25,149.0,181.1,-12.4,14.0,180.0,139.6,697.2,0.7,2.21,1.86,1.0,3.0,-0.4447,-14.024443861441481,15.834049520982315,19.13,30.0
02a60034o0500o,185.4480875,10.591487500000001,>20.02,0.0,3.0,o,22.05,60034.47059955,8764.5,9833.06,189.0,182.0,-7.8,14.5,180.7,860.8,874.1,1.14,2.25,1.99,1.0,3.0,-0.4247,-9.459952211376951,17.585808598072536,19.11,30.0
02a60034o0508o,185.4480875,10.591487500000001,>20.0,0.0,3.0,o,22.048,60034.47570255,8824.56,9909.72,176.0,181.4,-3.4,13.7,180.9,562.8,817.0,1.15,2.33,2.06,1.0,3.0,-0.4147,-4.387941245257296,17.680822076477927,19.04,30.0
02a60034o0514o,185.4480875,10.591487500000001,>20.06,0.0,3.0,o,22.045,60034.47969445,8843.47,9792.21,131.0,182.0,-20.6,14.2,184.2,-255.7,809.2,1.56,2.24,1.96,1.0,3.0,-0.4337,-24.8159014246601,17.106106807289972,19.07,30.0
03a60035o0356o,185.4480875,10.591487500000001,>19.94,0.0,3.0,o,22.065,60034.88137295,2177.2,9566.47,188.0,181.9,12.9,15.3,182.3,-1887.5,813.1,0.79,2.29,2.02,1.0,3.0,-0.4147,15.79557017684525,18.73428090742111,19.08,30.0
03a60035o0363o,185.4480875,10.591487500000001,>20.04,0.0,3.0,o,22.067,60034.88460885,2158.06,9526.91,158.0,182.2,-5.0,13.5,183.1,-1201.9,744.1,1.34,2.34,2.04,1.0,3.0,-0.4147,-6.306302142100349,17.02701578367094,19.06,30.0
03a60035o0380o,185.4480875,10.591487500000001,>19.643053206711148,0.0,1.27,o,22.067,60034.89248235,2213.22,9605.09,173.0,181.1,18.1,14.3,183.5,854.7,880.7,1.3,2.24,1.98,1.0,3.0,-0.4167,21.24958871652165,16.78834909647843,19.12,30.0
03a60035o0392o,185.4480875,10.591487500000001,>19.613785247874876,0.0,1.7,o,22.067,60034.89797105,2236.67,9487.71,203.0,180.7,23.3,13.7,176.7,-1276.7,705.2,0.98,2.31,2.07,1.0,3.0,-0.4097,29.30198162368005,17.22906215641273,19.09,30.0
02a60035o0442o,185.4480875,10.591487500000001,>18.65,0.0,3.0,o,21.558,60035.44488185,8780.4,9871.07,151.0,211.8,-39.8,36.4,208.3,-3784.1,1998.2,0.88,2.16,1.85,1.0,3.0,-0.4437,-68.97112293679929,63.079117459786275,17.79,30.0
02a60035o0494o,185.4480875,10.591487500000001,>18.56,0.0,3.0,o,21.535,60035.47013965,8762.17,9831.55,160.0,185.5,10.4,27.9,174.8,-847.4,1906.4,1.25,2.44,2.28,1.0,3.0,-0.3487,23.48100915780304,62.99232264449085,17.67,30.0
02a60035o0500o,185.4480875,10.591487500000001,>18.21,0.0,3.0,o,21.332,60035.47309815,8822.17,9911.66,167.0,190.2,-4.9,33.9,194.0,293.9,2502.8,1.6,2.42,2.17,1.0,3.0,-0.4347,-13.627930972582561,94.28303264705079,17.27,30.0
02a60035o0510o,185.4480875,10.591487500000001,>18.03,0.0,3.0,o,21.309,60035.47861475,8842.7,9795.93,131.0,185.1,23.1,33.4,184.2,2663.5,2278.7,1.03,2.65,2.31,1.0,3.0,-0.2817,66.43984016614388,96.0645308029959,17.07,30.0
04a60036o0319o,185.4480875,10.591487500000001,>19.38,0.0,3.0,o,21.904,60036.11729525,8849.01,5533.95,176.0,180.2,3.9,21.7,177.1,159.3,1205.9,0.97,2.41,1.95,1.0,3.0,-0.4187,5.647744043985156,31.424627116532793,18.43,30.0
04a60036o0326o,185.4480875,10.591487500000001,>18.940239932891927,0.0,1.15,o,21.909,60036.12049565,8830.71,5495.16,156.0,180.2,25.1,21.8,180.6,1087.1,1299.8,0.89,2.45,1.98,1.0,3.0,-0.4067,36.93718047579423,32.080897783757536,18.41,30.0
04a60036o0332o,185.4480875,10.591487500000001,>19.38,0.0,3.0,o,21.908,60036.12323845,8889.6,5572.37,185.0,181.8,-7.9,22.3,184.5,612.0,1223.2,0.93,2.37,1.95,1.0,3.0,-0.4077,-11.096059936139117,31.321789439987633,18.44,30.0
04a60036o0346o,185.4480875,10.591487500000001,>19.49,0.0,3.0,o,21.867,60036.19321695,8935.89,5449.81,171.0,181.1,-16.1,22.5,185.5,1259.6,1180.4,1.27,2.12,1.87,1.0,3.0,-0.4427,-20.804730230261093,29.074933551607117,18.56,30.0
04a60042o0500o,185.4480875,10.591487500000001,>19.47,0.0,3.0,o,21.928,60042.19444775,7946.46,5262.04,203.0,179.8,1.2,22.7,182.0,2343.0,1467.1,1.15,2.27,1.87,1.0,3.0,-0.4287,1.5495566388956645,29.312446419109655,18.44,30.0
04a60042o0522o,185.4480875,10.591487500000001,>19.45,0.0,3.0,o,21.907,60042.20459795,7972.65,5292.22,176.0,181.7,-12.4,24.7,180.6,703.3,1209.7,1.19,2.12,1.83,1.0,3.0,-0.4437,-15.12750764560959,30.1330192618191,18.46,30.0
04a60042o0528o,185.4480875,10.591487500000001,>19.39,0.0,3.0,o,21.922,60042.20738415,7915.69,5214.3,192.0,179.2,1.1,23.6,179.3,551.2,1306.5,0.93,2.3,1.89,1.0,3.0,-0.4167,1.4465753842749465,31.035617335353397,18.4,30.0
04a60042o0548o,185.4480875,10.591487500000001,>19.39,0.0,3.0,o,21.922,60042.21670765,7901.74,5322.8,286.0,182.6,22.3,23.7,178.9,-457.8,1364.4,0.86,2.32,1.87,1.0,3.0,-0.4217,29.403105335160177,31.24904019925095,18.38,30.0
03a60044o0505o,185.4480875,10.591487500000001,>19.8,0.0,3.0,o,22.05,60043.95163515,5726.09,8781.73,207.0,181.4,3.8,14.5,179.8,-269.9,802.5,0.7,2.56,2.14,1.0,3.0,-0.3927,5.475150740409915,20.892022562090467,18.91,30.0
03a60044o0511o,185.4480875,10.591487500000001,>19.66,0.0,3.0,o,22.05,60043.95445255,5744.59,8822.06,170.0,181.7,-1.1,12.1,183.9,989.7,806.8,1.06,3.08,2.43,1.0,3.0,-0.3647,-2.1101261547076806,23.211387701784485,18.73,30.0
03a60044o0523o,185.4480875,10.591487500000001,>19.82,0.0,3.0,o,22.047,60043.95997395,5687.88,8743.74,181.0,180.3,-0.8,12.6,183.1,2705.0,815.3,1.14,2.79,2.22,1.0,3.0,-0.3847,-1.297196923469665,20.43085154464722,18.79,30.0
03a60044o0546o,185.4480875,10.591487500000001,>19.86,0.0,3.0,o,22.044,60043.97083125,5666.26,8860.19,177.0,180.4,-0.5,15.4,181.1,478.8,833.7,1.01,2.39,2.04,1.0,3.0,-0.3937,-0.645292797912238,19.87501817569693,18.88,30.0
04a60045o0420o,185.4480875,10.591487500000001,19.43,0.26,3.7,o,21.933,60045.16189035,5783.55,8770.33,210.0,182.4,46.2,12.5,178.2,-1063.2,693.7,1.09,2.33,1.93,1.0,3.0,-0.3997,61.25110822653149,16.572269541810467,19.06,30.0
04a60045o0427o,185.4480875,10.591487500000001,>19.667867874670595,0.0,2.03,o,21.93,60045.16509045,5805.85,8805.92,188.0,182.1,24.2,11.9,181.9,809.7,650.1,1.23,2.36,1.97,1.0,3.0,-0.4017,33.323632811426165,16.38641448165171,19.02,30.0
04a60045o0440o,185.4480875,10.591487500000001,>19.561384805984623,0.0,2.14,o,21.928,60045.17108245,5752.93,8722.38,191.0,181.0,28.2,13.2,180.0,909.1,861.8,1.07,2.37,1.95,1.0,3.0,-0.3997,38.6003116404969,18.068230980658118,19.03,30.0
04a60045o0470o,185.4480875,10.591487500000001,>19.617091969103438,0.0,2.53,o,21.927,60045.18490075,5744.3,8827.42,210.0,182.7,32.7,12.9,182.0,-165.7,760.1,0.92,2.34,1.92,1.0,3.0,-0.4047,43.75458651314909,17.26098367032487,19.04,30.0
04a60048o0415c,185.4480875,10.591487500000001,19.19,0.15,6.61,c,21.946,60048.15254185,5891.0,546.3,214.0,181.6,43.6,6.6,180.7,934.1,332.0,1.2,2.75,2.28,1.0,3.0,-0.3607,76.82680550262963,11.629745787095308,19.41,30.0
04a60048o0422c,185.4480875,10.591487500000001,19.43,0.19,5.28,c,21.948,60048.15577035,5912.8,581.6,210.0,182.1,37.5,7.1,181.3,623.4,388.8,1.19,2.64,2.19,1.0,3.0,-0.3667,61.15585675156982,11.578842211630553,19.44,30.0
04a60048o0435c,185.4480875,10.591487500000001,19.13,0.15,6.52,c,21.944,60048.16168635,5860.14,497.29,227.0,180.7,42.4,6.5,181.0,1201.8,440.7,1.08,2.85,2.4,1.0,3.0,-0.3487,80.75709788460368,12.380215477592545,19.37,30.0
04a60048o0477c,185.4480875,10.591487500000001,19.08,0.14,7.26,c,21.943,60048.18145805,5854.99,593.42,238.0,181.5,52.3,7.2,180.8,765.6,356.8,1.06,2.66,2.15,1.0,3.0,-0.3647,84.60198066920054,11.646926593083057,19.42,30.0
03a60050o0428o,185.44817374999997,10.591492500000001,18.45,0.08,12.53,o,22.063,60049.90696185,5617.8,4914.13,290.0,182.3,101.5,8.1,180.6,-538.6,519.8,1.26,2.59,2.21,1.0,3.0,-0.3987,151.81574855827287,12.115345451448375,19.52,30.0
03a60050o0436o,185.44817374999997,10.591492500000001,18.82,0.11,9.31,o,22.062,60049.91085275,5636.19,4953.64,260.0,182.9,74.5,8.0,181.1,445.6,522.4,1.3,2.53,2.17,1.0,3.0,-0.4037,107.47198567146269,11.54061591102955,19.51,30.0
03a60050o0448o,185.44817374999997,10.591492500000001,18.56,0.09,11.85,o,22.061,60049.91658255,5580.75,4875.8,277.0,181.4,101.9,8.6,181.0,106.8,454.6,1.32,2.42,2.1,1.0,3.0,-0.4087,136.82567206465103,11.547603334209995,19.51,30.0
03a60050o0469o,185.44817374999997,10.591492500000001,18.4,0.08,13.86,o,22.06,60049.92651065,5558.72,4992.04,290.0,181.4,120.6,8.7,177.6,-74.1,462.7,1.39,2.41,2.07,1.0,3.0,-0.4057,158.66949558878665,11.446306895708487,19.51,30.0
04a60051o0400c,185.4481758333333,10.591480833333334,18.29,0.08,12.81,c,21.946,60051.14274395,5593.78,4911.14,301.0,181.4,112.7,8.8,178.1,31.0,482.4,1.01,2.57,2.13,1.0,3.0,-0.3717,175.14405002419875,13.675844189999546,19.38,30.0
04a60051o0407c,185.4481758333333,10.591480833333334,18.37,0.08,12.29,c,21.947,60051.14598985,5615.86,4946.36,275.0,182.1,105.7,8.6,182.5,882.5,456.0,0.81,2.58,2.1,1.0,3.0,-0.3717,162.43242695280927,13.215883366075301,19.37,30.0
04a60051o0423c,185.4481758333333,10.591480833333334,18.24,0.08,13.64,c,21.947,60051.15336665,5563.96,4861.59,277.0,179.9,124.1,9.1,177.8,1349.4,531.2,0.9,2.53,2.05,1.0,3.0,-0.3767,183.40235543509468,13.448520825619351,19.4,30.0
04a60051o0444c,185.4481758333333,10.591480833333334,18.25,0.07,14.08,c,21.947,60051.16321805,5553.64,4968.27,322.0,181.6,122.5,8.7,180.9,627.0,508.9,1.24,2.58,2.03,1.0,3.0,-0.3727,182.1421999877563,12.935813386885547,19.42,30.0
03a60053o0367o,185.4481857142857,10.591485714285714,18.08,0.06,16.67,o,21.979,60052.87839675,9948.5,9163.95,314.0,181.9,150.0,9.0,182.8,1449.3,527.1,1.17,2.39,2.08,1.0,3.0,-0.4067,212.08562835867636,12.725137701520582,19.5,30.0
03a60053o0374o,185.4481857142857,10.591485714285714,17.99,0.11,9.0,o,21.194,60052.88174435,9966.78,9204.03,235.0,182.7,74.7,8.3,180.9,710.5,435.2,1.12,2.47,2.14,1.0,3.0,-0.4077,231.62747542827495,25.736386158697222,18.65,30.0
04a60054o0393c,185.44818666666663,10.591479999999999,18.26,0.07,13.99,c,21.938,60054.13640485,9873.87,5170.34,277.0,180.0,114.7,8.2,181.6,1788.5,457.7,1.22,2.59,2.11,1.0,3.0,-0.3757,179.93033252264885,12.863371636318401,19.49,30.0
04a60054o0401c,185.44818666666663,10.591479999999999,18.22,0.07,14.2,c,21.937,60054.14002685,9896.26,5205.67,268.0,179.9,115.0,8.1,181.2,1264.9,483.0,1.3,2.64,2.17,1.0,3.0,-0.3677,187.89717315760115,13.234496544144081,19.42,30.0
04a60054o0423c,185.44818666666663,10.591479999999999,18.12,0.07,15.74,c,21.937,60054.15015575,9846.27,5119.68,315.0,180.7,129.1,8.2,181.4,1087.3,465.5,1.04,2.62,2.13,1.0,3.0,-0.3707,206.04680388186858,13.087403499855323,19.43,30.0
04a60054o0435c,185.44818666666663,10.591479999999999,18.1,0.06,16.27,c,21.935,60054.15562495,9830.48,5231.81,265.0,180.5,130.2,8.0,180.6,1462.5,464.4,1.25,2.64,2.12,1.0,3.0,-0.3697,208.5977008303688,12.817063031051847,19.45,30.0
04a60057o0358c,185.44817954545454,10.591475454545455,17.88,0.06,17.72,c,21.843,60057.14558805,3845.78,8853.71,321.0,181.7,150.6,8.5,182.2,1329.3,478.7,1.17,2.58,2.11,1.0,3.0,-0.3737,256.38102435741445,14.47037654075712,19.35,30.0
04a60057o0365c,185.44817954545454,10.591475454545455,17.79,0.05,19.89,c,21.841,60057.14876535,3867.68,8889.55,356.0,181.7,159.1,8.0,183.1,2302.2,387.1,1.01,2.62,2.13,1.0,3.0,-0.3757,278.68257818623795,14.012951762978654,19.33,30.0
04a60057o0377c,185.44817954545454,10.591475454545455,17.8,0.05,21.24,c,21.841,60057.15417365,3812.91,8807.51,334.0,182.4,159.3,7.5,182.1,1260.7,378.3,1.75,2.64,2.1,1.0,3.0,-0.3707,275.9292513917657,12.9910193687272,19.36,30.0
04a60057o0401c,185.44817954545454,10.591475454545455,17.94,0.06,17.41,c,21.834,60057.16520545,3800.7,8915.37,300.0,182.2,132.3,7.6,181.8,1376.2,368.6,1.08,2.71,2.17,1.0,3.0,-0.3637,243.0790969144182,13.963727411561436,19.3,30.0
04a60063o0422o,185.44818461538458,10.591468076923075,17.74,0.07,14.56,o,21.918,60063.14493865,1827.47,6993.49,351.0,182.0,186.4,12.8,181.8,2440.0,853.9,1.39,2.55,2.09,1.0,3.0,-0.3827,292.3419367695715,20.07498278245984,18.84,30.0
04a60063o0429o,185.44818461538458,10.591468076923075,17.84,0.08,13.57,o,21.918,60063.14813015,1848.85,7029.55,378.0,183.0,180.5,13.3,186.0,1529.5,758.1,1.08,2.46,2.02,1.0,3.0,-0.3857,264.6807935639997,19.50279531524209,18.92,30.0
04a60063o0490o,185.44818461538458,10.591468076923075,17.85,0.08,12.87,o,21.909,60063.17652875,1807.7,6931.87,347.0,180.8,169.9,13.2,180.9,2569.0,670.7,1.28,2.49,2.08,1.0,3.0,-0.3907,263.0357665976347,20.43597480334772,18.86,30.0
04a60063o0504o,185.44818461538458,10.591468076923075,17.73,0.07,15.1,o,21.907,60063.18289075,1789.41,7044.26,371.0,181.4,200.8,13.3,179.8,2978.5,758.6,1.13,2.42,2.0,1.0,3.0,-0.4057,295.0990527190087,19.545903392245098,18.88,30.0
04a60069o0448o,185.44818461538458,10.591468076923075,>18.397728738030562,0.0,1.59,o,21.896,60069.15177325,4000.85,591.58,266.0,180.0,50.9,32.1,187.5,2559.2,1784.1,1.15,2.56,2.11,1.0,3.0,-0.3987,83.79130381801141,52.8428458262901,17.88,30.0
04a60069o0455o,185.44818461538458,10.591468076923075,18.09,0.22,4.35,o,21.891,60069.15496695,4022.39,629.81,347.0,189.4,131.0,30.1,191.7,3060.5,2244.9,0.98,2.51,2.08,1.0,3.0,-0.4047,210.5557458556469,48.37960267370209,17.87,30.0
04a60069o0475o,185.44818461538458,10.591468076923075,>18.40199770013069,0.0,2.45,o,21.896,60069.16415495,3967.18,544.74,260.0,193.4,77.8,31.7,193.2,915.0,2528.8,1.1,2.63,2.1,1.0,3.0,-0.3847,129.27465442419998,52.673605980040364,17.84,30.0
04a60069o0498o,185.44818461538458,10.591468076923075,18.0,0.24,4.0,o,21.89,60069.17470965,3953.16,658.57,373.0,183.5,122.9,30.7,184.5,3321.6,2143.3,0.92,2.7,2.27,1.0,3.0,-0.3917,229.35079481558333,57.29104475865262,17.76,30.0
02a60069o0430o,185.44818461538458,10.591468076923075,>18.568855519600575,0.0,1.81,o,22.091,60069.43233095,6837.57,9941.66,255.0,184.0,68.8,38.1,197.1,5638.9,2119.4,1.03,2.24,2.01,1.0,3.0,-0.4327,81.39378773961262,45.0741760592913,18.26,30.0
02a60069o0439o,185.44818461538458,10.591468076923075,>18.43449260797203,0.0,2.44,o,22.07,60069.43743345,6820.63,9902.33,241.0,180.3,103.1,42.3,187.0,5709.3,2152.7,1.37,2.24,2.0,1.0,3.0,-0.4417,124.76576234208065,51.189056712609236,18.2,30.0
02a60069o0451o,185.44818461538458,10.591468076923075,>18.600737541207646,0.0,2.74,o,22.053,60069.44401325,6882.02,9982.82,121.0,178.9,96.1,35.1,179.8,1106.5,2186.2,1.04,2.29,2.13,1.0,3.0,-0.3697,120.36416815048842,43.9623548603761,18.14,30.0
02a60069o0520o,185.44818461538458,10.591468076923075,>18.25673871354995,0.0,1.24,o,22.038,60069.47786995,6914.51,9864.38,116.0,182.0,55.1,44.6,176.8,3473.8,2545.7,1.75,2.32,2.1,1.0,3.0,-0.4377,74.40765603549181,60.22833864215852,17.97,30.0
03a60071o0441o,185.44818310344823,10.59146068965517,18.66,0.2,5.03,o,22.063,60070.89206365,3696.03,4971.59,237.0,175.3,93.1,18.5,172.6,-1162.3,1408.9,1.32,2.43,2.12,1.0,3.0,-0.3977,125.2133286146012,24.881273677444927,18.58,30.0
03a60071o0448o,185.44818310344823,10.59146068965517,18.54,0.19,5.27,o,22.059,60070.89523275,3714.18,5010.7,292.0,179.2,111.8,21.2,174.3,291.1,1283.9,0.76,2.32,2.03,1.0,3.0,-0.4037,138.73453141138611,26.30744245010184,18.61,30.0
03a60071o0470o,185.44818310344823,10.59146068965517,18.28,0.15,6.96,o,22.057,60070.90539675,3660.31,4932.33,284.0,181.9,130.1,18.7,178.9,676.6,1017.4,1.07,2.44,2.13,1.0,3.0,-0.3987,177.6664692028758,25.536994420397985,18.58,30.0
03a60071o0484o,185.44818310344823,10.59146068965517,18.1,0.13,7.96,o,22.056,60070.91179455,3639.95,5047.61,321.0,181.0,155.2,19.5,180.7,2366.9,1325.8,1.23,2.43,2.09,1.0,3.0,-0.4037,208.25863709343048,26.16651690284726,18.55,30.0
04a60072o0370o,185.44819290322576,10.591453870967738,18.88,0.24,4.12,o,21.902,60072.12234185,1746.3,5059.44,256.0,180.8,59.4,14.4,180.6,970.0,826.8,1.22,2.63,2.19,1.0,3.0,-0.3787,101.79936139183924,24.67863306468831,18.62,30.0
04a60072o0377o,185.44819290322576,10.591453870967738,18.76,0.21,4.7,o,21.9,60072.12553715,1767.83,5095.74,-23.0,-88.7,70.9,15.1,-86.6,7106.4,978.3,1.15,2.51,2.12,1.0,3.0,-0.3947,114.13387512340685,24.307778763941368,18.68,30.0
04a60072o0402o,185.44819290322576,10.591453870967738,18.49,0.16,6.23,o,21.9,60072.13710525,1716.74,5009.4,285.0,181.6,96.5,15.5,181.3,-266.0,924.5,0.93,2.47,2.01,1.0,3.0,-0.3997,145.60593225712182,23.38748134699884,18.69,30.0
04a60072o0414o,185.44819290322576,10.591453870967738,18.56,0.17,5.82,o,21.898,60072.14256845,1700.0,5121.88,282.0,185.6,91.9,15.8,185.5,482.3,933.0,1.05,2.45,2.01,1.0,3.0,-0.3927,136.91038712159224,23.53845611013229,18.68,30.0
03a60074o0384o,185.4481945454545,10.591453636363635,18.85,0.2,5.0,o,21.963,60073.86632895,9912.98,7228.91,250.0,184.1,68.5,13.7,181.0,-79.5,936.7,0.95,2.5,2.16,1.0,3.0,-0.3877,104.9163266525715,20.9832653305143,18.83,30.0
03a60074o0391o,185.4481945454545,10.591453636363635,18.97,0.23,4.31,o,21.953,60073.86954345,9932.48,7268.5,255.0,185.1,55.2,12.8,186.7,728.7,926.2,1.18,2.6,2.3,1.0,3.0,-0.3837,94.14537875847998,21.83081246573449,18.76,30.0
03a60074o0403o,185.4481945454545,10.591453636363635,18.55,0.16,6.26,o,21.923,60073.87504215,9875.59,7189.49,259.0,186.4,86.4,13.8,184.8,3153.0,927.3,0.98,2.5,2.16,1.0,3.0,-0.3937,138.05948454389417,22.05116767020532,18.72,30.0
03a60074o0445o,185.4481945454545,10.591453636363635,18.77,0.17,5.75,o,22.042,60073.89451045,9855.61,7306.25,240.0,184.7,72.4,12.6,183.4,155.2,753.7,1.09,2.62,2.27,1.0,3.0,-0.3767,112.41505052025448,19.563945256287383,18.87,30.0
04a60075o0315o,185.44819499999994,10.59145764705882,>17.886103051397942,0.0,2.68,o,20.079,60075.08927925,9957.99,7091.99,195.0,182.6,27.3,10.2,180.0,446.3,541.1,1.1,2.46,2.09,1.0,3.0,-0.3927,226.77897369710902,84.73060555716161,17.27,30.0
04a60075o0322o,185.44819499999994,10.59145764705882,18.48,0.25,3.89,o,20.943,60075.09245215,9980.16,7128.01,212.0,186.2,40.8,10.5,186.1,1291.8,807.2,1.18,2.43,2.04,1.0,3.0,-0.3927,147.45358958066504,37.947614965612324,18.18,30.0
04a60075o0344o,185.44819499999994,10.59145764705882,18.52,0.16,6.14,o,21.587,60075.10254405,9927.53,7042.6,229.0,181.4,74.3,12.1,182.3,354.1,562.7,1.1,2.39,1.97,1.0,3.0,-0.4037,142.36777121281645,23.18506099158922,18.8,30.0
04a60075o0358o,185.44819499999994,10.59145764705882,19.07,0.24,4.02,o,21.651,60075.10890845,9912.94,7154.19,227.0,180.2,48.6,12.1,182.5,439.8,680.6,1.01,2.34,1.95,1.0,3.0,-0.4107,85.63385265623135,21.32036249260081,18.88,30.0
03a60080o0364c,185.44820028571422,10.59146514285714,19.93,0.25,3.93,c,22.106,60079.85480555,2158.95,658.01,202.0,182.0,27.9,7.1,180.2,-455.0,447.4,1.1,2.49,2.23,1.0,3.0,-0.392,38.67115635889739,9.841046958715824,19.7,30.0
03a60080o0371c,185.44820028571422,10.59146514285714,>20.25876775293734,0.0,2.38,c,22.105,60079.85800415,2179.19,698.71,215.0,182.2,16.9,7.1,182.1,421.8,381.3,0.96,2.47,2.19,1.0,3.0,-0.39,22.798512805681067,9.57807342723879,19.67,30.0
03a60080o0383c,185.44820028571422,10.59146514285714,19.67,0.18,5.46,c,22.102,60079.86348775,2121.97,618.68,211.0,182.5,37.1,6.8,183.2,684.8,379.4,1.36,2.42,2.18,1.0,3.0,-0.393,49.08225579701146,8.996208609694824,19.68,30.0
03a60080o0415c,185.44820028571422,10.59146514285714,19.97,0.25,3.93,c,22.095,60079.87864705,2102.25,736.81,206.0,181.9,27.1,6.9,182.2,134.4,341.7,1.1,2.48,2.2,1.0,3.0,-0.392,37.28399128631699,9.492971951128682,19.68,30.0
03a60083o0241c,185.44820028571422,10.59146514285714,>20.06926024528187,0.0,2.61,c,22.076,60082.79585295,10338.6,921.54,205.0,181.9,14.1,5.4,181.3,265.4,312.1,0.98,3.04,2.72,1.0,3.0,-0.3787,29.554277415885586,11.318659435871076,19.5,30.0
03a60083o0248c,185.44820028571422,10.59146514285714,>20.51,0.0,3.0,c,21.97,60082.79907335,10355.9,961.45,194.0,182.2,4.2,5.0,183.1,-408.9,388.4,1.18,2.96,2.59,1.0,3.0,-0.3827,9.032324061817729,10.7527667402592,19.46,30.0
03a60083o0260c,185.44820028571422,10.59146514285714,19.75,0.24,4.02,c,22.068,60082.80458875,10301.3,884.16,202.0,181.4,21.7,5.4,181.7,774.7,342.2,0.91,3.02,2.71,1.0,3.0,-0.3827,45.519209667050674,11.327360930971137,19.52,30.0
03a60083o0271c,185.44820028571422,10.59146514285714,20.07,0.3,3.17,c,22.08,60082.80963285,212.22,676.04,199.0,182.2,19.0,6.0,184.0,702.0,391.0,0.99,2.82,2.49,1.0,3.0,-0.3907,34.069111032996155,10.758666641998785,19.61,30.0
03a60083o0278c,185.44820028571422,10.59146514285714,>20.06636255165431,0.0,2.8,c,22.08,60082.81282995,231.0,716.37,179.0,181.8,17.1,6.1,180.0,-796.0,390.8,0.88,2.88,2.56,1.0,3.0,-0.3827,31.95856781893021,11.400424777513113,19.56,30.0
03a60083o0285c,185.44820028571422,10.59146514285714,>20.010274109971075,0.0,1.52,c,21.927,60082.81601665,10277.4,1003.05,171.0,181.6,8.5,5.6,181.8,394.2,420.6,1.25,2.88,2.53,1.0,3.0,-0.3897,18.192428634038965,11.985600041249198,19.42,30.0
03a60083o0291c,185.44820028571422,10.59146514285714,>20.109764953740942,0.0,1.37,c,22.079,60082.81875115,173.92,636.34,204.0,182.4,8.5,6.2,182.4,452.1,503.2,0.81,2.79,2.47,1.0,3.0,-0.3917,14.985761881430061,10.930791019396048,19.63,30.0
03a60083o0314c,185.44820028571422,10.59146514285714,19.9,0.26,3.72,c,22.08,60082.82930435,153.58,754.1,208.0,182.6,20.1,5.4,183.0,1411.7,404.9,1.1,2.94,2.66,1.0,3.0,-0.3807,39.772580519929924,10.685170885951326,19.52,30.0
04a60084o0121o,185.44820028571422,10.59146514285714,>17.58,0.0,3.0,o,19.414,60084.06295395,3749.7,6921.02,172.0,181.6,-0.2,10.9,181.0,160.0,651.0,1.01,2.47,2.02,1.0,3.0,-0.4117,-3.027171762604123,164.9808610619247,16.6,30.0
04a60084o0127o,185.44820028571422,10.59146514285714,>18.25,0.0,3.0,o,20.106,60084.06568045,3771.93,6957.05,208.0,180.7,-0.6,11.6,181.5,-323.3,584.8,0.95,2.38,2.0,1.0,3.0,-0.4087,-4.56790379250094,88.31280665501818,17.31,30.0
04a60084o0139o,185.44820028571422,10.59146514285714,>16.967571812112826,0.0,1.29,o,19.209,60084.07124815,3717.62,6873.6,249.0,182.9,14.5,11.2,182.1,-75.5,625.2,1.12,2.43,2.0,1.0,3.0,-0.4017,255.83680146416742,197.6118742343914,16.43,30.0
04a60084o0161o,185.44820028571422,10.59146514285714,16.66,0.31,3.08,o,18.881,60084.08162445,3706.68,6980.42,203.0,181.8,33.6,10.9,178.9,560.8,603.7,1.47,2.4,1.98,1.0,3.0,-0.4102,790.2681056448577,256.36673665264726,16.12,30.0
02a60085o0173o,185.44820028571422,10.59146514285714,19.9,0.29,3.26,o,22.088,60085.32417965,7038.03,3640.17,210.0,181.2,36.2,11.1,181.9,451.1,492.5,0.98,2.18,1.89,1.0,3.0,-0.4487,39.88279751426026,12.229255591389196,19.46,30.0
02a60085o0180o,185.44820028571422,10.59146514285714,19.66,0.23,4.17,o,22.09,60085.32734565,7019.31,3600.57,236.0,180.1,45.0,10.8,180.2,391.5,580.7,0.85,2.18,1.9,1.0,3.0,-0.4507,49.84038100308781,11.961691440741076,19.49,30.0
02a60085o0228o,185.44820028571422,10.59146514285714,19.66,0.23,4.24,o,22.084,60085.35091245,7084.95,3676.78,235.0,181.0,48.3,11.4,178.0,-11.8,587.5,1.77,2.09,1.83,1.0,3.0,-0.4517,49.71680963643481,11.734402274438034,19.49,30.0
02a60085o0255o,185.44820028571422,10.59146514285714,19.96,0.3,3.17,o,22.087,60085.36481865,7107.84,3565.94,235.0,182.1,34.9,11.0,184.9,1325.2,468.5,1.06,2.11,1.95,1.0,3.0,-0.4317,37.835653444880016,11.925277590076794,19.48,30.0
03a60089o0273o,185.44820028571422,10.59146514285714,19.47,0.28,3.36,o,21.982,60088.80852305,7990.36,9226.13,196.0,182.2,33.3,9.9,178.8,248.1,619.1,0.88,2.71,2.34,1.0,3.0,-0.3907,59.018494522215825,17.546038912010108,19.01,30.0
03a60089o0280o,185.44820028571422,10.59146514285714,>19.64621408853821,0.0,2.13,o,21.918,60088.81177895,8009.22,9266.17,214.0,181.9,21.9,10.3,182.0,-1.3,548.8,1.19,2.49,2.19,1.0,3.0,-0.3987,35.665336183144746,16.77410788522333,18.98,30.0
03a60089o0286o,185.44820028571422,10.59146514285714,>19.566010124150864,0.0,2.58,o,21.911,60088.81455595,7952.5,9186.99,215.0,180.1,27.6,10.7,176.6,127.5,708.7,1.45,2.56,2.19,1.0,3.0,-0.3987,46.5105962974434,18.031281897921893,18.96,30.0
03a60089o0297o,185.44820028571422,10.59146514285714,>19.583561302456634,0.0,1.25,o,21.984,60088.81958775,7931.12,9304.82,201.0,180.8,13.3,10.6,178.2,-1294.6,668.8,1.02,2.63,2.27,1.0,3.0,-0.3947,22.232688948359932,17.719285928768066,19.02,30.0
03a60092o0209o,185.44820028571422,10.59146514285714,>19.35503538551458,0.0,1.07,o,22.072,60091.78502555,7935.85,5355.43,195.0,182.5,15.9,14.8,183.9,915.5,1004.0,1.14,2.59,2.23,1.0,3.0,-0.3907,23.624384191642438,21.989992832472208,18.71,30.0
03a60092o0215o,185.44820028571422,10.59146514285714,>19.38774199737457,0.0,1.87,o,22.071,60091.78780315,7954.15,5394.69,256.0,180.2,27.7,14.8,176.7,840.1,924.1,1.22,2.55,2.19,1.0,3.0,-0.3887,39.75784256303322,21.24245739829934,18.75,30.0
03a60092o0230o,185.44820028571422,10.59146514285714,>19.35294741534162,0.0,2.93,o,22.07,60091.80084305,7898.94,5319.28,202.0,179.0,43.6,14.9,176.0,319.9,882.7,1.05,2.58,2.22,1.0,3.0,-0.3867,64.12360274914408,21.913800022069882,18.73,30.0
03a60092o0242o,185.44820028571422,10.59146514285714,>19.363324766317362,0.0,1.35,o,22.07,60091.80633985,7876.59,5434.78,187.0,177.9,18.5,13.7,179.9,-1229.6,920.8,0.88,2.67,2.31,1.0,3.0,-0.3857,29.272088866116835,21.677168511664902,18.79,30.0
04a60096o0218o,185.44820028571422,10.59146514285714,>17.39,0.0,3.0,o,21.016,60096.06242245,5711.92,6793.67,215.0,175.2,37.4,49.8,184.0,2932.2,3015.0,1.14,2.68,2.12,1.0,3.0,-0.3907,144.5775971009329,192.5124153910818,16.45,30.0
04a60096o0239o,185.44820028571422,10.59146514285714,>16.69,0.0,3.0,o,20.611,60096.07214895,5737.24,6825.45,478.0,407.0,55.5,64.6,421.2,9140.1,3918.9,0.95,2.7,2.13,1.0,3.0,-0.381,312.5468282459687,363.79324512954184,15.85,30.0
04a60096o0246o,185.44820028571422,10.59146514285714,>17.5,0.0,3.0,o,21.069,60096.07532795,5681.14,6746.61,116.0,-5.8,21.2,53.0,-13.5,-1555.6,3249.3,0.77,2.52,2.0,1.0,3.0,-0.394,69.44566526498241,173.614163162456,16.57,30.0
04a60099o0282o,185.44820028571422,10.59146514285714,>18.29,0.0,3.0,o,21.531,60099.06581235,5922.39,490.77,212.0,215.9,33.3,35.7,213.8,3514.5,2522.3,0.88,2.66,2.09,1.0,3.0,-0.3827,77.80919129549288,83.4170609384113,17.36,30.0
04a60099o0288o,185.44820028571422,10.59146514285714,>17.82,0.0,3.0,o,21.282,60099.07753325,5946.89,523.63,98.0,205.5,30.0,39.6,202.9,267.3,2729.4,1.03,2.76,2.22,1.0,3.0,-0.3717,96.19268705308795,126.9743469100761,16.83,30.0
03a60101o0260o,185.44820028571422,10.59146514285714,>18.4,0.0,3.0,o,21.414,60100.80122735,5624.74,4928.94,251.0,186.9,-21.2,22.3,197.1,1346.3,1648.9,1.32,2.94,2.45,1.0,3.0,-0.4147,-73.62206946308626,77.44208250126528,17.38,30.0
03a60101o0266o,185.44820028571422,10.59146514285714,>16.89,0.0,3.0,o,20.284,60100.80404795,5643.59,4967.36,183.0,181.6,-5.9,30.9,178.9,-3362.0,2501.6,0.99,3.03,2.44,1.0,3.0,-0.4527,-61.66563553533875,322.96070136304536,15.9,30.0
03a60101o0299o,185.44820028571422,10.59146514285714,>18.95238556310655,0.0,1.53,o,21.914,60100.81934095,5589.58,4890.73,166.0,176.1,26.4,17.2,173.9,136.7,1201.0,0.98,2.66,2.28,1.0,3.0,-0.4137,48.660790048120916,31.703242001048476,18.37,30.0
03a60101o0334o,185.44820028571422,10.59146514285714,>17.87,0.0,3.0,o,21.03,60100.83554365,5571.63,5007.64,225.0,185.9,17.2,29.1,186.5,1684.0,2019.6,1.0,2.68,2.35,1.0,3.0,-0.3987,73.29761583396144,124.00933841676037,16.89,30.0
04a60108o0185c,185.44820028571422,10.59146514285714,>20.31,0.0,3.0,c,21.837,60108.02372105,2138.68,2637.0,185.0,182.1,1.2,6.6,181.6,-114.3,380.4,0.93,2.78,2.22,1.0,3.0,-0.3917,2.367760448201651,13.022682465109082,19.33,30.0
04a60108o0206c,185.44820028571422,10.59146514285714,>20.31,0.0,3.0,c,21.836,60108.03328115,2164.12,2668.01,-113.0,-102.0,3.0,6.6,-101.0,2354.2,468.2,1.0,2.78,2.22,1.0,3.0,-0.3867,5.897633363168625,12.974793398970974,19.32,30.0
04a60108o0227c,185.44820028571422,10.59146514285714,>20.002692760492433,0.0,2.16,c,21.835,60108.04309525,2112.17,2583.42,215.0,182.2,13.6,6.3,180.2,172.2,354.6,0.97,2.77,2.19,1.0,3.0,-0.3787,26.1108817259915,12.095481976010769,19.34,30.0
04a60108o0234c,185.44820028571422,10.59146514285714,>20.43,0.0,3.0,c,21.833,60108.04628995,2094.84,2697.97,174.0,180.9,-8.6,6.1,182.7,879.6,423.5,1.31,2.74,2.18,1.0,3.0,-0.3787,-16.28786844568429,11.553022967287694,19.33,30.0
04a60111o0167c,185.44820028571422,10.59146514285714,>20.36,0.0,3.0,c,21.84,60111.01390305,5993.02,2450.18,169.0,182.0,1.7,6.9,180.9,366.0,412.0,1.21,2.66,2.12,1.0,3.0,-0.3887,3.0480715981748374,12.371584722003751,19.32,30.0
04a60111o0173c,185.44820028571422,10.59146514285714,>20.32,0.0,3.0,c,21.841,60111.01668595,6014.24,2486.66,177.0,182.0,4.9,7.2,180.8,-57.0,461.4,1.17,2.67,2.11,1.0,3.0,-0.3807,8.70459444946394,12.790424497171502,19.27,30.0
04a60111o0193c,185.44820028571422,10.59146514285714,>19.953619812375436,0.0,1.22,c,21.836,60111.02611505,5962.79,2402.51,180.0,182.1,8.3,6.8,182.8,623.4,346.9,1.03,2.73,2.16,1.0,3.0,-0.3767,15.44732329193842,12.655638359660392,19.3,30.0
04a60111o0235c,185.44820028571422,10.59146514285714,>20.34,0.0,3.0,c,21.826,60111.04536035,5954.14,2507.51,173.0,182.0,-0.5,6.8,182.1,-542.2,389.5,1.18,2.71,2.13,1.0,3.0,-0.3847,-0.926142137077326,12.595533064251635,19.3,30.0
03a60119o0150o,185.44820028571422,10.59146514285714,>19.52,0.0,3.0,o,21.978,60118.75657855,4076.68,624.61,183.0,173.6,2.9,7.1,173.2,930.9,662.7,0.96,4.41,3.08,1.0,3.0,-0.3937,11.080160443925989,27.127289362715352,18.57,30.0
03a60119o0156o,185.44820028571422,10.59146514285714,>19.3361803402092,0.0,2.19,o,22.001,60118.75959175,4095.46,664.42,163.0,181.0,15.3,7.0,180.5,-3.9,637.9,1.27,3.98,2.93,1.0,3.0,-0.3887,48.91036102596251,22.377289358283495,18.69,30.0
03a60119o0172o,185.44820028571422,10.59146514285714,>19.77,0.0,3.0,o,21.999,60118.76772655,4040.62,585.0,152.0,179.2,-12.8,8.5,177.4,-1613.0,753.2,1.12,3.31,2.77,1.0,3.0,-0.3937,-32.37997266350478,21.502325596858647,18.82,30.0
03a60119o0216o,185.44820028571422,10.59146514285714,>19.33,0.0,3.0,o,21.921,60118.79037785,4021.85,701.05,180.0,150.5,-5.6,6.2,155.6,3351.9,599.2,1.08,5.82,3.02,1.0,3.0,-0.4297,-30.163150420781545,33.39491653729385,18.33,30.0
04a60123o0226o,185.44820028571422,10.59146514285714,>19.007296807705195,0.0,1.01,o,21.875,60123.04234465,1763.54,5015.72,216.0,182.8,21.6,21.4,187.4,459.8,1084.6,0.72,2.34,1.92,1.0,3.0,-0.408,30.41232217344488,30.130726597764834,18.47,30.0
04a60123o0232o,185.44820028571422,10.59146514285714,>19.36,0.0,3.0,o,21.892,60123.04508575,1783.27,5054.02,111.0,179.8,-17.5,20.8,175.7,-988.1,1247.3,1.1,2.46,2.02,1.0,3.0,-0.396,-26.534033341399496,31.537593914349117,18.42,30.0
04a60123o0242o,185.44820028571422,10.59146514285714,>19.35,0.0,3.0,o,21.893,60123.05000175,1725.35,4977.11,163.0,178.2,8.3,20.2,176.0,2234.1,1183.9,1.02,2.56,2.02,1.0,3.0,-0.385,12.952338098840311,31.52255778271979,18.41,30.0
04a60123o0272o,185.44820028571422,10.59146514285714,>18.913252375497116,0.0,1.9,o,21.877,60123.06423845,1707.18,5091.36,212.0,181.0,39.3,20.7,178.5,-180.8,1204.8,0.89,2.5,2.07,1.0,3.0,-0.386,62.34213191697927,32.836695437187544,18.36,30.0
04a60126o0163o,185.44820028571422,10.59146514285714,>19.44,0.0,3.0,o,21.895,60126.01665535,10329.1,2677.35,210.0,178.8,-7.1,19.1,180.1,572.2,1213.0,1.19,2.52,1.99,1.0,3.0,-0.4287,-11.16530808769416,30.0362513345012,18.52,30.0
04a60126o0170o,185.44820028571422,10.59146514285714,>19.48,0.0,3.0,o,21.898,60126.01982735,10348.9,2714.72,177.0,177.4,-17.2,17.7,183.0,-400.0,1225.8,1.25,2.58,2.03,1.0,3.0,-0.4037,-27.529792377128565,28.330077039254395,18.54,30.0
04a60126o0193o,185.44820028571422,10.59146514285714,>19.39,0.0,3.0,o,21.883,60126.03046755,10293.5,2635.8,140.0,180.4,2.3,19.3,179.3,1749.8,1184.7,1.2,2.51,2.05,1.0,3.0,-0.4187,3.718040908151904,31.19921283797033,18.49,30.0
04a60126o0196o,185.44820028571422,10.59146514285714,>19.49,0.0,3.0,o,21.873,60126.03182665,212.23,2675.96,179.0,182.0,-13.5,18.7,178.9,372.2,1098.5,1.35,2.41,2.0,1.0,3.0,-0.4327,-20.899675930643582,28.94992147429889,18.51,30.0
04a60126o0202o,185.44820028571422,10.59146514285714,>19.11729000533978,0.0,1.12,o,21.89,60126.03453565,233.03,2714.47,181.0,182.8,19.1,17.1,185.6,899.8,1132.3,1.14,2.52,2.03,1.0,3.0,-0.4157,30.415060958565984,27.230237821543366,18.49,30.0
04a60126o0207o,185.44820028571422,10.59146514285714,>19.33,0.0,3.0,o,21.885,60126.03679045,10272.5,2752.48,151.0,174.6,2.8,19.4,175.9,-2615.8,1208.0,1.14,2.56,2.12,1.0,3.0,-0.4037,4.699943129160895,32.56389168061477,18.47,30.0
04a60126o0215o,185.44820028571422,10.59146514285714,>18.995812106326476,0.0,1.78,o,21.889,60126.04068555,176.23,2634.67,224.0,175.5,33.9,19.0,176.3,372.6,1131.7,1.15,2.54,2.04,1.0,3.0,-0.4137,54.62888387659318,30.617958514904732,18.49,30.0
04a60126o0236o,185.44820028571422,10.59146514285714,>19.46,0.0,3.0,o,21.885,60126.05023895,158.69,2749.76,170.0,174.9,-16.8,18.2,174.0,-1650.5,1523.7,1.05,2.51,2.04,1.0,3.0,-0.4057,-26.654584433568736,28.87579980303279,18.46,30.0
04a60128o0164o,185.44820028571422,10.59146514285714,>19.08,0.0,3.0,o,21.844,60128.01465005,1919.8,8901.19,250.0,183.0,19.1,20.5,189.7,3434.8,1530.5,1.0,2.74,2.28,1.0,3.0,-0.3927,37.93826994265466,40.719085540545564,18.11,30.0
04a60128o0172o,185.44820028571422,10.59146514285714,>19.05,0.0,3.0,o,21.823,60128.01826365,1940.2,8938.97,147.0,180.9,15.8,20.5,183.3,1247.3,1502.2,1.15,2.76,2.28,1.0,3.0,-0.3857,32.022833796261025,41.54861346983234,18.05,30.0
04a60128o0183o,185.44820028571422,10.59146514285714,>19.05,0.0,3.0,o,21.839,60128.02328925,1877.36,8856.83,133.0,182.0,-17.5,21.2,187.6,498.8,1672.6,1.03,2.76,2.23,1.0,3.0,-0.3867,-34.21454264815961,41.448474522341925,18.06,30.0
04a60128o0212o,185.44820028571422,10.59146514285714,>18.58913888050099,0.0,1.5,o,21.83,60128.03673955,1864.18,8971.66,258.0,181.5,31.7,21.1,177.5,1060.7,1599.4,1.02,2.82,2.35,1.0,3.0,-0.3767,66.67069433890484,44.377023676684296,17.99,30.0
04a60129o0127o,185.44820028571422,10.59146514285714,>19.25,0.0,3.0,o,21.887,60128.99856465,1907.71,8905.16,194.0,179.5,14.3,17.0,178.7,-304.7,1061.4,0.9,2.83,2.36,1.0,3.0,-0.3797,28.839864875755875,34.28515404810139,18.33,30.0
04a60129o0133o,185.44820028571422,10.59146514285714,>19.21,0.0,3.0,o,21.885,60129.00126865,1927.97,8943.02,158.0,181.1,12.8,17.8,180.7,668.7,1144.9,0.77,2.82,2.35,1.0,3.0,-0.3817,25.709029672602732,35.751619388463176,18.31,30.0
04a60129o0148o,185.44820028571422,10.59146514285714,>19.25,0.0,3.0,o,21.882,60129.00825425,1873.18,8861.12,238.0,184.6,-5.2,16.6,187.9,2011.9,1120.6,1.22,2.87,2.37,1.0,3.0,-0.3737,-10.670685786092449,34.06411231714128,18.28,30.0
04a60129o0189o,185.44820028571422,10.59146514285714,>19.18,0.0,3.0,o,21.873,60129.02685115,1857.53,8970.96,226.0,175.4,4.0,17.4,172.3,-158.1,1054.8,1.03,2.87,2.4,1.0,3.0,-0.3687,8.342800818071268,36.29118355861001,18.22,30.0
03a60131o0110o,185.44820028571422,10.59146514285714,>19.810339897870797,0.0,1.79,o,21.964,60130.73506545,2141.1,659.86,178.0,181.5,17.2,9.6,180.0,-182.7,543.1,0.95,2.46,2.1,1.0,3.0,-0.4147,25.813185004438274,14.407359072244619,19.29,30.0
03a60131o0124o,185.44820028571422,10.59146514285714,>19.820988388492875,0.0,1.46,o,21.968,60130.74167245,2158.91,699.44,181.0,182.3,14.2,9.7,184.8,541.5,588.7,1.1,2.41,2.12,1.0,3.0,-0.4127,20.960420602167314,14.318033791621337,19.29,30.0
03a60131o0149o,185.44820028571422,10.59146514285714,>20.09,0.0,3.0,o,21.982,60130.75315615,2104.19,619.87,192.0,182.3,-0.9,10.1,180.9,-888.3,582.4,1.06,2.53,2.23,1.0,3.0,-0.4067,-1.4402127088592334,16.162387066086954,19.13,30.0
03a60131o0160o,185.44820028571422,10.59146514285714,>19.96,0.0,3.0,o,21.991,60130.75823655,2083.54,736.38,194.0,183.2,4.7,11.9,184.3,-57.8,729.6,0.83,2.48,2.2,1.0,3.0,-0.4047,7.199974608792151,18.22972294566523,19.04,30.0
04a60132o0138o,185.44820028571422,10.59146514285714,>18.62,0.0,3.0,o,20.846,60132.00460145,10270.2,722.76,160.0,184.3,-6.1,12.9,186.1,389.8,939.9,1.04,2.66,2.27,1.0,3.0,-0.4147,-29.96374373535729,63.365949866575264,17.81,30.0
04a60132o0151o,185.44820028571422,10.59146514285714,>18.73,0.0,3.0,o,20.978,60132.01051295,10289.8,759.74,158.0,181.0,-4.4,10.7,178.7,220.7,864.8,0.86,2.93,2.53,1.0,3.0,-0.3767,-22.68817499740547,55.17351647096329,17.86,30.0
04a60132o0159o,185.44820028571422,10.59146514285714,>17.81,0.0,3.0,o,19.999,60132.01413105,10232.1,681.58,177.0,184.5,6.3,12.1,184.0,802.3,808.5,1.17,2.71,2.3,1.0,3.0,-0.4007,68.80126472320336,132.14211161123185,16.92,30.0
04a60132o0180o,185.44820028571422,10.59146514285714,>16.31,0.0,3.0,o,18.56,60132.02367775,10210.9,798.34,162.0,182.7,0.1,10.6,182.0,1294.5,685.6,0.89,2.95,2.54,1.0,3.0,-0.3737,4.819638643683716,510.8816962304739,15.43,30.0
04a60132o0184o,185.44820028571422,10.59146514285714,>16.53,0.0,3.0,o,19.007,60132.02548145,119.29,717.26,177.0,179.8,-4.5,12.2,176.8,-1360.8,787.9,0.69,3.06,2.62,1.0,3.0,-0.3627,-152.1927543449679,412.6114673352464,15.84,30.0
04a60132o0194o,185.44820028571422,10.59146514285714,>17.33,0.0,3.0,o,19.5,60132.03006755,139.06,755.32,170.0,179.5,-17.0,12.1,182.5,363.3,812.0,1.24,2.67,2.29,1.0,3.0,-0.3917,-285.99234605382895,203.55925807360762,16.53,30.0
04a60132o0210o,185.44820028571422,10.59146514285714,>16.3,0.0,3.0,o,18.922,60132.03730225,80.82,675.33,190.0,175.0,11.5,16.5,175.9,1568.1,1193.9,0.7,2.82,2.41,1.0,3.0,-0.3707,359.1887588288836,515.357784406659,15.86,30.0
04a60132o0242o,185.44820028571422,10.59146514285714,>16.09,0.0,3.0,o,18.716,60132.05182895,61.32,793.02,176.0,183.1,-29.5,19.6,193.1,2916.9,1405.4,1.03,2.61,2.19,1.0,3.0,-0.3937,-956.8974195681524,635.7691330012132,15.7,30.0
04a60134o0118o,185.44820028571422,10.59146514285714,>19.38,0.0,3.0,o,21.664,60133.99569385,3790.21,6867.6,229.0,178.9,11.3,13.4,180.4,1255.4,1021.3,1.04,2.72,2.24,1.0,3.0,-0.4137,26.3423254578595,31.237801870382057,18.59,30.0
04a60134o0124o,185.44820028571422,10.59146514285714,>19.08,0.0,3.0,o,21.489,60133.99842885,3811.63,6904.4,185.0,178.0,-14.5,11.8,183.7,1427.7,968.2,1.0,3.02,2.59,1.0,3.0,-0.3907,-49.91527343964993,40.62070528192202,18.26,30.0
04a60134o0151o,185.44820028571422,10.59146514285714,>19.45,0.0,3.0,o,21.706,60134.01068185,3756.28,6823.44,138.0,177.4,-3.8,11.6,176.7,342.0,893.2,1.27,2.85,2.41,1.0,3.0,-0.4097,-9.572034262639225,29.21989406489869,18.58,30.0
04a60134o0178o,185.44820028571422,10.59146514285714,>19.44,0.0,3.0,o,21.686,60134.02293055,3738.66,6937.13,209.0,179.2,10.5,12.4,183.2,2074.3,1017.5,1.02,2.77,2.3,1.0,3.0,-0.4147,25.104735463240004,29.647497118492957,18.59,30.0
04a60140o0042o,185.44820028571422,10.59146514285714,>19.84,0.0,3.0,o,21.965,60139.96322135,8376.57,2804.73,155.0,179.4,-10.3,11.7,178.1,679.8,869.7,0.94,2.68,2.25,1.0,3.0,-0.4077,-17.91072979691183,20.345197924647415,18.75,30.0
04a60140o0050o,185.44820028571422,10.59146514285714,>19.95,0.0,3.0,o,21.936,60139.96691625,8400.82,2842.57,191.0,181.1,-5.6,10.8,181.7,-394.4,724.9,0.92,2.58,2.24,1.0,3.0,-0.4257,-9.745732721069695,18.795341676348706,18.93,30.0
04a60140o0062o,185.44820028571422,10.59146514285714,>20.12,0.0,3.0,o,21.956,60139.97242025,8344.86,2762.53,191.0,180.7,8.1,9.7,179.4,-682.5,568.2,0.82,2.58,2.17,1.0,3.0,-0.4342,13.512110991537089,16.181169952828366,19.08,30.0
04a60140o0098o,185.44820028571422,10.59146514285714,>20.23,0.0,3.0,o,21.95,60139.98880425,8329.25,2872.63,166.0,181.5,-0.9,8.5,181.8,-451.3,490.0,1.16,2.6,2.2,1.0,3.0,-0.4267,-1.531783134646961,14.466840716110184,19.1,30.0
04a60141o0030o,185.44820028571422,10.59146514285714,>19.19,0.0,3.0,o,21.968,60140.95868675,8375.72,2805.35,121.0,176.4,-10.0,21.7,173.8,607.9,1613.4,0.88,2.67,2.23,1.0,3.0,-0.4227,-17.36100530110393,37.67338150339553,18.16,30.0
04a60141o0037o,185.44820028571422,10.59146514285714,>19.55,0.0,3.0,o,21.965,60140.96185715,8395.9,2841.62,195.0,179.8,9.0,14.8,175.6,89.8,973.6,1.11,2.75,2.27,1.0,3.0,-0.4117,16.261470130094175,26.741084213932645,18.55,30.0
04a60141o0051o,185.44820028571422,10.59146514285714,>19.98,0.0,3.0,o,21.971,60140.96818215,8339.08,2760.62,191.0,181.6,6.0,10.8,179.6,385.2,655.7,0.98,2.66,2.18,1.0,3.0,-0.414,10.036172699070544,18.06511085832698,18.95,30.0
04a60141o0076o,185.44820028571422,10.59146514285714,>19.723646843800474,0.0,1.31,o,21.964,60140.97954545,8321.47,2871.73,198.0,180.9,11.3,8.6,180.0,297.6,558.1,1.38,2.78,2.27,1.0,3.0,-0.403,20.49405238026548,15.59724340444983,19.0,30.0
03a60143o0027c,185.44820028571422,10.59146514285714,>19.4,0.0,3.0,c,22.022,60142.70165165,7904.82,5362.15,208.0,184.5,2.6,16.6,197.2,5780.4,1577.7,1.02,2.71,2.49,1.0,3.0,-0.3577,4.584592411561618,29.27085924304726,18.39,30.0
03a60143o0034c,185.44820028571422,10.59146514285714,>19.63,0.0,3.0,c,22.014,60142.70483005,7923.11,5398.79,154.0,184.0,4.4,11.7,180.8,386.2,915.6,0.88,2.9,2.65,1.0,3.0,-0.3527,8.860440093419818,23.56071570295724,18.68,30.0
03a60143o0048c,185.44820028571422,10.59146514285714,>20.17,0.0,3.0,c,22.007,60142.71132035,7868.54,5319.15,194.0,181.8,-3.3,7.6,184.1,318.3,551.6,1.08,2.77,2.57,1.0,3.0,-0.3717,-6.3050070650163255,14.52062233155275,19.14,30.0
03a60143o0070c,185.44820028571422,10.59146514285714,>20.35,0.0,3.0,c,21.995,60142.72141475,7849.17,5433.74,163.0,181.6,-6.4,6.9,181.6,-1548.1,416.3,1.02,2.66,2.47,1.0,3.0,-0.3817,-11.516415069994421,12.416134997337737,19.3,30.0
04a60144o0022o,185.44820028571422,10.59146514285714,>15.875738506256985,0.0,1.08,o,18.733,60143.95904715,5827.39,8748.28,208.0,182.0,16.6,15.3,178.3,890.8,1083.3,1.09,2.82,2.21,1.0,3.0,-0.4107,587.09477506048,541.1174733991171,15.33,30.0
04a60150o0029o,185.44820028571422,10.59146514285714,>18.523019210006716,0.0,1.06,o,21.962,60149.96088755,5629.86,4836.67,99.0,180.4,30.6,28.8,183.5,-957.3,2355.7,1.14,2.64,2.15,1.0,3.0,-0.4017,49.94851242776884,47.010364637900096,17.94,30.0
04a60150o0038o,185.44820028571422,10.59146514285714,>18.89879650289979,0.0,2.04,o,21.961,60149.96503185,5649.23,4872.86,184.0,182.6,40.3,19.8,177.0,-462.8,1678.2,1.17,2.71,2.18,1.0,3.0,-0.3917,67.9030959653032,33.36181886136485,18.36,30.0
04a60150o0055o,185.44820028571422,10.59146514285714,>19.03,0.0,3.0,o,21.761,60149.97276765,5591.12,4793.53,210.0,191.6,15.7,22.6,189.5,325.1,1555.0,0.82,2.58,2.13,1.0,3.0,-0.4137,30.189624208768883,43.45767561262274,18.12,30.0
04a60150o0087o,185.44820028571422,10.59146514285714,>19.5,0.0,3.0,o,21.928,60149.98753775,5572.99,4907.88,192.0,181.4,-1.2,15.6,184.5,1488.8,1012.6,0.98,2.7,2.22,1.0,3.0,-0.3917,-2.114738782440503,27.49160417172654,18.57,30.0
04a60152o0020o,185.44820028571422,10.59146514285714,>16.14,0.0,3.0,o,19.478,60151.96311115,10080.5,8989.8,90.0,182.5,-37.2,39.0,182.5,464.7,2410.3,1.12,2.59,2.15,1.0,3.0,-0.4097,-591.3436112656692,619.9570118107822,15.17,30.0
04a60152o0041o,185.44820028571422,10.59146514285714,>16.73,0.0,3.0,o,19.815,60151.97262875,10099.3,9028.49,175.0,177.8,-9.9,34.9,171.7,-141.8,2232.2,1.16,2.41,2.04,1.0,3.0,-0.4207,-102.90610723432185,362.7700143917002,15.76,30.0
04a60152o0059o,185.44820028571422,10.59146514285714,>17.1,0.0,3.0,o,20.184,60151.98076265,10039.4,8949.98,228.0,199.2,23.1,32.4,203.5,3231.8,1891.0,1.07,2.53,2.09,1.0,3.0,-0.4167,183.16290902872962,256.9038204558805,16.17,30.0
04a60152o0066o,185.44820028571422,10.59146514285714,>17.31,0.0,3.0,o,20.353,60151.98391945,10019.6,9067.39,199.0,176.5,11.7,33.2,178.1,-954.3,1874.2,1.21,2.47,2.01,1.0,3.0,-0.4087,74.00100497054851,209.9857576942061,16.37,30.0
04a60152o0067o,185.44820028571422,10.59146514285714,None,None,None,o,20.425,60151.98437025,None,None,None,None,None,None,None,None,None,None,None,None,1.0,3.0,-0.4257,None,None,16.46,30.0
04a60153o0011o,185.44820028571422,10.59146514285714,>18.99,0.0,3.0,o,21.919,60152.96345935,10073.1,8987.96,160.0,175.5,4.9,24.6,175.4,-1367.5,2127.4,0.87,2.7,2.23,1.0,3.0,-0.3907,8.738229615192145,43.86947929259729,17.89,30.0
04a60153o0022o,185.44820028571422,10.59146514285714,>19.36,0.0,3.0,o,21.91,60152.96848805,10091.7,9026.76,151.0,178.9,2.0,17.9,175.6,-1303.7,1167.0,1.32,2.64,2.21,1.0,3.0,-0.3877,3.475241113642066,31.10340796709649,18.29,30.0
04a60153o0036o,185.44820028571422,10.59146514285714,>19.52,0.0,3.0,o,21.898,60152.97484865,10031.7,8948.3,165.0,179.3,10.0,16.2,177.7,-902.2,973.5,1.46,2.55,2.16,1.0,3.0,-0.4017,16.801678756686947,27.21871958583285,18.49,30.0
04a60153o0062o,185.44820028571422,10.59146514285714,>18.954717995742172,0.0,1.23,o,21.772,60152.98663775,10010.7,9065.94,170.0,162.8,20.1,16.3,161.4,531.4,1104.3,1.18,2.58,2.2,1.0,3.0,-0.3977,38.94011138828798,31.57829928502955,18.3,30.0
04a60156o0029o,185.44820028571422,10.59146514285714,>17.01,0.0,3.0,o,20.982,60155.96296235,3868.07,8794.64,218.0,152.3,-10.8,73.3,167.8,4271.6,5112.3,0.91,2.51,2.1,1.0,3.0,-0.4247,-41.23590372425539,279.86960583221475,16.07,30.0
04a60156o0037o,185.44820028571422,10.59146514285714,>16.62,0.0,3.0,o,20.497,60155.96657495,3887.0,8833.09,266.0,239.5,45.1,67.1,239.8,-382.6,5233.6,1.22,2.52,2.1,1.0,3.0,-0.4287,271.24086623715164,403.5534839138109,15.76,30.0
04a60156o0049o,185.44820028571422,10.59146514285714,>15.62,0.0,3.0,o,19.521,60155.97200165,3828.79,8754.91,262.0,178.2,-36.7,70.6,178.2,8538.7,4242.2,0.91,2.44,2.1,1.0,3.0,-0.4227,-522.1964686760227,1004.5523348372534,14.58,30.0
04a60156o0072o,185.44820028571422,10.59146514285714,>19.32,0.0,3.0,o,21.896,60155.98244865,3808.08,8872.09,224.0,173.2,18.5,24.2,180.5,2413.0,1391.7,1.35,2.27,1.96,1.0,3.0,-0.4157,25.480761462347438,33.331590669665296,18.41,30.0
03a60158o0028o,185.44820028571422,10.59146514285714,>18.12419741504903,0.0,2.08,o,22.026,60157.70704415,2185.65,2608.46,172.0,192.2,87.3,41.9,180.1,-2458.0,3165.4,0.87,2.57,2.31,1.0,3.0,-0.4157,142.337093122987,68.31528295364438,17.66,30.0
03a60158o0035o,185.44820028571422,10.59146514285714,>18.84,0.0,3.0,o,22.021,60157.71020115,2204.23,2646.0,97.0,186.6,-76.8,29.5,194.3,-20.9,2235.0,1.17,2.68,2.37,1.0,3.0,-0.4007,-132.74039490778281,50.98752148150511,17.89,30.0
03a60158o0047o,185.44820028571422,10.59146514285714,>19.06,0.0,3.0,o,22.015,60157.71574255,2148.42,2564.97,243.0,179.8,-42.5,25.1,183.6,20543.5,1652.5,1.22,2.58,2.34,1.0,3.0,-0.4157,-71.18413937045187,42.0405152517257,18.14,30.0
03a60158o0074o,185.44820028571422,10.59146514285714,>19.06,0.0,3.0,o,22.0,60157.72797955,2129.43,2679.59,114.0,184.0,-9.3,25.3,189.3,2232.0,1675.1,1.0,2.56,2.32,1.0,3.0,-0.4137,-15.508494631239726,42.18977571724355,18.14,30.0
04a60162o0025c,185.44820028571422,10.59146514285714,>18.5,0.0,3.0,c,21.861,60161.96462375,1842.1,6949.54,280.0,182.9,21.4,29.2,184.0,2836.9,2160.1,0.89,3.11,2.43,1.0,3.0,-0.3377,48.12150276344288,65.66111592021178,17.63,30.0
04a60162o0032c,185.44820028571422,10.59146514285714,>19.0,0.0,3.0,c,21.849,60161.96779325,1861.22,6986.75,157.0,180.6,-48.2,17.8,183.8,822.7,1522.6,0.97,3.15,2.47,1.0,3.0,-0.3327,-112.30867164615113,41.47498662451223,18.09,30.0
04a60162o0044c,185.44820028571422,10.59146514285714,>19.54,0.0,3.0,c,21.834,60161.97324175,1801.19,6909.09,176.0,181.5,-2.7,11.2,180.9,-277.5,786.8,1.1,2.99,2.46,1.0,3.0,-0.3437,-6.091563908197423,25.26870954511523,18.61,30.0
04a60162o0068c,185.44820028571422,10.59146514285714,>19.75,0.0,3.0,c,21.797,60161.98427865,1780.14,7027.08,176.0,181.5,-1.9,9.1,181.6,506.9,567.8,0.94,2.98,2.43,1.0,3.0,-0.3497,-4.3907113180795605,21.029196312907366,18.81,30.0

