#expname,ra,dec,mag,dm,snr,filter,zp,mjd,x,y,peakval,skyval,peakfit,dpeak,skyfit,flux,dflux,chin,major,minor,snrdet,snrlimit,apfit,uJy,duJy,mag5sig,texp
02a59377o0751o,358.865076666667,-34.8749866666667,18.25,0.09,11.89,o,22.029,59377.58692185,5828.6,7627.17,273.0,183.9,162.9,13.7,185.5,1282.5,696.6,2.68,2.15,1.85,1.0,3.0,-0.4437,182.09164441363762,15.314030254553932,19.25,30.0
02a59377o0786o,358.865076666667,-34.8749866666667,18.0,0.07,14.71,o,22.054,59377.60305595,5847.96,7664.23,425.0,182.8,222.1,15.1,183.8,2630.8,728.6,1.65,2.09,1.8,1.0,3.0,-0.4447,229.68154191886913,15.615449270485925,19.31,30.0
02a59377o0799o,358.865076666667,-34.8749866666667,18.75,0.15,6.61,o,22.062,59377.60936105,5793.04,7584.92,315.0,179.9,107.1,16.2,182.3,689.0,745.9,2.67,2.13,1.84,1.0,3.0,-0.4447,114.5369575005376,17.324917941257787,19.1,30.0
02a59377o0808o,358.865076666667,-34.8749866666667,18.47,0.18,5.67,o,22.065,59377.61348905,5772.97,7701.2,311.0,177.0,138.4,24.4,177.4,1196.8,1217.7,1.54,2.18,1.82,1.0,3.0,-0.4407,148.87532308683132,26.246805515308417,18.68,30.0
01a59379o0747c,358.865278571429,-34.87496,17.94,0.06,18.86,c,22.223,59379.58466935,4946.89,8743.52,395.0,180.7,147.1,7.8,179.0,1164.8,449.0,1.62,2.91,2.57,1.0,3.0,-0.3707,241.7672832459671,12.819747174157332,19.45,30.0
01a59379o0768c,358.865278571429,-34.87496,18.19,0.06,16.63,c,22.248,59379.59472615,4934.4,8703.87,306.0,181.0,134.7,8.1,181.2,1152.0,459.2,1.69,2.68,2.48,1.0,3.0,-0.3737,192.80256877414382,11.59391838953649,19.53,30.0
01a59379o0791c,358.865278571429,-34.87496,18.05,0.06,18.59,c,22.27,59379.60536285,4995.71,8782.43,376.0,181.5,172.9,9.3,180.5,1908.7,560.9,1.31,2.53,2.38,1.0,3.0,-0.3707,219.10445940296427,11.785260106695015,19.49,30.0
01a59379o0807c,358.865278571429,-34.87496,17.96,0.09,12.26,c,22.284,59379.61273545,5017.8,8665.98,321.0,183.1,166.7,13.6,181.2,914.5,885.8,1.16,2.71,2.56,1.0,3.0,-0.3627,238.5083573181225,19.45839027910298,18.91,30.0
01a59383o0550c,358.865311,-34.874947,18.27,0.08,13.51,c,21.985,59383.59444955,4952.5,8745.6,320.0,181.1,102.7,7.6,179.9,618.7,436.4,1.81,2.63,2.38,1.0,3.0,-0.3837,178.0171707365226,13.173617308642372,19.38,30.0
01a59383o0562c,358.865311,-34.874947,18.51,0.13,7.78,c,21.427,59383.60036115,4937.38,8705.14,243.0,181.9,49.8,6.4,182.4,1004.6,359.6,1.37,2.72,2.27,1.0,3.0,-0.3857,142.62079378324748,18.328776711100083,18.8,30.0
01a59383o0571c,358.865311,-34.874947,18.25,0.09,11.69,c,21.88,59383.60450515,4996.33,8784.71,293.0,181.4,94.7,8.1,181.6,620.8,543.8,1.04,2.6,2.45,1.0,3.0,-0.3677,181.32102131643458,15.5089785920076,19.2,30.0
02a59385o0662o,358.865339285714,-34.8748235714286,18.53,0.09,11.06,o,22.039,59385.58960815,5797.96,3755.4,306.0,180.9,127.2,11.5,183.8,1664.5,629.2,1.99,2.16,1.84,1.0,3.0,-0.4457,141.03192400931823,12.750527720968236,19.44,30.0
02a59385o0684o,358.865339285714,-34.8748235714286,18.65,0.1,10.15,o,22.049,59385.59970655,5820.1,3793.03,304.0,182.1,107.6,10.6,181.5,956.5,506.5,2.12,2.24,1.91,1.0,3.0,-0.4367,126.19797965272069,12.432142976940886,19.46,30.0
02a59385o0696o,358.865339285714,-34.8748235714286,19.32,0.17,5.75,o,22.052,59385.60520255,5761.21,3713.79,206.0,181.2,58.7,10.2,186.5,1475.2,483.3,2.82,2.24,1.9,1.0,3.0,-0.4347,68.17081181052001,11.845694726870594,19.42,30.0
02a59385o0715o,358.865339285714,-34.8748235714286,>19.67843881177652,0.0,2.78,o,22.059,59385.61431045,5742.34,3828.81,264.0,182.5,42.3,15.2,190.0,1696.6,731.9,2.81,2.14,1.84,1.0,3.0,-0.4397,45.366023040360545,16.301738775732396,19.12,30.0
01a59387o0755o,358.86535,-34.8748226666667,17.84,0.11,9.74,o,21.679,59387.58122345,6861.85,5255.31,265.0,180.8,140.2,14.4,180.6,1988.8,786.8,1.25,2.34,2.2,1.0,3.0,-0.3857,265.42712142724184,27.262129447591185,18.77,30.0
01a59387o0764o,358.86535,-34.8748226666667,>18.357934184553233,0.0,2.81,o,20.621,59387.58536935,6842.52,5215.95,193.0,181.7,30.6,10.9,181.6,-570.7,550.7,1.23,2.35,2.17,1.0,3.0,-0.3987,153.88906744951396,54.81669396077457,17.76,30.0
01a59387o0805o,358.86535,-34.8748226666667,>18.66,0.0,3.0,o,20.591,59387.60433015,6905.08,5292.38,157.0,180.2,-1.5,11.1,180.4,1317.5,717.9,1.26,2.38,2.25,1.0,3.0,-0.3927,-8.098591242230462,59.929575192505425,17.64,30.0
01a59387o0832o,358.86535,-34.8748226666667,18.55,0.17,6.07,o,21.929,59387.61677895,6925.55,5175.56,331.0,188.4,105.0,17.3,193.1,2747.4,1184.1,1.56,2.24,1.96,1.0,3.0,-0.4137,138.18220993721752,22.76716411346536,18.59,30.0
02a59389o0746o,358.86534875,-34.87483125,>18.349103314299313,0.0,2.86,o,21.979,59389.58720135,1862.31,7370.43,259.0,141.5,127.1,44.4,148.9,4235.4,2418.5,1.33,2.2,1.92,1.0,3.0,-0.4467,158.42663774281374,55.34337305885861,18.11,30.0
02a59389o0758o,358.86534875,-34.87483125,>18.553770255881254,0.0,1.9,o,22.018,59389.59269865,1881.57,7408.04,146.0,201.9,69.9,36.8,199.5,-491.7,1989.1,1.42,2.26,1.96,1.0,3.0,-0.4337,87.09644553758122,45.853350440386116,18.26,30.0
02a59389o0788o,358.86534875,-34.87483125,18.09,0.2,5.06,o,21.997,59389.60650015,1822.08,7330.17,311.0,112.9,137.2,27.1,113.1,2470.0,1734.8,1.07,2.49,2.15,1.0,3.0,-0.4307,210.06353211702185,41.49214081903275,18.09,30.0
02a59389o0807o,358.86534875,-34.87483125,17.94,0.15,6.98,o,22.085,59389.61521125,1801.18,7445.95,321.0,175.0,222.7,31.9,174.4,301.9,1871.0,1.34,2.18,1.88,1.0,3.0,-0.4377,242.26646655089417,34.7027403815605,18.46,30.0
01a59391o0670o,358.865350588235,-34.8748252941176,18.37,0.21,4.77,o,22.196,59391.54941545,6861.56,5252.47,406.0,198.7,139.2,29.2,213.0,10052.4,1994.3,0.95,2.32,2.18,1.0,3.0,-0.3967,162.45850749262033,34.07893979011863,18.33,30.0
01a59391o0678o,358.865350588235,-34.8748252941176,18.93,0.29,3.32,o,22.202,59391.55310415,6842.22,5213.37,192.0,206.3,85.7,25.8,209.5,3547.5,1555.5,1.33,2.35,2.07,1.0,3.0,-0.4117,97.00134919667634,29.202273153725198,18.39,30.0
01a59391o0690o,358.865350588235,-34.8748252941176,18.34,0.19,5.11,o,22.214,59391.55863425,6900.03,5289.82,406.0,176.1,154.8,30.3,154.2,-7762.3,1679.3,1.1,2.28,2.08,1.0,3.0,-0.4027,167.5436157100459,32.79438989673379,18.46,30.0
01a59391o0706o,358.865350588235,-34.8748252941176,18.39,0.17,5.87,o,22.225,59391.56601445,6924.07,5174.81,412.0,200.8,146.8,25.0,203.4,1906.6,1281.7,1.51,2.33,2.08,1.0,3.0,-0.3987,160.14156074826906,27.272064160127563,18.48,30.0
02a59393o0661o,358.865366842105,-34.8748031578947,18.38,0.21,4.59,o,22.03,59393.54739475,1857.55,7375.95,240.0,178.1,140.1,30.5,182.2,-286.5,1435.3,1.17,2.24,1.85,1.0,3.0,-0.4357,161.81419882864293,35.22721673285945,18.4,30.0
02a59393o0669o,358.865366842105,-34.8748031578947,18.04,0.15,6.79,o,22.037,59393.55108125,1876.37,7414.19,470.0,177.6,188.8,27.8,175.6,2498.4,1583.3,1.76,2.26,1.87,1.0,3.0,-0.4347,220.75511792397836,32.505255711263764,18.43,30.0
02a59393o0710o,358.865366842105,-34.8748031578947,18.44,0.21,4.62,o,22.059,59393.57028145,1822.18,7334.45,372.0,177.1,139.0,30.1,174.9,-1128.4,1605.8,1.05,2.18,1.84,1.0,3.0,-0.4427,152.28175109672085,32.97612020152013,18.58,30.0
02a59393o0722o,358.865366842105,-34.8748031578947,18.49,0.2,5.0,o,22.067,59393.57584975,1799.27,7452.6,340.0,176.8,128.9,25.8,175.1,1534.0,1409.1,1.49,2.25,1.87,1.0,3.0,-0.4297,145.2900212486078,29.080547309651525,18.51,30.0
01a59395o0761o,358.865339090909,-34.8748281818182,18.31,0.11,9.04,o,22.25,59395.59269995,6963.83,7180.84,374.0,181.9,151.8,16.8,182.2,295.5,831.7,1.7,2.34,2.23,1.0,3.0,-0.3907,172.96221458697664,19.14206327444801,18.94,30.0
01a59395o0772o,358.865339090909,-34.8748281818182,18.61,0.14,7.19,o,22.254,59395.59782605,6948.86,7144.69,345.0,179.8,112.1,15.6,179.0,1596.0,1000.8,1.43,2.43,2.23,1.0,3.0,-0.3797,130.82040657069243,18.205159165948274,18.95,30.0
01a59395o0802o,358.865339090909,-34.8748281818182,18.68,0.17,6.06,o,22.258,59395.61171305,7009.03,7221.0,235.0,184.3,105.5,17.4,185.6,700.3,1186.6,1.23,2.36,2.27,1.0,3.0,-0.3887,122.27820788960291,20.16721153819043,18.85,30.0
01a59395o0810o,358.865339090909,-34.8748281818182,18.85,0.19,5.13,o,22.264,59395.61539785,7029.09,7104.08,246.0,180.1,98.4,19.2,180.0,1079.6,1131.1,1.28,2.27,2.15,1.0,3.0,-0.4037,104.76546883069375,20.442042698671948,18.78,30.0
01a59399o0705o,358.865347391304,-34.8748430434783,19.03,0.16,6.51,o,22.241,59399.56643765,6961.12,7184.14,227.0,181.7,75.5,11.6,183.4,1974.2,679.8,1.44,2.36,2.25,1.0,3.0,-0.3937,88.51160541083664,13.599134076366955,19.27,30.0
01a59399o0712o,358.865347391304,-34.8748430434783,19.52,0.24,3.95,o,22.241,59399.56966115,6940.32,7145.1,188.0,180.2,42.3,10.7,182.0,517.1,858.7,1.63,2.56,2.37,1.0,3.0,-0.3897,56.45305173785668,14.280086373405824,19.19,30.0
01a59399o0724o,358.865347391304,-34.8748430434783,19.76,0.28,3.42,o,22.246,59399.57554325,7003.38,7221.45,191.0,182.0,38.0,11.1,183.0,245.9,671.7,1.64,2.4,2.26,1.0,3.0,-0.3947,45.33796498832117,13.243458193956972,19.28,30.0
01a59399o0763o,358.865347391304,-34.8748430434783,18.65,0.11,9.77,o,22.254,59399.59352095,7026.8,7104.84,311.0,181.3,108.5,11.1,178.7,427.4,639.1,2.04,2.37,2.24,1.0,3.0,-0.3977,126.12025721900793,12.902625392912329,19.44,30.0
01a59403o0736o,358.865348333333,-34.8748558333333,18.85,0.1,9.92,o,22.247,59403.58141825,6774.85,3317.64,298.0,180.9,108.1,10.9,177.1,185.7,507.3,2.16,2.17,1.99,1.0,3.0,-0.4147,104.49541846309023,10.536540807101606,19.62,30.0
01a59403o0745o,358.865348333333,-34.8748558333333,20.08,0.28,3.43,o,22.257,59403.58556615,6757.74,3279.16,173.0,168.0,37.0,10.8,173.4,1468.0,693.7,2.83,2.09,1.97,1.0,3.0,-0.4177,33.88230765819218,9.889970884012852,19.67,30.0
01a59403o0788o,358.865348333333,-34.8748558333333,>20.22906932962639,0.0,1.59,o,22.255,59403.60540735,6818.7,3355.34,198.0,181.1,15.4,9.7,179.6,422.7,528.0,3.11,2.21,2.06,1.0,3.0,-0.4147,15.578977861855128,9.812732809090567,19.61,30.0
01a59403o0811o,358.865348333333,-34.8748558333333,>19.934356015045896,0.0,2.37,o,22.265,59403.61601025,6837.07,3238.21,223.0,182.2,33.9,14.3,179.0,-9.2,862.1,1.82,2.07,1.97,1.0,3.0,-0.4177,30.520736898752666,12.8745291342821,19.36,30.0
02a59405o0653c,358.865348333333,-34.8748558333333,>20.212336264698887,0.0,1.65,c,22.078,59405.59070165,9593.77,1669.96,174.0,183.7,11.4,6.9,185.4,977.5,457.7,2.14,2.5,2.25,1.0,3.0,-0.3917,16.420490406203523,9.938717877438974,19.55,30.0
02a59405o0661c,358.865348333333,-34.8748558333333,>20.29888342732136,0.0,2.68,c,22.0,59405.59437365,9612.86,1707.92,204.0,182.6,16.1,6.0,181.7,82.1,406.1,1.71,2.49,2.24,1.0,3.0,-0.3937,24.75323624380109,9.224808538062518,19.47,30.0
02a59405o0675c,358.865348333333,-34.8748558333333,19.73,0.22,4.52,c,21.957,59405.60079395,9557.12,1626.32,240.0,184.1,29.8,6.6,183.8,706.5,441.9,1.81,2.46,2.22,1.0,3.0,-0.3957,46.75877134420359,10.355969492340392,19.4,30.0
02a59405o0686c,358.865348333333,-34.8748558333333,19.13,0.15,6.97,c,21.864,59405.60584065,9533.11,1744.02,282.0,181.9,47.4,6.8,181.5,348.5,337.8,1.77,2.46,2.22,1.0,3.0,-0.3967,81.10080565437083,11.634714735226195,19.35,30.0
01a59411o0719o,358.8653456,-34.8748584,19.51,0.18,5.39,o,22.243,59411.57185235,7070.73,9124.15,211.0,181.9,64.1,11.9,178.8,77.1,538.1,3.16,2.05,1.94,1.0,3.0,-0.4087,56.96031282662705,10.57453545455323,19.59,30.0
01a59411o0724o,358.8653456,-34.8748584,19.18,0.15,6.85,o,22.24,59411.57415215,7051.13,9085.01,173.0,181.5,85.0,12.4,176.8,5.8,571.3,3.65,2.07,1.96,1.0,3.0,-0.4087,77.26878580058877,11.272152281497657,19.57,30.0
01a59411o0736o,358.8653456,-34.8748584,19.87,0.24,4.0,o,22.243,59411.57969535,7114.49,9162.21,236.0,182.6,45.6,11.4,180.2,-560.8,553.8,2.66,2.07,1.95,1.0,3.0,-0.4057,41.013661693522685,10.253415423380671,19.56,30.0
01a59411o0777o,358.8653456,-34.8748584,18.79,0.1,10.1,o,22.246,59411.59865855,7138.78,9044.53,333.0,181.7,125.2,12.4,175.4,-55.2,521.9,2.26,2.05,1.94,1.0,3.0,-0.4087,110.94779238083785,10.988439500977552,19.65,30.0
02a59413o0657c,358.8653456,-34.8748584,>20.14398977066649,0.0,1.44,c,22.047,59413.55048345,7766.58,3677.92,158.0,182.3,9.8,6.8,182.1,-80.7,389.2,1.66,2.54,2.3,1.0,3.0,-0.4017,15.22461691418307,10.56401989963723,19.5,30.0
02a59413o0664c,358.8653456,-34.8748584,19.55,0.2,4.93,c,22.058,59413.55368315,7786.43,3716.4,228.0,181.7,34.0,6.9,182.9,1037.4,351.5,1.77,2.6,2.36,1.0,3.0,-0.4007,54.868490611323224,11.135076035827362,19.48,30.0
02a59413o0671c,358.8653456,-34.8748584,>20.175429862036218,0.0,2.16,c,22.071,59413.55688385,7727.42,3638.0,191.0,181.8,14.5,6.7,181.0,912.8,425.3,1.85,2.56,2.32,1.0,3.0,-0.3977,22.31797042417225,10.31244150634166,19.5,30.0
01a59415o0585o,358.865353076923,-34.8748396153846,19.46,0.29,3.27,o,22.206,59415.50765525,7052.69,9123.23,288.0,178.8,50.3,15.4,178.6,770.1,870.9,1.99,2.37,2.21,1.0,3.0,-0.3867,59.685295726199314,18.2734305006654,18.93,30.0
01a59415o0589o,358.865353076923,-34.8748396153846,>19.576534887397425,0.0,1.49,o,22.206,59415.50949725,7031.77,9083.42,274.0,181.5,24.8,16.7,176.8,-582.3,982.7,2.15,2.24,2.07,1.0,3.0,-0.4077,26.560043984007468,17.88519090858567,19.05,30.0
01a59415o0595o,358.865353076923,-34.8748396153846,>19.621228646790815,0.0,2.74,o,22.209,59415.51225975,7092.59,9160.6,227.0,181.0,44.1,16.1,174.9,-201.3,937.3,1.69,2.23,2.07,1.0,3.0,-0.4087,46.9323762029011,17.134042105821038,19.06,30.0
01a59415o0610o,358.865353076923,-34.8748396153846,>19.691191598462616,0.0,1.26,o,22.214,59415.51916565,7114.46,9044.0,161.0,179.6,16.3,12.9,173.4,-1555.3,896.4,1.21,2.43,2.25,1.0,3.0,-0.3997,20.28313780977772,16.052299248228994,19.07,30.0
02a59417o0529o,358.865353076923,-34.8748396153846,>19.03,0.0,3.0,o,21.988,59417.48511075,7762.65,3683.94,31.0,201.7,-40.0,25.1,210.7,3042.5,1797.8,1.65,2.58,2.36,1.0,3.0,-0.4077,-68.76230803658545,43.14834829295738,17.93,30.0
02a59417o0540o,358.865353076923,-34.8748396153846,>16.55,0.0,3.0,o,20.802,59417.49015575,7723.85,3644.72,95.0,-44.3,-82.9,86.8,-12.2,16625.3,5347.7,0.92,2.56,2.25,1.0,3.0,-0.4057,-401.17675323115776,420.04996598871526,15.58,30.0
02a59417o0556o,358.865353076923,-34.8748396153846,>17.858393396947783,0.0,1.13,o,21.381,59417.49750185,7703.59,3759.87,162.0,163.3,36.9,32.7,164.9,-157.3,2159.9,1.07,2.49,2.12,1.0,3.0,-0.4257,97.79582606721438,86.66459383192172,16.9,30.0
01a59423o0350o,358.865355185185,-34.8748414814815,18.13,0.13,7.95,o,22.261,59423.53769375,2812.64,4960.94,310.0,176.9,122.4,15.4,176.5,-15.8,1139.0,1.1,2.87,2.74,1.0,3.0,-0.3637,202.94232084166822,25.533592654915775,18.61,30.0
01a59423o0354o,358.865355185185,-34.8748414814815,18.82,0.21,4.8,o,22.267,59423.53953775,2792.9,4922.78,246.0,179.5,79.7,16.6,174.3,-570.5,1096.6,1.47,2.6,2.43,1.0,3.0,-0.3847,107.64570049719174,22.420559952991,18.7,30.0
01a59423o0365o,358.865355185185,-34.8748414814815,>19.87,0.0,3.0,o,22.269,59423.54462285,2852.54,5000.52,198.0,183.8,-21.8,19.2,187.8,-331.1,1131.0,1.93,2.25,2.11,1.0,3.0,-0.3917,-22.226967387995742,19.576044671996247,18.87,30.0
01a59423o0387o,358.865355185185,-34.8748414814815,18.8,0.2,4.84,o,22.265,59423.55478375,2871.86,4884.87,312.0,181.0,79.3,16.4,181.5,1924.0,968.8,1.18,2.6,2.48,1.0,3.0,-0.3827,109.3092618026432,22.60620294531335,18.73,30.0
02a59425o0641o,358.865355185185,-34.8748414814815,>20.11,0.0,3.0,o,22.087,59425.53651235,7913.56,9500.5,172.0,181.2,4.7,16.0,178.1,94.1,799.8,2.98,2.13,1.82,1.0,3.0,-0.4427,4.849618711001216,16.509340292770098,19.19,30.0
02a59425o0645o,358.865355185185,-34.8748414814815,>20.1,0.0,3.0,o,22.087,59425.53834145,7932.52,9541.03,209.0,179.5,1.9,15.9,178.8,771.5,801.2,1.28,2.13,1.84,1.0,3.0,-0.4437,1.9838542978779021,16.601728071715076,19.18,30.0
02a59425o0657o,358.865355185185,-34.8748414814815,>19.66597675756276,0.0,1.74,o,22.089,59425.54387385,7873.28,9463.62,205.0,181.8,27.6,15.9,178.3,-346.2,796.5,1.72,2.12,1.83,1.0,3.0,-0.4437,28.474412878160685,16.403737853723005,19.21,30.0
02a59425o0669o,358.865355185185,-34.8748414814815,>19.650487311719303,0.0,1.12,o,22.09,59425.54942225,7854.38,9580.38,295.0,180.2,17.7,15.8,177.5,287.7,1099.1,2.1,2.16,1.85,1.0,3.0,-0.4387,18.70499046700123,16.69711013438528,19.21,30.0
01a59427o0613o,358.865355185185,-34.8748414814815,19.79,0.28,3.34,o,22.261,59427.52091105,2978.06,8837.41,358.0,180.8,41.1,12.3,177.4,-150.8,698.0,3.19,2.29,2.16,1.0,3.0,-0.3917,43.98350153288133,13.16294571421996,19.33,30.0
01a59427o0618o,358.865355185185,-34.8748414814815,>19.888488999116376,0.0,1.19,o,22.259,59427.52321605,2958.54,8798.36,199.0,181.1,13.0,10.9,177.0,-933.3,702.0,1.47,2.45,2.32,1.0,3.0,-0.3897,15.98660214269557,13.404151027337054,19.31,30.0
01a59427o0625o,358.865355185185,-34.8748414814815,>19.928573531072374,0.0,1.18,o,22.261,59427.52644015,3018.43,8876.44,269.0,180.2,14.3,12.1,181.0,990.2,740.1,2.92,2.27,2.14,1.0,3.0,-0.4117,15.308562558647454,12.953399088086309,19.37,30.0
01a59427o0637o,358.865355185185,-34.8748414814815,19.52,0.23,4.31,o,22.262,59427.53196755,3038.76,8759.79,305.0,180.4,47.8,11.1,175.6,-1355.7,716.7,2.45,2.41,2.25,1.0,3.0,-0.3967,56.284161766872124,13.070171456323862,19.32,30.0
02a59429o0592o,358.865355185185,-34.8748414814815,>19.880058036763515,0.0,1.29,o,22.084,59429.50875005,9705.45,5559.31,198.0,182.8,13.5,10.5,183.7,659.2,626.8,1.54,2.35,2.08,1.0,3.0,-0.4327,17.451136319037637,13.573106025918165,19.32,30.0
02a59429o0597o,358.865355185185,-34.8748414814815,>19.831568320919995,0.0,1.08,o,22.085,59429.51103535,9724.95,5598.93,179.0,183.2,10.7,9.9,183.0,721.1,580.9,1.21,2.46,2.21,1.0,3.0,-0.4267,15.285156994917324,14.142341518661825,19.26,30.0
02a59429o0603o,358.865355185185,-34.8748414814815,>20.44,0.0,3.0,o,22.086,59429.51378495,9666.64,5518.79,113.0,182.1,-46.8,10.4,183.0,126.6,602.1,1.61,2.24,1.95,1.0,3.0,-0.4407,-54.36097381868625,12.0802164041525,19.38,30.0
02a59429o0615o,358.865355185185,-34.8748414814815,>19.883128725557583,0.0,1.24,o,22.088,59429.51929665,9648.24,5634.49,196.0,181.8,12.8,10.3,180.3,1300.2,702.2,1.4,2.37,2.1,1.0,3.0,-0.4287,16.72385354513172,13.457475899598185,19.35,30.0
01a59431o0546c,358.865380357143,-34.8748403571429,19.38,0.15,6.66,c,22.308,59431.48525195,2968.59,8828.78,255.0,182.9,51.3,7.7,180.0,307.3,478.5,2.09,2.62,2.34,1.0,3.0,-0.3807,64.50498211017452,9.682034351819567,19.62,30.0
01a59431o0553c,358.865380357143,-34.8748403571429,19.34,0.15,6.87,c,22.312,59431.48847195,2949.16,8791.06,208.0,182.2,48.1,7.0,179.8,576.8,433.8,1.66,2.72,2.52,1.0,3.0,-0.3737,66.93808234830047,9.741508865657032,19.58,30.0
01a59431o0588c,358.865380357143,-34.8748403571429,>20.233932569431346,0.0,1.28,c,22.326,59431.50511285,3011.04,8869.71,248.0,181.2,10.1,7.9,179.2,151.8,491.8,1.97,2.56,2.41,1.0,3.0,-0.3707,12.454810580857684,9.741881543443139,19.62,30.0
01a59431o0600c,358.865380357143,-34.8748403571429,>20.284985280594316,0.0,1.64,c,22.329,59431.51063845,3032.22,8754.54,217.0,181.9,12.8,7.8,180.4,176.6,467.7,2.62,2.52,2.35,1.0,3.0,-0.3787,15.220787333209136,9.275167281174317,19.66,30.0
02a59433o0587o,358.865380357143,-34.8748403571429,>20.42,0.0,3.0,o,22.092,59433.50382795,9696.04,5563.91,138.0,178.9,-42.0,10.3,181.6,965.8,607.1,2.38,2.28,1.99,1.0,3.0,-0.4337,-50.072117663703416,12.27959076038441,19.39,30.0
02a59433o0591o,358.865380357143,-34.8748403571429,>20.38,0.0,3.0,o,22.095,59433.50565745,9715.04,5602.9,209.0,181.8,-5.3,11.5,181.7,406.9,654.8,1.81,2.21,1.91,1.0,3.0,-0.4447,-5.921888906028792,12.849381588553037,19.44,30.0
02a59433o0599o,358.865380357143,-34.8748403571429,>20.4,0.0,3.0,o,22.095,59433.50931615,9656.94,5523.57,226.0,181.5,-7.8,11.0,181.6,256.6,572.0,2.72,2.24,1.94,1.0,3.0,-0.4377,-8.914625353959355,12.571907550455501,19.45,30.0
02a59433o0611o,358.865380357143,-34.8748403571429,19.45,0.21,4.67,o,22.096,59433.51480545,9637.15,5639.45,264.0,181.5,51.8,11.1,178.7,950.1,518.0,1.43,2.26,1.96,1.0,3.0,-0.4377,60.291073341239645,12.919515715979927,19.42,30.0
01a59435o0586c,358.865380357143,-34.8748403571429,>20.61,0.0,3.0,c,22.348,59435.52146935,8803.11,5119.41,150.0,181.6,-10.1,7.0,182.1,555.9,499.7,1.53,2.76,2.56,1.0,3.0,-0.3717,-13.990368908366612,9.696295283026366,19.57,30.0
01a59435o0592c,358.865380357143,-34.8748403571429,>20.52,0.0,3.0,c,22.348,59435.52423315,8784.72,5081.11,187.0,181.2,7.5,8.0,179.7,-479.8,482.4,1.18,2.69,2.5,1.0,3.0,-0.3797,9.961214620619781,10.625295595327767,19.59,30.0
01a59435o0598c,358.865380357143,-34.8748403571429,19.93,0.26,3.65,c,22.351,59435.52699775,8842.55,5157.02,196.0,181.3,28.5,7.8,182.7,1209.0,575.7,1.55,2.72,2.55,1.0,3.0,-0.3697,38.575600000699815,10.557532631770474,19.54,30.0
01a59435o0610c,358.865380357143,-34.8748403571429,>20.251964976505857,0.0,1.25,c,22.349,59435.53252515,8863.33,5040.09,209.0,181.7,10.9,8.7,184.2,1113.5,611.3,1.73,2.44,2.27,1.0,3.0,-0.3877,12.000543810302306,9.578415701800925,19.69,30.0
02a59437o0587o,358.865380357143,-34.8748403571429,>20.29,0.0,3.0,o,22.098,59437.50426835,9671.38,7503.16,175.0,181.7,-18.5,12.6,182.7,256.3,723.0,1.71,2.21,1.89,1.0,3.0,-0.4437,-20.379078937817134,13.879805114405183,19.35,30.0
02a59437o0591o,358.865380357143,-34.8748403571429,>20.3,0.0,3.0,o,22.099,59437.50609705,9690.15,7543.56,275.0,182.6,-20.1,12.9,184.5,233.0,630.9,3.16,2.18,1.86,1.0,3.0,-0.4437,-21.47455833586523,13.78217923048067,19.4,30.0
02a59437o0603o,358.865380357143,-34.8748403571429,>20.25,0.0,3.0,o,22.099,59437.54334015,915.38,3077.32,38.0,182.8,-124.3,12.1,188.8,-449.1,799.5,2.48,2.28,1.99,1.0,3.0,-0.4337,-147.2372838846428,14.332832944522748,19.29,30.0
02a59437o0664o,358.865380357143,-34.8748403571429,>19.7363129622044,0.0,1.46,o,22.098,59437.57168635,943.81,2965.8,229.0,182.4,17.2,11.8,185.7,2347.6,692.3,1.88,2.41,2.08,1.0,3.0,-0.4367,22.59267056618772,15.499622830291578,19.19,30.0
01a59439o0569c,358.865380357143,-34.8748403571429,19.92,0.26,3.75,c,22.333,59439.49444625,8804.56,5123.06,218.0,180.7,19.9,5.3,179.4,513.6,478.3,1.37,3.29,3.04,1.0,3.0,-0.3577,39.05541916377436,10.401694551155988,19.44,30.0
01a59439o0574c,358.865380357143,-34.8748403571429,20.13,0.3,3.15,c,22.338,59439.49674855,8785.88,5084.71,204.0,181.6,18.9,6.0,179.3,-3.0,408.1,1.29,3.07,2.83,1.0,3.0,-0.3587,32.10298090482608,10.191422509468598,19.54,30.0
01a59439o0583c,358.865380357143,-34.8748403571429,>20.59,0.0,3.0,c,22.34,59439.50091275,8844.61,5160.22,184.0,182.2,0.9,6.2,182.6,663.0,464.3,1.43,2.93,2.77,1.0,3.0,-0.3687,1.4386284485965268,9.910551534776074,19.57,30.0
01a59439o0612c,358.865380357143,-34.8748403571429,>20.62,0.0,3.0,c,22.344,59439.51462355,8866.3,5041.56,150.0,180.2,-1.2,6.4,180.1,357.0,525.3,1.63,2.88,2.65,1.0,3.0,-0.3817,-1.8187723911654599,9.700119419549118,19.6,30.0
02a59441o0536o,358.865380357143,-34.8748403571429,>19.921818737241733,0.0,1.67,o,22.1,59441.47706455,9680.05,7504.03,277.0,181.9,20.0,12.0,183.2,835.8,692.1,2.03,2.18,1.89,1.0,3.0,-0.4407,21.632516254976554,12.979509752985933,19.47,30.0
02a59441o0553o,358.865380357143,-34.8748403571429,>20.41,0.0,3.0,o,22.102,59441.48490255,9698.67,7543.87,193.0,182.9,-40.6,10.8,184.7,127.5,605.1,2.3,2.26,1.95,1.0,3.0,-0.4387,-46.798057787965476,12.448744436207564,19.42,30.0
02a59441o0575o,358.865380357143,-34.8748403571429,>20.41,0.0,3.0,o,22.103,59441.49533635,9642.8,7463.53,264.0,181.9,-5.5,11.4,179.6,-468.7,605.7,2.79,2.19,1.9,1.0,3.0,-0.4417,-5.996794279232248,12.42971905149957,19.45,30.0
02a59441o0582o,358.865380357143,-34.8748403571429,>20.38,0.0,3.0,o,22.104,59441.49853665,9624.04,7579.61,237.0,181.7,-19.1,11.2,183.8,317.3,553.1,2.42,2.24,1.95,1.0,3.0,-0.4417,-21.8411118151955,12.807353525140815,19.45,30.0
01a59443o0509c,358.865380357143,-34.8748403571429,>20.58,0.0,3.0,c,22.334,59443.52086865,9849.96,9422.39,186.0,182.0,-5.6,7.1,182.0,423.8,506.5,1.44,2.78,2.56,1.0,3.0,-0.3747,-7.9365459225649,10.06240643753764,19.58,30.0
01a59443o0516c,358.865380357143,-34.8748403571429,20.22,0.3,3.08,c,22.333,59443.52409145,9869.75,9461.32,235.0,182.4,21.9,7.1,181.8,681.8,479.9,1.67,2.71,2.47,1.0,3.0,-0.3867,29.543987048342256,9.57818758188265,19.66,30.0
01a59443o0592c,358.865380357143,-34.8748403571429,>20.316427707103667,0.0,2.53,c,22.314,59443.55948595,9808.96,9378.59,238.0,181.7,19.0,7.5,181.9,772.0,397.4,2.08,2.54,2.32,1.0,3.0,-0.3857,22.942146450642195,9.056110441042971,19.67,30.0
01a59443o0604c,358.865380357143,-34.8748403571429,20.15,0.26,3.71,c,22.314,59443.56500925,9794.29,9493.12,183.0,182.2,26.0,7.0,181.0,518.0,440.8,2.05,2.55,2.34,1.0,3.0,-0.3767,31.527398130371203,8.488145650484553,19.71,30.0
01a59443o0618c,358.865380357143,-34.8748403571429,>19.953646843800474,0.0,1.31,c,22.318,59443.57145715,93.83,9522.49,201.0,181.0,11.3,8.6,178.0,-214.2,608.6,2.13,2.81,2.61,1.0,3.0,-0.3697,16.671858514739867,12.688317099713524,19.58,30.0
01a59443o0630c,358.865380357143,-34.8748403571429,19.3,0.18,5.53,c,22.316,59443.57698535,113.67,9559.56,221.0,180.3,47.0,8.5,177.8,-180.5,591.2,1.72,2.8,2.59,1.0,3.0,-0.3727,68.88337199311303,12.45763110513746,19.58,30.0
01a59443o0640c,358.865380357143,-34.8748403571429,19.18,0.25,3.94,c,22.311,59443.58161295,55.24,9483.32,327.0,177.9,55.9,14.2,173.6,-195.2,1003.7,2.55,2.73,2.48,1.0,3.0,-0.3777,77.19423737393033,19.60926960124885,19.65,30.0
01a59443o0705c,358.865380357143,-34.8748403571429,>19.48,0.0,3.0,c,22.282,59443.61199125,38.42,9600.41,199.0,176.6,9.9,15.2,175.4,890.5,1167.8,1.95,3.09,2.8,1.0,3.0,-0.3557,17.583707494788655,26.997207466746215,19.49,30.0
02a59445o0420o,358.865380357143,-34.8748403571429,>19.74,0.0,3.0,o,22.069,59445.43117645,7748.76,7557.85,163.0,180.1,-34.3,19.3,183.6,598.6,1102.6,1.91,2.25,1.97,1.0,3.0,-0.4357,-40.87912671835478,23.001957599540738,18.72,30.0
02a59445o0427o,358.865380357143,-34.8748403571429,>19.73,0.0,3.0,o,22.07,59445.43437845,7768.02,7596.07,176.0,181.8,-33.9,19.7,201.2,7634.2,1102.7,83.23,2.25,1.94,1.0,3.0,-0.4377,-39.82379938884223,23.142443892631032,18.72,30.0
02a59445o0433o,358.865380357143,-34.8748403571429,>19.72,0.0,3.0,o,22.072,59445.43712895,7712.89,7516.86,189.0,181.2,-9.1,20.3,179.0,48.3,1063.8,1.34,2.24,1.92,1.0,3.0,-0.4497,-10.630394571008463,23.71395711994196,18.76,30.0
02a59445o0451o,358.865380357143,-34.8748403571429,>19.77,0.0,3.0,o,22.077,59445.44537135,7693.37,7632.8,161.0,182.3,-33.2,20.5,187.0,2022.8,1229.6,1.5,2.18,1.88,1.0,3.0,-0.4487,-36.754555244363026,22.69483079847717,18.8,30.0
01a59447o0364o,358.865380357143,-34.8748403571429,>19.03,0.0,3.0,o,22.222,59447.39125625,740.33,1106.06,179.0,182.8,-24.1,40.6,192.7,3955.5,2112.3,0.8,2.32,2.0,1.0,3.0,-0.3877,-24.985829288787766,42.092309922190175,18.18,30.0
01a59447o0370o,358.865380357143,-34.8748403571429,>19.04,0.0,3.0,o,22.227,59447.39401815,720.14,1066.18,216.0,190.4,-13.2,39.2,187.6,3541.9,2446.6,1.11,2.34,2.06,1.0,3.0,-0.3947,-14.24346832982173,42.298784737046354,18.19,30.0
01a59447o0376o,358.865380357143,-34.8748403571429,>19.09,0.0,3.0,o,22.23,59447.39679415,777.01,1146.38,61.0,182.5,-68.0,41.2,176.7,962.4,2448.9,1.27,2.18,2.0,1.0,3.0,-0.4027,-66.67363715734723,40.3963801600398,18.25,30.0
01a59447o0398o,358.865380357143,-34.8748403571429,>19.15,0.0,3.0,o,22.237,59447.40692635,793.22,1030.28,280.0,190.5,-9.5,39.1,196.6,-729.5,2064.4,1.27,2.21,1.99,1.0,3.0,-0.4157,-9.44773494421655,38.88488803356496,18.29,30.0
01a59447o0439o,358.865380357143,-34.8748403571429,>18.75,0.0,3.0,o,22.238,59447.42680535,10501.6,1078.72,-35.0,87.5,21.8,57.6,77.7,-2051.5,3510.4,1.49,2.21,1.96,1.0,3.0,-0.4197,21.412313037337313,56.57565279590043,18.37,30.0
01a59447o0443o,358.865380357143,-34.8748403571429,>18.88,0.0,3.0,o,22.241,59447.42864535,10482.7,1040.03,36.0,125.1,-36.6,53.8,132.9,-2666.4,2747.1,1.22,2.11,1.95,1.0,3.0,-0.4177,-33.99044867602798,49.96410215219412,18.43,30.0
01a59447o0449o,358.865380357143,-34.8748403571429,None,None,None,o,22.245,59447.43141285,None,None,None,None,None,None,None,None,None,None,None,None,1.0,3.0,-0.4167,None,None,18.47,30.0
01a59447o0465o,358.865380357143,-34.8748403571429,None,None,None,o,22.249,59447.43877895,None,None,None,None,None,None,None,None,None,None,None,None,1.0,3.0,-0.4157,None,None,18.5,30.0
01a59451o0618o,358.865380357143,-34.8748403571429,>19.77,0.0,3.0,o,22.277,59451.50739135,3896.1,9204.42,227.0,183.3,0.1,23.1,189.0,493.5,1241.6,1.58,2.16,2.02,1.0,3.0,-0.4237,0.09579963753091207,22.129716269640692,18.82,30.0
01a59451o0634o,358.865380357143,-34.8748403571429,>19.200854229912718,0.0,1.73,o,22.274,59451.51487355,3915.78,9241.49,278.0,186.6,38.7,22.4,186.2,1764.8,1446.9,1.5,2.34,2.21,1.0,3.0,-0.4107,43.53893898783641,25.200832902520293,18.71,30.0
01a59451o0646o,358.865380357143,-34.8748403571429,>19.6,0.0,3.0,o,22.274,59451.52056535,3861.06,9164.54,151.0,182.6,-9.8,21.5,185.0,-1349.8,1394.8,1.14,2.42,2.25,1.0,3.0,-0.4077,-11.576644714551563,25.397740955393733,18.7,30.0
01a59451o0720o,358.865380357143,-34.8748403571429,>19.68,0.0,3.0,o,22.273,59451.55532945,3846.3,9276.74,52.0,188.3,-93.0,23.0,189.3,-50.0,1453.2,1.55,2.26,2.09,1.0,3.0,-0.4067,-95.30077207995184,23.569008148805295,18.73,30.0
02a59453o0418o,358.865380357143,-34.8748403571429,>19.56081970183183,0.0,2.22,o,22.097,59453.52859205,8904.28,7055.9,275.0,181.3,28.8,13.0,180.0,638.4,785.1,1.87,2.5,2.17,1.0,3.0,-0.4127,40.082146916583255,18.092635760957716,18.93,30.0
02a59453o0426o,358.865380357143,-34.8748403571429,>19.16730366383938,0.0,1.02,o,22.093,59453.53224895,8884.87,7017.87,195.0,180.9,10.9,10.7,180.0,634.4,823.6,0.9,3.19,2.95,1.0,3.0,-0.4147,26.46049365497475,25.974980009929336,18.66,30.0
02a59453o0438o,358.865380357143,-34.8748403571429,>19.94,0.0,3.0,o,22.094,59453.53779635,8943.1,7094.99,191.0,180.5,3.3,13.7,182.3,1585.3,804.9,1.35,2.45,2.17,1.0,3.0,-0.4077,4.492607764633395,18.65112920469015,18.98,30.0
02a59453o0472o,358.865380357143,-34.8748403571429,>19.94,0.0,3.0,o,22.09,59453.55347125,8970.85,6980.65,154.0,179.3,6.7,14.4,180.2,1588.6,910.9,1.51,2.39,2.1,1.0,3.0,-0.4267,8.795301745953044,18.903335095779678,19.0,30.0
01a59455o0504o,358.865380357143,-34.8748403571429,>19.951111572986413,0.0,1.16,o,22.267,59455.45132225,6688.05,1373.49,278.0,180.4,15.7,13.5,181.5,248.6,705.2,2.67,2.11,2.01,1.0,3.0,-0.4237,14.754921742055778,12.68735309030274,19.45,30.0
01a59455o0511o,358.865380357143,-34.8748403571429,>20.032826122521485,0.0,1.78,o,22.265,59455.45454765,6669.46,1334.8,338.0,180.5,25.8,14.5,180.5,313.7,716.2,3.49,1.96,1.84,1.0,3.0,-0.4357,20.885859184900713,11.73817667368451,19.52,30.0
01a59455o0534o,358.865380357143,-34.8748403571429,>20.34,0.0,3.0,o,22.266,59455.46553545,6730.55,1411.73,274.0,181.2,10.2,13.0,181.6,295.8,731.4,1.72,2.2,2.06,1.0,3.0,-0.4377,10.386011956723296,13.237074062490475,19.37,30.0
01a59455o0546o,358.865380357143,-34.8748403571429,>20.28,0.0,3.0,o,22.27,59455.47108115,6746.01,1295.02,155.0,179.7,-14.7,12.6,178.2,-771.9,799.7,1.83,2.29,2.16,1.0,3.0,-0.4327,-16.201876354973354,13.887322589977162,19.35,30.0
02a59457o0521o,358.865380357143,-34.8748403571429,>20.48,0.0,3.0,o,22.1,59457.46337955,1640.11,3499.75,149.0,181.2,-30.2,11.5,180.2,-2.8,554.0,1.84,2.12,1.82,1.0,3.0,-0.4422,-30.631829579979122,11.664438416217218,19.51,30.0
02a59457o0533o,358.865380357143,-34.8748403571429,>20.45,0.0,3.0,o,22.1,59457.46891085,1659.54,3537.17,190.0,179.1,5.9,11.6,175.8,-916.3,568.8,2.77,2.14,1.84,1.0,3.0,-0.4427,6.110016081197557,12.012912973201976,19.46,30.0
02a59457o0537o,358.865380357143,-34.8748403571429,>20.47,0.0,3.0,o,22.1,59457.47073935,1600.78,3459.26,214.0,182.1,9.8,11.4,181.0,319.4,575.0,3.18,2.16,1.83,1.0,3.0,-0.4357,10.122543735391348,11.775203937087896,19.46,30.0
02a59457o0560o,358.865380357143,-34.8748403571429,>20.006241511225333,0.0,1.09,o,22.102,59457.48132235,1581.57,3575.0,201.0,181.0,12.7,11.7,181.8,285.8,604.0,2.49,2.14,1.83,1.0,3.0,-0.4397,13.02049002924036,11.995254593867102,19.49,30.0
02a59461o0491c,358.865380357143,-34.8748403571429,>19.975925040119268,0.0,2.93,c,22.139,59461.44593415,1980.44,9313.32,190.0,181.3,22.3,7.6,181.2,-402.8,454.3,1.17,2.74,2.44,1.0,3.0,-0.3977,36.29142300897078,12.368377348348787,19.53,30.0
02a59461o0495c,358.865380357143,-34.8748403571429,>20.088161623699968,0.0,2.36,c,22.141,59461.44776505,1999.32,9351.76,193.0,181.3,16.5,7.0,181.2,401.6,582.7,2.12,2.72,2.41,1.0,3.0,-0.3977,26.280198190382965,11.149174989859443,19.56,30.0
02a59461o0501c,358.865380357143,-34.8748403571429,>20.47,0.0,3.0,c,22.142,59461.45050745,1942.59,9274.85,136.0,180.9,-15.2,7.6,181.8,270.4,501.1,1.54,2.61,2.35,1.0,3.0,-0.4012,-22.704435203074073,11.352217601537037,19.6,30.0
02a59461o0546c,358.865380357143,-34.8748403571429,>20.59,0.0,3.0,c,22.141,59461.47166555,8640.6,1147.9,163.0,182.6,-12.8,6.2,184.7,288.0,472.2,1.36,2.73,2.47,1.0,3.0,-0.3977,-20.971443041701928,10.158042723324373,19.53,30.0
01a59463o0394o,358.865380357143,-34.8748403571429,>19.734008453393837,0.0,1.23,o,22.256,59463.48855285,9707.09,3587.02,224.0,180.1,12.2,9.9,178.6,-258.6,867.1,1.32,2.72,2.61,1.0,3.0,-0.4087,19.121765474159364,15.516842474932602,19.21,30.0
01a59463o0401o,358.865380357143,-34.8748403571429,>20.04,0.0,3.0,o,22.249,59463.49177705,9728.06,3624.69,158.0,181.7,-10.4,8.7,182.2,-180.4,750.6,1.05,3.05,2.89,1.0,3.0,-0.4077,-20.35118802125756,17.024551517782765,19.09,30.0
01a59463o0415o,358.865380357143,-34.8748403571429,>19.79187955978542,0.0,1.81,o,22.256,59463.49823845,9669.57,3544.34,268.0,181.2,20.1,11.1,178.8,884.5,624.5,1.57,2.52,2.35,1.0,3.0,-0.4197,26.547474098974334,14.66054539794105,19.3,30.0
01a59463o0492o,358.865380357143,-34.8748403571429,>20.25,0.0,3.0,o,22.242,59463.53412885,9649.82,3657.98,81.0,180.4,-35.0,10.3,179.6,-354.2,738.4,1.85,2.53,2.4,1.0,3.0,-0.4107,-47.61661870064279,14.012890646189163,19.29,30.0
02a59465o0500c,358.865380357143,-34.8748403571429,19.87,0.27,3.58,c,22.129,59465.44691215,1972.32,9314.59,217.0,181.8,29.0,8.1,179.1,-272.8,433.2,1.67,2.53,2.27,1.0,3.0,-0.3977,40.91693757767323,11.42852394410873,19.59,30.0
02a59465o0508c,358.865380357143,-34.8748403571429,19.66,0.23,4.32,c,22.131,59465.45057245,1993.1,9351.44,220.0,181.1,36.3,8.4,180.1,225.6,494.1,1.65,2.48,2.24,1.0,3.0,-0.4037,49.723886845324486,11.506353980736248,19.61,30.0
02a59465o0584c,358.865380357143,-34.8748403571429,>20.53,0.0,3.0,c,22.126,59465.48613465,8622.42,1274.29,196.0,181.8,-4.0,7.1,182.0,-565.4,435.0,1.25,2.61,2.35,1.0,3.0,-0.4107,-6.116839796360728,10.857390638540293,19.53,30.0
02a59465o0596c,358.865380357143,-34.8748403571429,>20.55,0.0,3.0,c,22.129,59465.49166495,8636.76,1157.23,94.0,182.4,-36.4,6.7,184.1,-106.2,470.4,2.23,2.7,2.37,1.0,3.0,-0.3877,-56.69858742229654,10.436278454104034,19.5,30.0
01a59467o0431o,358.865380357143,-34.8748403571429,>20.0,0.0,3.0,o,22.103,59467.48838265,5836.99,7604.58,189.0,181.5,-16.6,6.9,180.3,-640.6,549.1,1.09,3.32,3.03,1.0,3.0,-0.4217,-42.95834539652291,17.856179713012533,19.01,30.0
01a59467o0440o,358.865380357143,-34.8748403571429,>19.83,0.0,3.0,o,21.902,59467.49256255,5859.29,7641.55,152.0,181.3,-24.5,6.9,178.6,-1113.6,602.7,1.22,3.26,2.99,1.0,3.0,-0.4277,-74.33846993729465,20.936140512952377,18.82,30.0
01a59467o0452o,358.865380357143,-34.8748403571429,>19.505853138690828,0.0,1.66,o,22.092,59467.49812315,5800.68,7563.84,152.0,180.4,12.1,7.3,180.7,164.8,591.5,1.17,3.3,3.03,1.0,3.0,-0.4247,31.52830941392648,19.021211464600274,19.0,30.0
01a59467o0528o,358.865380357143,-34.8748403571429,>19.37,0.0,3.0,o,21.548,59467.53362975,5782.09,7676.84,141.0,182.9,-29.4,7.1,181.0,-433.5,639.2,1.23,3.39,3.09,1.0,3.0,-0.4067,-130.27595135050757,31.46119913566679,18.4,30.0
01a59471o0533o,358.865380357143,-34.8748403571429,>20.19,0.0,3.0,o,22.167,59471.44809995,5831.95,7609.41,198.0,180.5,7.5,7.7,180.3,110.0,601.0,1.73,2.97,2.7,1.0,3.0,-0.4537,15.022431146318008,15.42302931021982,19.21,30.0
01a59471o0539o,358.865380357143,-34.8748403571429,>19.74970004336019,0.0,1.88,o,22.166,59471.45089775,5853.02,7647.75,204.0,179.1,15.0,8.0,177.1,-372.5,689.6,1.31,2.88,2.62,1.0,3.0,-0.4667,28.638072447641935,15.273638638742367,19.23,30.0
01a59471o0612o,358.865380357143,-34.8748403571429,>20.23,0.0,3.0,o,22.163,59471.48494235,5799.09,7565.4,183.0,181.5,-7.7,7.8,179.8,-792.8,587.9,1.27,2.85,2.67,1.0,3.0,-0.4637,-14.825371736601916,15.01790903188246,19.2,30.0
01a59471o0673o,358.865380357143,-34.8748403571429,>19.94,0.0,3.0,o,22.149,59471.51348205,5782.7,7680.45,174.0,180.6,0.8,7.2,183.3,1412.0,574.5,1.33,3.37,3.14,1.0,3.0,-0.4227,2.089335970363794,18.804023733274146,19.0,30.0
01a59479o0506o,358.865380357143,-34.8748403571429,>19.26,0.0,3.0,o,22.171,59479.43931585,5704.01,3743.58,132.0,177.8,-5.6,17.3,180.5,2058.8,1361.7,1.24,3.06,2.75,1.0,3.0,-0.4687,-11.890521228220605,36.73321736575294,18.23,30.0
01a59479o0514o,358.865380357143,-34.8748403571429,>18.717719992574732,0.0,1.27,o,22.168,59479.44299775,5725.17,3781.46,208.0,180.0,22.5,17.7,171.5,-1990.8,1262.9,1.26,3.1,2.85,1.0,3.0,-0.4607,49.92841934959703,39.277023221682995,18.21,30.0
01a59479o0588o,358.865380357143,-34.8748403571429,>18.728502508801814,0.0,1.42,o,22.164,59479.47751285,5669.06,3702.14,268.0,178.5,26.0,18.3,172.0,-995.7,1339.7,1.06,3.02,2.82,1.0,3.0,-0.4567,55.614513761034324,39.14406160872801,18.18,30.0
01a59479o0602o,358.865380357143,-34.8748403571429,>19.14,0.0,3.0,o,22.161,59479.48396295,5652.87,3815.8,164.0,177.5,8.8,18.2,177.9,787.6,1378.4,1.2,3.07,2.88,1.0,3.0,-0.4497,19.470283746151594,40.268086838631696,18.14,30.0
02a59481o0417o,358.865380357143,-34.8748403571429,>19.78,0.0,3.0,o,22.105,59481.39009745,6026.59,9566.96,165.0,181.0,8.7,15.2,183.5,1789.9,933.7,1.2,2.5,2.23,1.0,3.0,-0.4127,12.351590068420485,21.579789544826596,18.81,30.0
02a59481o0425o,358.865380357143,-34.8748403571429,>19.65,0.0,3.0,o,22.105,59481.39379915,6042.07,9609.87,111.0,181.8,-44.4,13.6,184.0,1304.9,1007.0,1.22,2.8,2.53,1.0,3.0,-0.3997,-79.14441401231387,24.242433120888933,18.69,30.0
02a59481o0435o,358.865380357143,-34.8748403571429,>19.69,0.0,3.0,o,22.106,59481.39849425,5984.24,9532.59,137.0,181.9,-33.8,13.2,183.1,-91.7,946.5,1.11,2.77,2.52,1.0,3.0,-0.4087,-59.80751466073317,23.356780873422423,18.72,30.0
02a59481o0482o,358.865380357143,-34.8748403571429,>19.84,0.0,3.0,o,22.109,59481.42040175,5963.11,9649.83,124.0,183.3,-32.1,14.5,184.2,1742.6,1072.2,1.6,2.49,2.23,1.0,3.0,-0.4127,-45.22389746925195,20.42824028984901,18.88,30.0
01a59483o0530o,358.865380357143,-34.8748403571429,>19.73,0.0,3.0,o,22.18,59483.44692295,1857.33,7449.74,171.0,180.2,-6.4,9.8,179.4,166.0,761.4,1.19,3.21,3.04,1.0,3.0,-0.4117,-14.82918677784022,22.70719225356784,18.86,30.0
01a59483o0537o,358.865380357143,-34.8748403571429,>19.81,0.0,3.0,o,22.181,59483.45014615,1876.71,7488.22,172.0,179.5,4.2,9.6,177.6,321.7,950.8,1.27,3.19,2.9,1.0,3.0,-0.4287,9.36260533117359,21.400240756968206,18.84,30.0
01a59483o0610o,358.865380357143,-34.8748403571429,>19.259448101609458,0.0,1.93,o,22.171,59483.48441155,1819.3,7407.01,239.0,178.5,18.5,9.6,176.4,737.7,757.0,1.26,3.36,3.1,1.0,3.0,-0.4117,46.13509772726311,23.94037503685005,18.75,30.0
01a59483o0622o,358.865380357143,-34.8748403571429,>19.69,0.0,3.0,o,22.17,59483.48994785,1802.98,7523.07,213.0,179.3,-13.9,10.5,180.5,-742.6,857.1,1.47,3.21,2.91,1.0,3.0,-0.4267,-31.547980733269153,23.831208467577415,18.82,30.0
02a59485o0492o,358.865380357143,-34.8748403571429,>20.13,0.0,3.0,o,22.086,59485.42371705,4938.04,8736.57,192.0,181.1,10.6,11.0,181.7,515.3,689.9,0.98,2.49,2.22,1.0,3.0,-0.4197,15.283292751103271,15.86002077944679,19.22,30.0
02a59485o0562o,358.865380357143,-34.8748403571429,>20.21,0.0,3.0,o,22.082,59485.45641915,4919.61,8696.71,159.0,181.8,-2.8,10.5,180.5,-61.8,606.0,2.23,2.46,2.17,1.0,3.0,-0.4157,-3.8986263841534847,14.619848940575565,19.22,30.0
02a59485o0569o,358.865380357143,-34.8748403571429,>20.13,0.0,3.0,o,22.08,59485.45962205,4978.63,8775.11,176.0,182.7,-5.7,10.0,185.0,1259.6,616.3,1.75,2.59,2.32,1.0,3.0,-0.4087,-8.892448320762812,15.600786527654055,19.16,30.0
02a59485o0581o,358.865380357143,-34.8748403571429,>20.09,0.0,3.0,o,22.078,59485.46510965,4999.03,8658.88,160.0,182.0,-16.5,9.7,181.9,37.0,710.9,1.45,2.66,2.41,1.0,3.0,-0.4057,-27.437299799452838,16.129806548769242,19.08,30.0
01a59487o0451o,358.865380357143,-34.8748403571429,>20.04,0.0,3.0,o,22.158,59487.48262805,1927.72,7451.67,203.0,181.0,-1.6,8.6,178.2,-566.8,584.3,1.76,2.92,2.79,1.0,3.0,-0.4487,-3.267877609117041,17.564842149004097,19.07,30.0
01a59487o0459o,358.865380357143,-34.8748403571429,>19.99,0.0,3.0,o,22.157,59487.48631975,1947.33,7489.01,190.0,179.2,-2.7,8.8,180.0,948.2,820.1,1.11,2.96,2.82,1.0,3.0,-0.4407,-5.613882633387024,18.29709895326141,19.04,30.0
01a59487o0471o,358.865380357143,-34.8748403571429,>19.93,0.0,3.0,o,22.151,59487.49185665,1888.32,7412.83,167.0,179.9,-6.2,8.3,180.8,1345.7,703.5,1.38,3.12,2.98,1.0,3.0,-0.4297,-14.292930859824581,19.13408486073291,18.96,30.0
01a59487o0499o,358.865380357143,-34.8748403571429,>19.78,0.0,3.0,o,22.14,59487.50522125,1872.96,7531.64,152.0,181.0,-10.3,8.3,180.2,142.9,749.8,1.2,3.39,3.13,1.0,3.0,-0.4217,-27.173151224392207,21.89681118082091,18.83,30.0
02a59489o0470o,358.865380357143,-34.8748403571429,>20.39,0.0,3.0,o,22.073,59489.41981675,4935.76,8734.76,168.0,181.7,-19.3,10.0,183.0,451.3,606.2,1.08,2.34,2.02,1.0,3.0,-0.4317,-24.349120623447288,12.61612467536129,19.42,30.0
02a59489o0477o,358.865380357143,-34.8748403571429,>20.41,0.0,3.0,o,22.073,59489.42302115,4916.68,8695.09,104.0,181.1,-39.2,9.8,183.2,816.4,635.8,2.0,2.35,2.0,1.0,3.0,-0.4267,-48.94886997811358,12.237217494528394,19.4,30.0
02a59489o0536o,358.865380357143,-34.8748403571429,>20.35,0.0,3.0,o,22.063,59489.45062715,4982.2,8777.28,122.0,181.7,-68.4,10.3,182.4,-55.8,573.4,2.13,2.32,2.03,1.0,3.0,-0.4287,-86.53640909548658,13.031067451513332,19.31,30.0
02a59489o0547o,358.865380357143,-34.8748403571429,>20.26,0.0,3.0,o,22.062,59489.45572505,5002.41,8659.2,94.0,181.8,-46.4,10.0,185.5,403.8,627.6,2.08,2.47,2.12,1.0,3.0,-0.4177,-64.6709945767626,13.937714348440217,19.26,30.0
01a59491o0431o,358.865380357143,-34.8748403571429,>19.97,0.0,3.0,o,22.165,59491.40417275,1422.68,1658.57,159.0,179.0,-12.4,8.1,178.7,413.8,681.4,1.18,3.2,2.91,1.0,3.0,-0.4457,-28.68292238629756,18.736425107178245,19.03,30.0
01a59491o0438o,358.865380357143,-34.8748403571429,>19.97,0.0,3.0,o,22.164,59491.40739695,1443.41,1696.87,147.0,181.9,-20.9,8.7,183.4,185.6,765.8,1.29,3.13,2.78,1.0,3.0,-0.4612,-45.86634831928681,19.092690448698338,19.06,30.0
01a59491o0450o,358.865380357143,-34.8748403571429,>19.57399579176738,0.0,1.3,o,22.165,59491.41292115,1379.71,1619.26,246.0,178.6,11.2,8.6,179.1,20.6,627.6,1.44,3.02,2.73,1.0,3.0,-0.4607,23.25660720908156,17.8577519641162,19.09,30.0
01a59491o0526o,358.865380357143,-34.8748403571429,>19.87,0.0,3.0,o,22.148,59491.44834525,1358.37,1731.47,178.0,180.2,-26.8,8.3,179.6,-552.2,753.4,1.32,3.37,2.92,1.0,3.0,-0.4487,-66.72772089208006,20.665674753890467,18.94,30.0
02a59493o0435o,358.865380357143,-34.8748403571429,>20.36,0.0,3.0,o,22.089,59493.39256435,6853.79,5242.38,99.0,179.7,-80.8,9.7,182.5,-489.4,700.8,2.52,2.39,2.12,1.0,3.0,-0.4307,-107.5731455255547,12.914102866310403,19.32,30.0
02a59493o0443o,358.865380357143,-34.8748403571429,>20.44,0.0,3.0,o,22.089,59493.39622745,6834.45,5203.62,217.0,181.0,8.1,10.5,177.7,-310.8,557.1,2.15,2.23,1.95,1.0,3.0,-0.4377,9.31500813625227,12.075010546993687,19.44,30.0
02a59493o0455o,358.865380357143,-34.8748403571429,>20.38,0.0,3.0,o,22.08,59493.40171455,6892.96,5281.3,178.0,182.8,0.5,11.2,180.9,510.2,611.1,3.89,2.22,1.92,1.0,3.0,-0.4417,0.5704045127452559,12.777061085493733,19.42,30.0
02a59493o0526o,358.865380357143,-34.8748403571429,>20.34,0.0,3.0,o,22.066,59493.43495705,6915.11,5166.0,103.0,181.0,-35.2,10.5,178.4,-486.0,600.7,1.75,2.32,2.01,1.0,3.0,-0.4357,-44.25735458342589,13.201767702442382,19.31,30.0
01a59495o0491o,358.865380357143,-34.8748403571429,>19.42,0.0,3.0,o,21.728,59495.41792085,1417.33,1653.08,161.0,181.2,-29.1,5.4,179.9,-182.8,484.7,1.11,4.06,3.81,1.0,3.0,-0.3897,-158.819104716652,29.471586442265323,18.4,30.0
01a59495o0564o,358.865380357143,-34.8748403571429,>17.12,0.0,3.0,o,19.722,59495.45238515,1439.88,1685.74,183.0,182.4,0.5,7.1,183.2,1632.1,841.4,1.13,4.05,3.81,1.0,3.0,-0.3397,16.493345192480632,234.20550173322496,16.35,30.0
01a59495o0570o,358.865380357143,-34.8748403571429,>18.87,0.0,3.0,o,21.541,59495.45519535,1376.15,1608.87,163.0,177.9,-9.2,5.3,178.2,764.9,695.6,0.93,4.85,4.56,1.0,3.0,-0.3027,-78.71421231953184,45.346231010165084,17.95,30.0
01a59495o0582o,358.865380357143,-34.8748403571429,>19.55,0.0,3.0,o,21.841,59495.46076435,1358.99,1726.01,141.0,181.1,-30.6,6.4,182.3,1084.0,585.9,1.46,3.69,3.5,1.0,3.0,-0.3627,-122.5672895626315,25.634988666694174,18.51,30.0
02a59501o0437o,358.865380357143,-34.8748403571429,>20.03,0.0,3.0,o,22.085,59501.39197415,6942.73,7182.59,162.0,181.6,-9.7,13.9,179.8,-348.9,809.5,1.44,2.38,2.01,1.0,3.0,-0.4247,-12.170361937696672,17.440003189070488,18.95,30.0
02a59501o0444o,358.865380357143,-34.8748403571429,>19.97,0.0,3.0,o,22.084,59501.39517725,6923.48,7143.26,108.0,182.2,-82.6,14.8,183.9,243.0,776.0,1.57,2.37,1.99,1.0,3.0,-0.4267,-102.45666492597772,18.35785279545364,18.96,30.0
02a59501o0456o,358.865380357143,-34.8748403571429,>19.98,0.0,3.0,o,22.079,59501.40069375,6982.91,7221.07,156.0,184.2,-24.3,14.7,186.2,343.2,920.5,1.38,2.39,1.97,1.0,3.0,-0.4257,-30.201543995403092,18.27006982437965,18.93,30.0
02a59501o0532o,358.865380357143,-34.8748403571429,>19.69,0.0,3.0,o,21.948,59501.43608155,7006.03,7107.3,119.0,179.2,-71.2,17.3,179.3,-327.1,1007.6,1.41,2.35,1.96,1.0,3.0,-0.4327,-98.30207213730968,23.88519449403732,18.75,30.0
01a59503o0235o,358.865380357143,-34.8748403571429,>18.87,0.0,3.0,o,22.168,59503.31153645,998.89,8986.22,62.0,170.6,-15.1,24.7,173.4,3708.7,1951.8,1.23,3.11,2.71,1.0,3.0,-0.4877,-32.76916479832094,53.60254109394221,18.32,30.0
01a59503o0239o,358.865380357143,-34.8748403571429,>18.85,0.0,3.0,o,22.17,59503.31338105,980.86,8948.17,143.0,177.7,-21.3,25.5,183.2,2668.9,1724.1,1.26,2.95,2.83,1.0,3.0,-0.4797,-45.36770394500218,54.313448384861765,18.32,30.0
01a59503o0245o,358.865380357143,-34.8748403571429,>18.91,0.0,3.0,o,22.172,59503.31614535,1043.13,9026.6,252.0,177.8,24.0,25.9,176.8,1934.8,1979.6,1.45,2.85,2.74,1.0,3.0,-0.4877,48.08010526445448,51.886446931223794,18.34,30.0
01a59503o0275o,358.865380357143,-34.8748403571429,>19.08,0.0,3.0,o,22.176,59503.33044845,1069.24,8906.27,108.0,171.3,-22.5,22.0,174.9,2901.4,1878.5,1.44,2.87,2.73,1.0,3.0,-0.4787,-44.68747407221209,43.6944190928296,18.4,30.0
02a59509o0362o,358.865380357143,-34.8748403571429,>19.58,0.0,3.0,o,22.095,59509.35017935,6760.4,3308.27,156.0,179.7,-40.3,16.7,177.3,-1588.5,1105.9,1.41,2.59,2.34,1.0,3.0,-0.4157,-62.947634275553796,26.084999811457777,18.55,30.0
02a59509o0371o,358.865380357143,-34.8748403571429,>19.53,0.0,3.0,o,22.096,59509.35433005,6741.77,3270.18,133.0,180.1,-12.0,18.3,176.2,-1013.4,1159.2,1.32,2.53,2.29,1.0,3.0,-0.4177,-17.934777569520737,27.350535793519125,18.55,30.0
02a59509o0386o,358.865380357143,-34.8748403571429,>19.108520370173906,0.0,1.59,o,22.095,59509.36129195,6799.51,3347.93,162.0,181.2,26.5,16.7,181.5,1691.0,1027.4,1.13,2.66,2.42,1.0,3.0,-0.4127,43.843137124894724,27.629448678707238,18.52,30.0
02a59509o0411o,358.865380357143,-34.8748403571429,>19.37,0.0,3.0,o,22.094,59509.37285185,6820.06,3233.2,220.0,179.2,-14.3,17.2,180.1,691.6,1175.2,0.81,2.8,2.55,1.0,3.0,-0.3967,-25.88171165777354,31.13045038557377,18.41,30.0
01a59511o0405o,358.865380357143,-34.8748403571429,>19.69,0.0,3.0,o,22.157,59511.37014835,7757.96,3633.59,219.0,182.2,1.8,12.0,181.7,0.9,1000.5,1.17,3.01,2.69,1.0,3.0,-0.4697,3.728636322864924,24.857575485766155,18.68,30.0
01a59511o0412o,358.865380357143,-34.8748403571429,>19.77,0.0,3.0,o,22.155,59511.37337125,7778.76,3672.19,174.0,181.7,-13.1,11.5,183.9,1213.9,836.6,1.46,2.93,2.66,1.0,3.0,-0.4727,-26.24093454334678,23.035934904464725,18.72,30.0
01a59511o0485o,358.865380357143,-34.8748403571429,>19.54,0.0,3.0,o,22.068,59511.40841675,7714.12,3600.82,187.0,178.3,-7.4,11.1,179.9,488.0,977.7,1.41,3.2,2.88,1.0,3.0,-0.4467,-18.54099048750527,27.811485731257903,18.44,30.0
01a59511o0498o,358.865380357143,-34.8748403571429,>19.65,0.0,3.0,o,22.127,59511.41444285,7696.96,3717.82,109.0,181.1,-28.8,11.0,178.9,-318.1,739.7,1.15,3.05,2.91,1.0,3.0,-0.4377,-65.27457628372912,24.931261775035424,18.59,30.0
02a59513o0344o,358.865380357143,-34.8748403571429,>20.2,0.0,3.0,o,22.095,59513.34221185,6764.78,3313.14,70.0,181.2,-60.5,12.0,185.8,718.0,631.9,1.62,2.32,2.05,1.0,3.0,-0.4337,-75.39732985155376,14.954842284605707,19.2,30.0
02a59513o0351o,358.865380357143,-34.8748403571429,>20.25,0.0,3.0,o,22.095,59513.34541345,6745.94,3275.18,96.0,180.1,-37.3,11.9,182.2,195.2,676.4,2.43,2.28,2.01,1.0,3.0,-0.4377,-44.95711993948077,14.342888130826307,19.25,30.0
02a59513o0363o,358.865380357143,-34.8748403571429,>20.19,0.0,3.0,o,22.095,59513.35095015,6803.51,3353.31,110.0,181.5,-98.1,12.0,182.1,139.4,676.3,3.48,2.33,2.06,1.0,3.0,-0.4317,-123.15467261166117,15.064791756778124,19.23,30.0
02a59513o0388o,358.865380357143,-34.8748403571429,>20.18,0.0,3.0,o,22.094,59513.36240465,6825.34,3238.94,170.0,181.1,-42.0,12.4,179.6,-18.3,656.0,2.07,2.31,2.03,1.0,3.0,-0.4337,-51.655438605433424,15.250653302556536,19.19,30.0
01a59515o0356o,358.865380357143,-34.8748403571429,>20.2,0.0,3.0,o,22.173,59515.34574775,8053.88,9453.68,161.0,181.1,-26.2,8.9,182.6,1150.9,600.8,1.43,2.71,2.55,1.0,3.0,-0.4667,-45.51656795549107,15.461734916178266,19.2,30.0
01a59515o0363o,358.865380357143,-34.8748403571429,>19.7195495715428,0.0,1.23,o,22.176,59515.34897385,8074.69,9493.16,204.0,180.3,10.8,8.8,177.7,-358.4,604.6,1.28,2.77,2.58,1.0,3.0,-0.4587,19.20799242577005,15.650956791368188,19.21,30.0
01a59515o0375o,358.865380357143,-34.8748403571429,>20.04,0.0,3.0,o,22.17,59515.35450195,8016.14,9414.93,179.0,181.0,-0.8,9.4,180.7,85.1,659.0,0.91,2.82,2.68,1.0,3.0,-0.4557,-1.5088033324935564,17.728439156799293,19.16,30.0
01a59515o0398o,358.865380357143,-34.8748403571429,>20.14,0.0,3.0,o,22.171,59515.36510185,7999.22,9532.82,132.0,181.6,-28.7,8.5,181.6,-681.8,650.6,1.15,2.83,2.7,1.0,3.0,-0.4587,-54.82654031039175,16.23782552746794,19.21,30.0
02a59517o0215c,358.865380357143,-34.8748403571429,>20.58,0.0,3.0,c,22.096,59517.36481115,7035.67,9126.32,124.0,182.2,-17.5,6.8,179.8,-533.9,451.8,1.64,2.58,2.31,1.0,3.0,-0.3967,-26.389337035583537,10.254142390969605,19.54,30.0
02a59517o0222c,358.865380357143,-34.8748403571429,>20.55,0.0,3.0,c,22.096,59517.36803245,7015.72,9085.46,189.0,181.7,-10.2,6.9,180.2,-210.7,392.1,1.72,2.6,2.31,1.0,3.0,-0.3937,-15.45767759668679,10.45666425658224,19.57,30.0
02a59517o0236c,358.865380357143,-34.8748403571429,>20.56,0.0,3.0,c,22.091,59517.37446615,7075.42,9164.85,212.0,181.8,0.5,6.8,182.4,341.9,369.6,1.56,2.6,2.32,1.0,3.0,-0.3977,0.7673439661423911,10.435877939536518,19.56,30.0
02a59517o0261c,358.865380357143,-34.8748403571429,>20.54,0.0,3.0,c,22.082,59517.38597455,7095.86,9049.64,158.0,182.1,-13.0,6.8,183.7,470.4,434.0,1.22,2.63,2.32,1.0,3.0,-0.3937,-20.27429824848733,10.605017545362603,19.56,30.0
01a59519o0312o,358.865380357143,-34.8748403571429,>20.1,0.0,3.0,o,22.17,59519.32254235,8052.96,9453.47,199.0,181.3,-10.3,7.9,181.5,143.5,494.4,1.47,3.0,2.84,1.0,3.0,-0.4457,-21.698792398203132,16.642763101534445,19.11,30.0
01a59519o0319o,358.865380357143,-34.8748403571429,>19.97,0.0,3.0,o,22.169,59519.32576575,8073.34,9492.87,123.0,181.6,-27.4,8.7,179.6,-517.4,610.0,1.17,3.03,2.88,1.0,3.0,-0.4437,-59.066933447290815,18.754829233263873,19.08,30.0
01a59519o0331o,358.865380357143,-34.8748403571429,>20.06,0.0,3.0,o,22.169,59519.33129815,8013.99,9414.58,170.0,182.2,-25.2,7.4,183.6,503.1,558.8,1.38,3.15,2.99,1.0,3.0,-0.4237,-57.56268299317877,16.903327545615987,19.04,30.0
01a59519o0406o,358.865380357143,-34.8748403571429,>19.58405549776865,0.0,1.59,o,22.164,59519.36639395,7993.2,9534.0,227.0,181.2,12.6,7.9,179.2,-56.8,660.7,1.25,3.13,2.96,1.0,3.0,-0.4177,28.285596319161073,17.734619914394642,19.09,30.0
01a59523o0282o,358.865380357143,-34.8748403571429,>20.23,0.0,3.0,o,22.166,59523.30821195,9740.05,5469.65,190.0,181.7,-1.3,7.1,183.5,348.3,627.4,1.71,3.03,2.76,1.0,3.0,-0.4447,-2.695589823612186,14.722067498189627,19.2,30.0
01a59523o0289o,358.865380357143,-34.8748403571429,>20.11,0.0,3.0,o,22.165,59523.31143485,9759.6,5508.07,203.0,181.7,0.6,7.2,180.9,-292.3,511.5,1.43,3.25,2.83,1.0,3.0,-0.4377,1.3607545406340216,16.32905448760826,19.14,30.0
01a59523o0302o,358.865380357143,-34.8748403571429,>19.63266223224155,0.0,1.22,o,22.164,59523.31745805,9698.62,5430.12,181.0,181.9,10.0,8.2,181.5,-29.3,543.9,1.1,3.03,2.72,1.0,3.0,-0.4527,20.623875476348758,16.91157789060598,19.22,30.0
01a59523o0325o,358.865380357143,-34.8748403571429,>20.17,0.0,3.0,o,22.164,59523.32805335,9681.67,5546.94,189.0,181.2,-1.2,7.7,179.5,-141.8,507.7,1.61,3.03,2.68,1.0,3.0,-0.4557,-2.445217041463698,15.690142682725398,19.18,30.0
01a59527o0242o,358.865380357143,-34.8748403571429,>19.521969012227146,0.0,1.01,o,22.161,59527.29093815,9740.02,5469.61,219.0,180.7,7.4,7.3,180.9,250.5,560.1,1.37,3.27,3.27,1.0,3.0,-0.4047,18.9970414504337,18.740324674076483,19.01,30.0
01a59527o0249o,358.865380357143,-34.8748403571429,>19.51876077638732,0.0,1.36,o,22.155,59527.29439095,9760.26,5508.56,220.0,180.8,9.5,7.0,177.8,-812.7,550.3,1.62,3.52,3.17,1.0,3.0,-0.4077,25.661632210900105,18.908571102768498,18.94,30.0
01a59527o0261o,358.865380357143,-34.8748403571429,>19.96,0.0,3.0,o,22.152,59527.29992135,9701.22,5430.82,158.0,180.8,-2.0,7.7,179.3,-526.9,604.4,1.39,3.26,3.0,1.0,3.0,-0.4267,-4.832007455809104,18.603228704865053,19.04,30.0
01a59527o0326o,358.865380357143,-34.8748403571429,>19.7,0.0,3.0,o,22.101,59527.33027015,9682.21,5548.75,162.0,180.7,-29.2,6.5,180.0,-350.4,612.6,1.21,3.81,3.68,1.0,3.0,-0.3707,-100.67332002025915,22.410156853824816,18.78,30.0
02a59529o0301o,358.865380357143,-34.8748403571429,>20.24,0.0,3.0,o,22.1,59529.31744115,2791.2,4930.15,54.0,181.8,-104.7,12.2,184.2,-1089.0,719.2,1.9,2.29,1.99,1.0,3.0,-0.4417,-125.37010387847205,14.608550786221192,19.19,30.0
02a59529o0308o,358.865380357143,-34.8748403571429,>20.21,0.0,3.0,o,22.1,59529.32064345,2774.46,4889.91,100.0,181.1,-60.7,12.7,177.7,-655.5,708.3,1.52,2.27,1.98,1.0,3.0,-0.4457,-71.9512732819503,15.054055530160932,19.17,30.0
02a59529o0320o,358.865380357143,-34.8748403571429,>19.693528062237988,0.0,1.34,o,22.1,59529.32613155,2833.57,4972.94,236.0,182.5,18.2,13.6,178.2,784.0,759.2,1.52,2.27,1.98,1.0,3.0,-0.4397,21.4546374841145,16.032036801316327,19.15,30.0
02a59529o0395o,358.865380357143,-34.8748403571429,>20.14,0.0,3.0,o,22.086,59529.36113115,2854.87,4858.01,163.0,182.1,-47.7,13.5,182.2,-650.1,791.7,1.41,2.28,1.95,1.0,3.0,-0.4417,-56.44774311118306,15.975776352221617,19.13,30.0
01a59531o0229o,358.865380357143,-34.8748403571429,>18.95,0.0,3.0,o,22.151,59531.30392705,9766.18,7411.74,158.0,169.0,-28.8,17.1,168.7,1160.0,1629.5,1.29,3.39,3.29,1.0,3.0,-0.4007,-77.54375528879869,46.04160470272423,18.33,30.0
01a59531o0230o,358.865380357143,-34.8748403571429,>19.05,0.0,3.0,o,22.145,59531.30438695,31.13,7674.49,127.0,185.3,-22.8,12.5,181.6,-1974.3,1338.2,1.24,3.72,3.72,1.0,3.0,-0.3727,-74.64134765786466,40.92179147909246,18.24,30.0
01a59531o0298o,358.865380357143,-34.8748403571429,>18.31,0.0,3.0,o,22.083,59531.33622545,9785.37,7454.2,78.0,160.9,-1.0,25.3,160.8,-0.6,2370.6,1.23,3.58,3.58,1.0,3.0,-0.3807,-3.2338866876616392,81.81733319783947,17.92,30.0
01a59531o0299o,358.865380357143,-34.8748403571429,>18.21333519048656,0.0,1.28,o,22.093,59531.33668535,51.23,7712.98,102.0,164.0,25.3,19.8,161.8,897.1,2182.6,1.25,3.62,3.49,1.0,3.0,-0.3827,80.05957198521521,62.6553172058206,18.06,30.0
01a59531o0305o,358.865380357143,-34.8748403571429,>18.26,0.0,3.0,o,22.073,59531.33945085,9723.88,7375.21,356.0,166.9,5.8,26.9,168.8,3595.7,2646.6,1.27,3.6,3.45,1.0,3.0,-0.3947,18.582679418995287,86.18518558120226,17.95,30.0
01a59531o0319o,358.865380357143,-34.8748403571429,>18.29,0.0,3.0,o,22.104,59531.34591235,9709.38,7492.08,303.0,178.6,15.4,23.6,184.0,2001.2,2184.6,1.46,3.84,3.7,1.0,3.0,-0.3637,53.31045811123221,81.69654619643379,18.0,30.0
01a59535o0189o,358.865380357143,-34.8748403571429,>17.913998498140682,0.0,2.03,o,22.117,59535.30640025,9760.37,7407.96,307.0,158.6,84.5,41.7,156.9,2316.0,2936.5,0.97,2.83,2.61,1.0,3.0,-0.4847,167.9741287222412,82.8937416297924,18.25,30.0
01a59535o0196o,358.865380357143,-34.8748403571429,>15.7,0.0,3.0,o,21.346,59535.30962535,9781.17,7447.64,-889.0,-720.5,109.5,239.1,-683.0,29200.4,16944.6,0.88,2.88,2.64,1.0,3.0,-0.4957,460.43600712546356,1005.3904045999847,16.56,30.0
01a59535o0215o,358.865380357143,-34.8748403571429,>18.27,0.0,3.0,o,21.931,59535.31839535,26.16,7670.55,-39.0,77.0,-79.2,34.6,70.8,-2563.2,3590.1,1.13,3.19,2.63,1.0,3.0,-0.4937,-214.00817250133264,93.49346929982461,17.67,30.0
01a59535o0222o,358.865380357143,-34.8748403571429,>16.9,0.0,3.0,o,21.661,59535.32162615,46.62,7708.54,106.0,89.7,22.3,102.5,108.1,19355.8,7276.2,0.98,2.93,2.66,1.0,3.0,-0.4807,70.92720813515939,326.0107100382887,17.16,30.0
01a59535o0232o,358.865380357143,-34.8748403571429,>17.11,0.0,3.0,o,22.017,59535.32624465,9703.82,7487.16,17.0,129.5,-101.0,122.1,144.2,6559.4,8042.5,1.24,2.83,2.65,1.0,3.0,-0.4727,-221.06115180871927,267.2432340182636,18.0,30.0
02a59537o0224o,358.865380357143,-34.8748403571429,>18.7,0.0,3.0,o,22.091,59537.28099325,2945.46,8811.05,208.0,196.9,-22.4,50.5,219.6,12479.5,2935.5,1.24,2.3,1.95,1.0,3.0,-0.4487,-26.789783937756894,60.39661110967515,18.48,30.0
02a59537o0231o,358.865380357143,-34.8748403571429,>18.267920760079733,0.0,1.28,o,22.09,59537.28419435,2926.45,8772.69,436.0,209.5,58.0,45.2,212.9,6255.0,3006.0,1.22,2.41,2.08,1.0,3.0,-0.4347,76.6067638220737,59.70044353030571,18.41,30.0
02a59537o0245o,358.865380357143,-34.8748403571429,>18.372862275880767,0.0,1.86,o,22.085,59537.29063145,2986.33,8850.91,396.0,200.2,83.1,44.6,208.7,5052.0,2266.1,1.32,2.33,1.93,1.0,3.0,-0.4547,100.75648287606481,54.07628322830915,18.52,30.0
02a59537o0269o,358.865380357143,-34.8748403571429,>19.05,0.0,3.0,o,22.086,59537.30162705,3008.82,8734.3,234.0,207.2,35.1,36.0,212.1,2626.8,2250.1,1.7,2.28,1.99,1.0,3.0,-0.4337,42.07787364579089,43.15679348286245,18.6,30.0
01a59539o0198o,358.865380357143,-34.8748403571429,>18.837068845132855,0.0,1.37,o,22.17,59539.30542465,7838.18,7506.23,257.0,178.4,25.3,18.5,179.7,3029.5,1287.0,1.28,2.85,2.65,1.0,3.0,-0.4747,48.525497922651454,35.48307160351984,18.61,30.0
01a59539o0205o,358.865380357143,-34.8748403571429,>18.805965337436856,0.0,1.69,o,22.169,59539.30865015,7858.5,7545.25,207.0,178.3,30.9,18.3,176.7,653.7,1441.3,1.33,2.88,2.74,1.0,3.0,-0.4597,61.13082758583835,36.20369400714698,18.57,30.0
01a59539o0221o,358.865380357143,-34.8748403571429,>19.06,0.0,3.0,o,22.144,59539.31602195,7798.29,7468.82,111.0,177.3,-32.7,22.0,181.2,214.3,1497.1,1.07,2.88,2.71,1.0,3.0,-0.4707,-66.14062227151423,44.49827798083526,18.54,30.0
01a59539o0243o,358.865380357143,-34.8748403571429,>19.23,0.0,3.0,o,22.149,59539.32617515,7780.54,7586.85,182.0,179.8,11.6,19.7,179.2,1189.0,1411.1,1.17,2.85,2.63,1.0,3.0,-0.4867,22.76236289968511,38.65677147618937,18.6,30.0
02a59541o0284o,358.865380357143,-34.8748403571429,>19.96,0.0,3.0,o,22.094,59541.30629205,8790.33,5116.69,175.0,180.5,-3.6,15.1,179.1,23.8,916.1,1.8,2.31,2.04,1.0,3.0,-0.4337,-4.449419905211156,18.662844602413454,18.98,30.0
02a59541o0291o,358.865380357143,-34.8748403571429,>20.0,0.0,3.0,o,22.094,59541.30949545,8770.56,5083.72,168.0,182.5,-22.9,15.5,181.0,114.6,797.9,1.34,2.28,1.95,1.0,3.0,-0.4317,-26.654079330941087,18.040970726182838,18.99,30.0
02a59541o0304o,358.865380357143,-34.8748403571429,>19.519771852360797,0.0,2.0,o,22.091,59541.31546965,8829.26,5159.72,286.0,182.8,32.4,16.2,185.5,1187.6,1052.4,1.47,2.24,1.96,1.0,3.0,-0.4377,37.549818761879436,18.774909380939718,19.0,30.0
02a59541o0326o,358.865380357143,-34.8748403571429,>19.88,0.0,3.0,o,22.09,59541.32554835,8850.78,5043.11,163.0,181.3,-19.8,16.6,181.5,-792.4,887.7,1.39,2.32,1.98,1.0,3.0,-0.4257,-23.76715019570976,19.925994608524345,18.92,30.0
01a59543o0114o,358.865380357143,-34.8748403571429,>20.06,0.0,3.0,o,22.158,59543.30322465,7839.39,7507.38,204.0,180.5,7.9,8.0,177.8,-656.5,618.0,1.39,3.02,2.87,1.0,3.0,-0.4597,17.34102148292349,17.560528083973157,19.11,30.0
01a59543o0121o,358.865380357143,-34.8748403571429,>20.09,0.0,3.0,o,22.155,59543.30644615,7858.6,7547.37,230.0,180.6,0.3,7.1,182.3,499.6,680.2,1.55,3.25,2.89,1.0,3.0,-0.4527,0.7109862530943599,16.826674656566517,19.1,30.0
01a59543o0133o,358.865380357143,-34.8748403571429,>20.07,0.0,3.0,o,22.152,59543.31199885,7802.33,7471.45,185.0,180.2,6.3,7.1,177.7,-582.6,634.6,1.18,3.19,3.01,1.0,3.0,-0.4567,15.362308188253257,17.313077481999706,19.05,30.0
01a59543o0156o,358.865380357143,-34.8748403571429,>20.12,0.0,3.0,o,22.15,59543.32259205,7782.32,7588.33,218.0,180.0,-13.5,7.1,179.5,220.8,553.5,1.22,3.11,2.93,1.0,3.0,-0.4517,-31.154481170888126,16.384949356541163,19.1,30.0
02a59545o0252o,358.865380357143,-34.8748403571429,>20.37,0.0,3.0,o,22.091,59545.29210395,8790.44,5115.22,74.0,180.8,-79.0,10.9,181.9,-323.5,653.7,3.1,2.28,1.97,1.0,3.0,-0.4367,-93.58083365344444,12.911785909146134,19.32,30.0
02a59545o0259o,358.865380357143,-34.8748403571429,>20.28,0.0,3.0,o,22.091,59545.29530705,8771.56,5077.0,167.0,181.3,-8.6,11.5,181.5,52.3,564.8,1.41,2.3,2.01,1.0,3.0,-0.4317,-10.437129930126044,13.956627232145294,19.33,30.0
02a59545o0272o,358.865380357143,-34.8748403571429,>20.33,0.0,3.0,o,22.09,59545.30127395,8830.62,5155.53,169.0,181.1,-12.3,10.2,182.8,1372.9,557.9,1.65,2.4,2.07,1.0,3.0,-0.4237,-15.938426494794692,13.217231727390718,19.27,30.0
02a59545o0296o,358.865380357143,-34.8748403571429,>20.33,0.0,3.0,o,22.085,59545.31226225,8851.98,5039.11,94.0,182.5,-43.5,9.8,180.6,-905.6,542.3,1.88,2.43,2.11,1.0,3.0,-0.4217,-58.33601130415136,13.142365765073183,19.25,30.0
01a59547o0232o,358.865380357143,-34.8748403571429,>19.82,0.0,3.0,o,22.131,59547.31492575,1598.08,3611.12,122.0,182.2,-51.3,5.3,183.7,707.4,524.9,1.24,4.58,3.46,1.0,3.0,-0.3767,-195.53193008362166,20.20115457004279,18.76,30.0
01a59547o0239o,358.865380357143,-34.8748403571429,>19.69,0.0,3.0,o,22.126,59547.31815555,1619.39,3649.05,160.0,179.7,-25.0,5.1,180.5,-107.8,593.2,1.14,4.95,3.75,1.0,3.0,-0.3367,-108.0774826764341,22.047806465992554,18.67,30.0
01a59547o0253o,358.865380357143,-34.8748403571429,>19.7,0.0,3.0,o,22.127,59547.32464345,1562.26,3574.92,183.0,180.6,-7.0,6.3,181.6,464.3,600.9,1.0,4.33,3.44,1.0,3.0,-0.3887,-25.450898808234527,22.905808927411073,18.78,30.0
01a59547o0277o,358.865380357143,-34.8748403571429,>19.55,0.0,3.0,o,22.109,59547.33573495,1550.91,3693.18,162.0,181.7,-45.1,5.0,182.2,-6039.9,655.0,1.19,5.17,4.08,1.0,3.0,-0.3047,-218.51738433353057,24.22587409462645,18.6,30.0
01a59551o0145o,358.865380357143,-34.8748403571429,>20.08,0.0,3.0,o,22.156,59551.25686065,1568.74,3604.74,161.0,179.6,-45.6,8.4,180.2,145.1,738.4,1.3,2.91,2.76,1.0,3.0,-0.4577,-92.75250743563943,17.08598821182832,19.15,30.0
01a59551o0152o,358.865380357143,-34.8748403571429,>20.14,0.0,3.0,o,22.156,59551.26008725,1591.59,3643.58,167.0,181.4,-36.9,8.1,182.1,460.9,634.3,1.23,2.9,2.72,1.0,3.0,-0.4647,-74.19113470330004,16.285858837309764,19.18,30.0
01a59551o0167o,358.865380357143,-34.8748403571429,>20.12,0.0,3.0,o,22.155,59551.26700435,1533.9,3569.63,231.0,180.7,-14.4,7.8,180.1,-3877.2,631.0,1.53,2.97,2.8,1.0,3.0,-0.4467,-30.049393995584623,16.27675508094167,19.13,30.0
01a59551o0193o,358.865380357143,-34.8748403571429,>20.11,0.0,3.0,o,22.152,59551.27898775,1523.46,3688.69,236.0,181.1,-7.1,8.7,179.6,-899.8,665.9,1.29,2.83,2.67,1.0,3.0,-0.4687,-13.775735352122933,16.88012641739007,19.14,30.0
01a59559o0130o,358.865380357143,-34.8748403571429,>19.46,0.0,3.0,o,22.157,59559.25215055,2050.21,9413.83,139.0,179.0,-11.7,12.2,178.4,-108.8,1098.0,1.18,3.25,3.02,1.0,3.0,-0.4227,-28.13422205953799,29.33653924156953,18.56,30.0
01a59559o0137o,358.865380357143,-34.8748403571429,>19.52,0.0,3.0,o,22.157,59559.25537285,2071.47,9451.95,138.0,177.4,-14.5,11.9,179.0,1237.9,945.9,1.2,3.18,2.99,1.0,3.0,-0.4347,-34.15270098753479,28.028768396666486,18.62,30.0
01a59559o0152o,358.865380357143,-34.8748403571429,>19.53,0.0,3.0,o,22.165,59559.26228775,2016.82,9377.45,171.0,178.3,-25.9,11.4,179.7,1084.9,1041.9,1.28,3.27,3.04,1.0,3.0,-0.4217,-62.557566410638955,27.534990620899,18.56,30.0
01a59559o0178o,358.865380357143,-34.8748403571429,>19.49,0.0,3.0,o,22.159,59559.27427605,2004.48,9496.59,153.0,181.6,-22.5,11.4,183.1,143.8,802.9,1.07,3.33,3.09,1.0,3.0,-0.4217,-56.56450309670664,28.6593482356647,18.53,30.0
01a59563o0157o,358.865380357143,-34.8748403571429,>19.4,0.0,3.0,o,22.164,59563.25138885,5816.39,5697.31,199.0,182.7,11.1,16.0,180.7,639.5,1130.7,0.95,2.93,2.72,1.0,3.0,-0.4737,22.569308266262397,32.53233623965751,18.58,30.0
01a59563o0163o,358.865380357143,-34.8748403571429,>18.882546688936113,0.0,1.35,o,22.164,59563.25424225,5837.82,5735.86,205.0,182.5,22.4,16.6,179.3,-2183.3,1097.7,1.06,2.95,2.73,1.0,3.0,-0.4637,45.602791345822446,33.794925729493436,18.6,30.0
01a59563o0176o,358.865380357143,-34.8748403571429,>18.89479198491658,0.0,1.75,o,22.162,59563.26026605,5781.18,5660.5,309.0,177.7,28.7,16.4,175.5,1328.1,1159.6,1.32,2.94,2.74,1.0,3.0,-0.4667,58.71357640435762,33.55061508820435,18.59,30.0
01a59563o0198o,358.865380357143,-34.8748403571429,>19.27,0.0,3.0,o,22.155,59563.27044115,5769.08,5779.0,190.0,182.1,-11.7,17.0,180.6,142.6,1211.7,1.03,3.03,2.76,1.0,3.0,-0.4707,-25.101305973744417,36.47198303877394,18.56,30.0
02a59565o0130o,358.865380357143,-34.8748403571429,>19.51,0.0,3.0,o,21.99,59565.23939265,815.74,6929.58,195.0,175.7,9.6,20.5,177.8,550.3,1270.9,1.23,2.33,2.05,1.0,3.0,-0.4327,13.223297241937821,28.237249318721396,18.58,30.0
02a59565o0138o,358.865380357143,-34.8748403571429,>19.43,0.0,3.0,o,21.988,59565.24306775,795.87,6887.36,160.0,175.1,-26.8,18.9,175.7,-1981.4,1314.9,1.64,2.49,2.24,1.0,3.0,-0.4317,-43.14603632160666,30.427615167103195,18.51,30.0
02a59565o0151o,358.865380357143,-34.8748403571429,>19.51,0.0,3.0,o,21.985,59565.24906985,854.94,6966.11,117.0,180.8,-27.7,20.9,182.1,-3125.1,1188.1,1.0,2.31,2.02,1.0,3.0,-0.4367,-37.58390171191873,28.357528728487413,18.59,30.0
01a59567o0111o,358.865380357143,-34.8748403571429,>18.71,0.0,3.0,o,22.162,59567.23184815,5809.0,5694.7,174.0,182.8,-0.7,19.4,184.9,671.3,1622.8,1.28,3.66,3.4,1.0,3.0,-0.4037,-2.0874533932371344,57.852279755429166,18.03,30.0
01a59567o0118o,358.865380357143,-34.8748403571429,>18.73,0.0,3.0,o,22.166,59567.23507055,5830.84,5734.05,195.0,183.5,-15.9,22.1,180.1,114.5,2012.6,1.22,3.36,3.19,1.0,3.0,-0.4307,-41.71438355294714,57.980369592461116,18.11,30.0
01a59567o0130o,358.865380357143,-34.8748403571429,>18.76,0.0,3.0,o,22.165,59567.24060455,5774.31,5658.63,261.0,183.0,-17.4,23.4,180.9,-1113.1,1832.9,1.15,3.26,3.01,1.0,3.0,-0.4337,-41.946148422421075,56.41033753360077,18.12,30.0
01a59567o0153o,358.865380357143,-34.8748403571429,>18.65,0.0,3.0,o,22.16,59567.25120765,5762.78,5776.16,194.0,177.9,-10.6,23.1,177.4,2585.1,1892.4,1.08,3.44,3.2,1.0,3.0,-0.4177,-28.377428064853916,61.84137625454014,18.02,30.0
02a59585o0034c,358.865380357143,-34.8748403571429,>20.13,0.0,3.0,c,21.978,59585.21825795,4756.05,6805.27,168.0,180.9,-18.4,8.5,181.0,340.8,541.5,1.67,2.72,2.38,1.0,3.0,-0.3967,-33.598696547724195,15.5211369921552,19.11,30.0
02a59585o0041c,358.865380357143,-34.8748403571429,>20.01,0.0,3.0,c,21.972,59585.22146215,4737.21,6766.39,191.0,180.6,-10.3,8.6,182.5,217.1,594.4,1.15,2.82,2.51,1.0,3.0,-0.3947,-20.64043280991342,17.233759433519943,19.06,30.0
02a59585o0053c,358.865380357143,-34.8748403571429,>20.14,0.0,3.0,c,21.965,59585.22696975,4795.32,6843.53,163.0,181.4,-15.6,7.9,180.4,-685.0,506.0,1.09,2.75,2.47,1.0,3.0,-0.3917,-30.110154969515737,15.248091298665022,19.07,30.0
02a59585o0077c,358.865380357143,-34.8748403571429,>19.99,0.0,3.0,c,21.946,59585.23800335,4816.57,6728.74,196.0,181.1,-1.6,8.7,178.3,-946.5,578.6,1.16,2.77,2.51,1.0,3.0,-0.3867,-3.2020802982667393,17.41131162182539,19.03,30.0
01a59587o0028o,358.865380357143,-34.8748403571429,>19.22,0.0,3.0,o,22.108,59587.22297965,3701.18,5373.5,192.0,177.8,-5.3,6.8,175.5,-1164.4,902.7,1.02,4.7,4.46,1.0,3.0,-0.2997,-25.425372919232473,32.62123317939261,18.31,30.0
01a59587o0042o,358.865380357143,-34.8748403571429,>19.53,0.0,3.0,o,22.129,59587.22946265,3725.97,5411.36,214.0,178.4,-12.4,8.2,178.4,748.9,749.1,1.01,3.74,3.57,1.0,3.0,-0.3637,-39.42032938102044,26.068282332610288,18.57,30.0
01a59587o0052o,358.865380357143,-34.8748403571429,>19.131093811802902,0.0,1.12,o,22.123,59587.23406925,3667.28,5336.54,188.0,177.1,10.2,9.1,177.1,634.7,854.6,1.13,3.53,3.39,1.0,3.0,-0.3947,30.069992559097088,26.827150224292506,18.62,30.0
01a59587o0076o,358.865380357143,-34.8748403571429,>19.43,0.0,3.0,o,22.106,59587.24512925,3656.71,5454.82,168.0,178.6,-2.4,8.2,176.0,-1302.1,858.5,1.24,3.86,3.73,1.0,3.0,-0.3637,-8.40361453335112,28.712349655616325,18.5,30.0
01a59591o0016o,358.865380357143,-34.8748403571429,>17.83,0.0,3.0,o,22.162,59591.20556125,3694.26,5373.68,211.0,158.3,-30.3,58.1,164.0,6000.5,5091.1,1.21,3.14,2.96,1.0,3.0,-0.4267,-68.93229420320709,132.17710538634756,17.38,30.0
01a59591o0023o,358.865380357143,-34.8748403571429,>18.57,0.0,3.0,o,22.151,59591.20878505,3716.28,5411.83,102.0,171.0,3.0,28.8,169.8,951.7,2089.3,1.38,3.15,2.97,1.0,3.0,-0.4117,6.844583139123992,65.70799813559033,17.94,30.0
01a59591o0041o,358.865380357143,-34.8748403571429,>19.37,0.0,3.0,o,22.139,59591.21710185,3661.22,5338.04,159.0,180.4,0.5,13.0,176.9,-677.2,971.9,1.42,3.21,3.08,1.0,3.0,-0.4117,1.2189460897291333,31.692598332957466,18.47,30.0
01a59591o0065o,358.865380357143,-34.8748403571429,>19.41,0.0,3.0,o,22.13,59591.22816395,3648.21,5455.71,187.0,179.6,11.3,12.7,176.4,-141.5,1028.7,1.18,3.17,3.04,1.0,3.0,-0.4147,27.150012544637338,30.51373091299949,18.6,30.0
01a59595o0032o,358.865380357143,-34.8748403571429,>18.15,0.0,3.0,o,22.143,59595.20635995,3557.44,3446.27,316.0,177.1,32.3,50.3,172.4,-618.3,3612.0,0.94,2.91,2.7,1.0,3.0,-0.4787,66.31595386700114,103.2722129879306,17.25,30.0
01a59595o0039o,358.865380357143,-34.8748403571429,>18.76,0.0,3.0,o,22.133,59595.20958825,3582.28,3485.53,283.0,181.4,2.8,28.9,176.5,-958.0,2522.8,0.78,2.86,2.71,1.0,3.0,-0.4677,5.665680768193065,58.47791935742128,17.78,30.0
01a59595o0056o,358.865380357143,-34.8748403571429,>19.19,0.0,3.0,o,22.118,59595.21742455,3526.37,3411.15,208.0,179.5,5.0,17.2,176.4,1099.6,1300.7,1.23,3.01,2.87,1.0,3.0,-0.4447,11.193789660705347,38.50663643282639,18.14,30.0
01a59595o0078o,358.865380357143,-34.8748403571429,>19.17,0.0,3.0,o,22.104,59595.22760135,3515.66,3529.0,162.0,179.6,-1.5,17.3,183.9,2341.0,1311.1,0.99,3.01,2.87,1.0,3.0,-0.4407,-3.3892093563606602,39.088881243359616,18.22,30.0
03a59604o0007c,358.865380357143,-34.8748403571429,>19.23,0.0,3.0,c,21.732,59603.78542525,1727.16,5405.39,258.0,184.1,13.3,13.5,189.4,1818.6,839.2,1.42,2.88,2.57,1.0,3.0,-0.3667,33.879422382143886,34.38888738037161,18.29,30.0
03a59604o0015c,358.865380357143,-34.8748403571429,>19.5,0.0,3.0,c,21.7,59603.78915295,1747.47,5444.51,166.0,182.0,-7.3,9.7,182.7,1130.1,603.4,1.22,2.98,2.63,1.0,3.0,-0.3697,-20.335442071980257,27.02106686276829,18.57,30.0
03a59604o0033c,358.865380357143,-34.8748403571429,>19.51,0.0,3.0,c,21.204,59603.79754985,1692.31,5369.52,175.0,181.2,4.9,6.8,180.7,-240.9,481.1,1.35,2.84,2.47,1.0,3.0,-0.3807,19.488127782959197,27.044748760025,18.52,30.0
03a59604o0061c,358.865380357143,-34.8748403571429,>19.264363511252895,0.0,1.15,c,21.238,59603.81064265,1675.31,5488.1,154.0,181.6,7.1,6.2,180.8,-424.8,385.2,1.51,2.81,2.47,1.0,3.0,-0.3857,27.203223342992494,23.75492742627513,18.65,30.0
04a59606o0031o,358.865380357143,-34.8748403571429,>18.11,0.0,3.0,o,21.909,59606.03258663,5886.54,7615.15,172.0,144.3,-2.3,21.2,141.2,-31.3,2550.4,0.94,5.04,3.1,1.0,3.0,-0.2647,-9.564864270377939,88.16309675304885,17.15,30.0
04a59606o0037o,358.865380357143,-34.8748403571429,>18.11,0.0,3.0,o,21.115,59606.03539328,5862.78,7654.84,209.0,165.8,3.6,23.6,163.2,1788.2,2080.9,1.18,2.8,2.42,1.0,3.0,-0.5477,17.507923623083826,114.77416597354954,17.16,30.0
04a59606o0053o,358.865380357143,-34.8748403571429,>19.03,0.0,3.0,o,21.872,59606.04288153,5688.61,7579.68,193.0,171.6,8.4,9.0,170.9,451.2,1063.0,1.19,5.07,3.01,1.0,3.0,-0.3197,37.13748473244677,39.790162213335826,18.04,30.0
04a59606o0080o,358.865380357143,-34.8748403571429,>18.498794080216847,0.0,1.52,o,21.366,59606.05549763,5462.08,7698.96,224.0,175.3,14.4,9.5,173.0,-2.3,705.9,1.07,3.63,2.93,1.0,3.0,-0.3607,73.43371214466136,48.44585176210298,17.93,30.0
03a59607o0024c,358.865380357143,-34.8748403571429,>19.45,0.0,3.0,c,21.824,59606.78698745,1722.41,5402.09,153.0,185.0,8.4,9.6,186.8,722.9,914.7,1.62,3.23,2.88,1.0,3.0,-0.3587,24.526356772377387,28.03012202557416,18.53,30.0
03a59607o0030c,358.865380357143,-34.8748403571429,>19.61,0.0,3.0,c,21.815,59606.78980155,1742.76,5441.27,208.0,181.6,-8.3,7.4,183.7,1100.1,631.4,1.1,3.49,2.96,1.0,3.0,-0.3737,-27.514015377845215,24.53056792723549,18.65,30.0
03a59607o0041c,358.865380357143,-34.8748403571429,>19.84,0.0,3.0,c,21.801,59606.79613855,1684.67,5362.88,180.0,180.5,-7.6,5.0,179.6,-436.3,524.9,1.19,3.75,3.25,1.0,3.0,-0.3537,-29.558811384038897,19.446586436867698,18.81,30.0
03a59607o0063c,358.865380357143,-34.8748403571429,>20.0,0.0,3.0,c,21.777,59606.80642385,1668.26,5483.85,151.0,180.8,-3.2,5.1,179.5,27.8,435.9,1.25,3.36,3.0,1.0,3.0,-0.3657,-10.640676887757623,16.95857878986371,18.99,30.0
03a59615o0036c,358.865380357143,-34.8748403571429,>18.63,0.0,3.0,c,21.782,59614.77828905,14.18,9447.33,173.0,131.0,-38.1,20.5,154.3,9752.0,2332.5,31.11,3.1,2.87,1.0,3.0,-0.3787,-112.64899240952901,60.61166258255497,17.87,30.0
03a59615o0052c,358.865380357143,-34.8748403571429,None,None,None,c,21.756,59614.78561235,None,None,None,None,None,None,None,None,None,None,None,None,1.0,3.0,-0.3787,None,None,18.55,30.0
03a59615o0076c,358.865380357143,-34.8748403571429,None,None,None,c,21.713,59614.79667825,None,None,None,None,None,None,None,None,None,None,None,None,1.0,3.0,-0.3787,None,None,18.78,30.0
04a59617o0041o,358.865380357143,-34.8748403571429,>17.13,0.0,3.0,o,21.88,59617.02515751,1672.53,7369.25,337.0,147.7,-26.9,53.2,151.9,1570.3,5832.3,1.05,4.56,3.28,1.0,3.0,-0.2777,-111.31398014184538,220.14512057792473,16.32,30.0
04a59617o0047o,358.865380357143,-34.8748403571429,>17.58,0.0,3.0,o,21.853,59617.02790024,1645.81,7409.97,134.0,167.8,-22.6,27.1,166.8,2549.9,3628.0,1.09,5.81,3.26,1.0,3.0,-0.2627,-119.74597290908441,143.5891976033711,16.68,30.0
04a59617o0061o,358.865380357143,-34.8748403571429,>18.26,0.0,3.0,o,21.046,59617.03429876,1479.25,7339.44,192.0,181.7,13.2,21.8,182.9,2240.9,1370.7,0.95,2.61,2.29,1.0,3.0,-0.5847,62.432203909592474,103.10773069917546,17.35,30.0
04a59617o0084o,358.865380357143,-34.8748403571429,>19.19,0.0,3.0,o,21.804,59617.04483846,1270.76,7466.54,249.0,188.5,-7.7,9.8,188.2,143.3,842.3,1.55,4.12,2.75,1.0,3.0,-0.3317,-27.2069200444176,34.62698914744059,18.23,30.0
03a59688o0973o,358.865380357143,-34.8748403571429,>18.02,0.0,3.0,o,22.098,59688.16895705,892.3,4902.09,182.0,204.8,-6.9,79.6,205.4,775.8,5772.1,0.92,2.53,2.13,1.0,3.0,-0.4247,-9.636247824505256,111.16598939574179,17.38,30.0

