MJD,m,dm,uJy,duJy,F,err,chi/N,RA,Dec,x,y,maj,min,phi,apfit,mag5sig,Sky,Obs
60684.372074,19.827,0.472,43,20,o,0,0.77,97.97918,35.5566,4776.19,1133.75,2.53,2.32,48.0,-0.449,19.08,19.74,01a60684o0361o
60684.373913,22.844,5.455,3,14,o,0,1.62,97.97918,35.5566,4756.46,1095.47,2.47,2.29,48.5,-0.454,19.09,19.74,01a60684o0365o
60684.376678,-20.641,0.78,-20,16,o,0,0.81,97.97918,35.5566,4814.34,1174.46,2.49,2.27,42.6,-0.45,19.06,19.75,01a60684o0371o
60684.400812,19.947,0.44,38,17,o,0,1.16,97.97918,35.5566,4828.44,1057.92,2.53,2.36,35.1,-0.432,19.07,19.79,01a60684o0420o
60685.416863,-20.573,1.285,-21,28,o,0,0.78,97.97918,35.5566,5835.46,9467.3,2.67,2.49,48.0,-0.384,18.27,19.01,01a60685o0461o
60685.452396,-22.838,8.158,-3,22,o,0,1.07,97.97918,35.5566,5781.37,9387.07,2.78,2.55,55.9,-0.369,18.83,19.37,01a60685o0537o
60685.457115,-18.154,0.782,-199,156,o,0,1.05,97.97918,35.5566,5762.23,9503.02,2.99,2.63,51.4,-0.35,17.02,18.2,01a60685o0547o
60690.458519,-21.291,2.582,-11,29,o,0,0.92,97.97918,35.5566,4938.61,5217.7,2.61,2.07,34.7,-0.425,18.51,18.9,02a60690o0561o
60690.467787,-19.714,0.586,-47,28,o,0,0.83,97.97918,35.5566,4917.72,5176.66,2.57,2.0,35.8,-0.424,18.51,18.89,02a60690o0581o
60690.475876,-20.631,1.371,-20,28,o,0,0.95,97.97918,35.5566,4976.32,5253.32,2.6,2.11,37.2,-0.421,18.46,18.87,02a60690o0598o
60690.47868,20.043,0.85,35,30,o,0,0.91,97.97918,35.5566,4996.07,5136.98,2.64,2.12,36.8,-0.425,18.43,18.86,02a60690o0604o
60691.480634,-24.225,19.5,-1,14,o,0,1.8,97.97918,35.5566,5589.05,5342.19,2.56,2.33,41.9,-0.41,18.95,19.46,01a60691o0375o
60691.486817,20.68,0.987,19,19,o,0,1.06,97.97918,35.5566,5611.08,5380.81,2.53,2.35,39.4,-0.418,18.92,19.44,01a60691o0388o
60691.490574,-21.198,1.957,-12,24,o,0,0.5,97.97918,35.5566,5550.39,5303.33,2.56,2.4,38.4,-0.423,18.93,19.44,01a60691o0396o
60691.501958,21.469,1.987,9,19,o,0,0.89,97.97918,35.5566,5530.51,5419.07,2.46,2.3,37.2,-0.42,18.97,19.42,01a60691o0420o
60692.404824,-21.27,2.198,-11,25,o,0,0.88,97.97918,35.5566,2495.79,7760.77,2.58,2.33,48.5,-0.414,18.81,19.39,01a60692o0394o
60692.408508,-19.827,0.385,-43,16,o,0,1.16,97.97918,35.5566,2517.96,7799.32,2.48,2.26,48.8,-0.426,19.07,19.69,01a60692o0402o
60692.428888,-20.428,0.688,-24,17,o,0,0.84,97.97918,35.5566,2462.16,7717.89,2.5,2.3,45.5,-0.421,19.16,19.85,01a60692o0445o
60692.435298,22.192,3.6,5,17,o,0,0.95,97.97918,35.5566,2442.85,7832.44,2.5,2.33,44.3,-0.42,19.15,19.83,01a60692o0459o
60693.412465,21.655,1.724,8,14,o,0,0.93,97.97918,35.5566,8048.32,2842.09,2.04,1.99,-48.2,-0.417,19.2,20.01,02a60693o0438o
60693.416092,-21.504,1.621,-9,15,o,0,1.27,97.97918,35.5566,8026.81,2802.47,2.06,1.99,-65.3,-0.415,19.16,19.98,02a60693o0446o
60693.422497,-19.891,0.358,-40,14,o,0,1.09,97.97918,35.5566,8085.04,2879.85,2.04,2.0,-49.9,-0.419,19.21,19.99,02a60693o0460o
60693.432488,-20.116,0.47,-33,15,o,0,1.09,97.97918,35.5566,8105.01,2763.27,2.08,2.01,-54.1,-0.419,19.18,19.98,02a60693o0481o
60694.414198,-21.555,2.102,-9,18,o,0,0.81,97.97918,35.5566,4513.18,9489.07,2.47,2.37,27.5,-0.391,19.17,20.27,02a60694o0451o
60694.417398,21.416,1.855,10,18,o,0,1.11,97.97918,35.5566,4494.76,9448.82,2.76,2.61,41.8,-0.386,19.07,20.26,02a60694o0458o
60694.424698,22.1,3.5,5,18,o,0,1.07,97.97918,35.5566,4549.97,9525.5,2.7,2.59,-9.9,-0.383,19.04,20.23,02a60694o0474o
60694.43713,22.771,6.067,3,17,o,0,2.62,97.97918,35.5566,4566.3,9405.72,2.77,2.69,57.7,-0.395,19.03,20.26,02a60694o0500o
60695.415463,21.984,2.167,6,13,o,0,1.24,97.97918,35.5566,5991.2,1076.73,2.45,2.37,47.1,-0.439,19.39,20.46,01a60695o0450o
60695.419132,21.176,0.99,12,12,o,0,1.0,97.97918,35.5566,6011.28,1115.0,2.38,2.32,36.7,-0.445,19.39,20.45,01a60695o0458o
60695.440227,-20.315,0.506,-27,14,o,0,0.84,97.97918,35.5566,5956.93,1035.07,2.4,2.31,34.9,-0.439,19.38,20.39,01a60695o0497o
60695.446998,22.361,3.595,4,15,o,0,0.81,97.97918,35.5566,5938.26,1152.96,2.33,2.25,38.0,-0.447,19.37,20.35,01a60695o0511o
60696.373715,22.172,2.333,5,12,o,0,1.43,97.97918,35.5566,7811.06,9308.23,2.56,2.53,-34.4,-0.437,19.52,20.81,01a60696o0364o
60696.382171,-20.917,0.818,-16,13,o,0,0.91,97.97918,35.5566,7833.38,9345.44,2.48,2.44,89.3,-0.448,19.57,20.78,01a60696o0382o
60696.386396,21.749,1.925,7,14,o,0,0.83,97.97918,35.5566,7773.85,9266.91,2.56,2.54,88.1,-0.44,19.53,20.78,01a60696o0391o
60696.396453,-22.482,3.423,-4,13,o,0,1.2,97.97918,35.5566,7757.07,9382.45,2.46,2.41,-76.6,-0.448,19.44,20.63,01a60696o0412o
60699.38717,-21.528,1.5,-9,13,o,0,0.97,97.97918,35.5566,3438.11,3023.4,2.82,2.59,30.6,-0.401,19.45,20.87,01a60699o0381o
60699.390885,20.317,0.383,27,10,o,0,1.12,97.97918,35.5566,3458.39,3062.37,2.68,2.42,42.5,-0.414,19.52,20.94,01a60699o0389o
60699.400667,-23.499,7.273,-1,10,o,0,1.25,97.97918,35.5566,3399.47,2982.83,2.66,2.41,38.3,-0.41,19.52,20.86,01a60699o0408o
60699.410825,21.448,1.192,10,11,o,0,1.28,97.97918,35.5566,3382.64,3096.72,2.68,2.39,34.1,-0.411,19.48,20.78,01a60699o0430o
60700.458189,20.539,0.918,22,20,o,0,1.09,97.97918,35.5566,10397.38,7289.45,2.59,2.33,-50.9,-0.442,19.17,20.35,01a60700o0283o
60700.459622,-22.232,3.118,-5,14,o,0,1.08,97.97918,35.5566,407.5,7319.17,2.42,2.32,80.9,-0.443,19.36,20.56,01a60700o0286o
60700.461468,24.015,12.0,1,11,o,0,1.62,97.97918,35.5566,10417.33,7327.32,2.59,2.3,-53.3,-0.443,19.5,20.67,01a60700o0290o
60700.463341,-21.094,0.9,-13,12,o,0,1.33,97.97918,35.5566,426.13,7357.94,2.44,2.32,-89.8,-0.442,19.53,20.73,01a60700o0294o
60700.469513,21.642,1.576,8,13,o,0,1.29,97.97918,35.5566,10355.83,7252.5,2.56,2.18,-56.5,-0.454,19.55,20.65,01a60700o0307o
60700.472321,-21.133,0.955,-13,12,o,0,0.99,97.97918,35.5566,365.96,7277.26,2.38,2.28,89.6,-0.445,19.55,20.72,01a60700o0313o
60700.479816,21.409,1.425,10,14,o,0,0.93,97.97918,35.5566,10334.94,7371.06,2.69,2.35,-56.4,-0.444,19.45,20.63,01a60700o0329o
60700.482657,-22.678,4.652,-3,14,o,0,1.09,97.97918,35.5566,345.42,7391.93,2.46,2.34,86.7,-0.434,19.41,20.59,01a60700o0335o
60703.386315,-22.545,3.357,-4,12,o,0,1.53,97.97918,35.5566,9964.52,1270.26,2.55,2.18,-58.1,-0.459,19.55,20.81,01a60703o0208o
60703.389126,20.343,0.479,26,13,o,0,0.89,97.97918,35.5566,9983.18,1309.49,2.57,2.21,-55.8,-0.448,19.51,20.82,01a60703o0214o
60703.392347,-22.271,2.846,-4,13,o,0,0.76,97.97918,35.5566,282.56,1288.71,2.43,2.31,61.3,-0.42,19.54,20.85,01a60703o0221o
60703.394635,-23.317,7.308,-2,12,o,0,0.97,97.97918,35.5566,9927.57,1232.58,2.63,2.27,-56.8,-0.45,19.51,20.81,01a60703o0226o
60703.395549,-23.103,6.056,-2,13,o,0,0.91,97.97918,35.5566,302.7,1328.49,2.41,2.3,64.5,-0.427,19.54,20.85,01a60703o0228o
60703.402814,21.668,1.578,8,12,o,0,0.92,97.97918,35.5566,244.03,1246.19,2.52,2.38,57.1,-0.405,19.51,20.86,01a60703o0242o
60703.412989,21.128,0.876,13,11,o,0,0.85,97.97918,35.5566,228.53,1362.1,2.37,2.27,53.3,-0.414,19.55,20.88,01a60703o0264o
60703.420218,21.143,1.076,13,14,o,0,0.89,97.97918,35.5566,9909.9,1350.28,2.42,2.22,-46.0,-0.458,19.51,20.79,01a60703o0279o
60704.368926,-23.522,12.143,-1,17,o,0,1.1,97.97918,35.5566,4463.57,7674.44,2.6,2.38,42.0,-0.386,18.97,20.12,01a60704o0366o
60704.372616,20.178,0.457,31,14,o,0,1.12,97.97918,35.5566,4486.01,7712.54,2.59,2.35,40.6,-0.386,19.22,20.42,01a60704o0374o
60704.383815,21.259,1.375,11,16,o,0,1.07,97.97918,35.5566,4428.13,7632.47,2.61,2.34,42.6,-0.385,19.09,20.29,01a60704o0397o
60704.389986,22.09,2.275,5,12,o,0,1.06,97.97918,35.5566,4407.95,7747.98,2.62,2.35,47.1,-0.381,19.44,20.67,01a60704o0409o
60708.330127,22.128,2.59,5,13,o,0,1.02,97.97918,35.5566,9443.63,5095.25,2.54,2.51,-31.6,-0.417,19.46,20.64,01a60708o0274o
60708.333793,22.303,2.824,4,12,o,0,1.01,97.97918,35.5566,9464.55,5133.45,2.51,2.46,-32.3,-0.425,19.48,20.63,01a60708o0282o
60708.349039,-21.952,2.208,-6,13,o,0,0.8,97.97918,35.5566,9411.3,5053.0,2.47,2.43,-29.8,-0.43,19.52,20.66,01a60708o0313o
60708.356528,21.687,1.614,8,12,o,0,1.19,97.97918,35.5566,9393.76,5168.87,2.61,2.51,-24.2,-0.416,19.46,20.69,01a60708o0329o
60709.33572,-21.541,1.812,-9,16,o,0,0.72,97.97918,35.5566,1080.63,5464.32,2.14,1.88,24.1,-0.459,19.49,20.63,02a60709o0289o
60709.33936,-21.212,1.099,-12,13,o,0,0.94,97.97918,35.5566,1062.06,5425.4,2.12,1.85,24.6,-0.458,19.52,20.64,02a60709o0297o
60709.345271,-23.946,14.111,-1,14,o,0,0.84,97.97918,35.5566,1119.4,5502.71,2.08,1.86,21.7,-0.463,19.46,20.62,02a60709o0310o
60709.356844,-21.058,1.0,-14,14,o,0,0.95,97.97918,35.5566,1139.66,5384.67,2.1,1.81,24.1,-0.466,19.48,20.64,02a60709o0335o
60709.365452,-21.184,1.054,-12,13,o,0,1.21,97.97918,35.5566,1100.54,5443.39,2.11,1.9,28.3,-0.457,19.5,20.66,02a60709o0353o
60710.23452,21.279,1.205,11,14,o,0,1.48,97.97918,35.5566,8381.82,9384.59,2.55,2.4,86.1,-0.461,19.28,20.25,01a60710o0066o
60710.341294,-20.152,0.434,-32,14,o,0,0.98,97.97918,35.5566,6992.79,5642.23,2.16,1.85,35.3,-0.446,19.4,20.36,02a60710o0297o
60710.344014,-21.916,1.833,-6,11,o,0,1.54,97.97918,35.5566,6974.49,5601.79,2.14,1.81,31.8,-0.448,19.39,20.36,02a60710o0303o
60710.350973,21.229,1.108,12,13,o,0,0.95,97.97918,35.5566,7032.01,5681.44,2.14,1.84,33.6,-0.444,19.41,20.37,02a60710o0317o
60710.387278,20.556,0.576,22,12,o,0,1.17,97.97918,35.5566,7046.45,5560.54,2.21,1.87,41.2,-0.44,19.42,20.43,02a60710o0390o
60711.264751,-21.387,1.537,-10,16,o,0,1.35,97.97918,35.5566,2267.9,1209.38,2.24,1.97,-58.2,-0.475,19.17,20.07,02a60711o0120o
60711.269718,-21.642,2.267,-8,18,o,0,0.99,97.97918,35.5566,2285.55,1249.46,2.3,2.11,-60.7,-0.459,19.16,20.09,02a60711o0130o
60711.274445,-22.998,6.944,-2,16,o,0,0.96,97.97918,35.5566,2227.44,1170.94,2.26,2.02,-63.5,-0.473,19.15,20.09,02a60711o0139o
60711.2799,22.63,4.893,3,16,o,0,0.91,97.97918,35.5566,2207.52,1287.32,2.1,1.95,-64.7,-0.482,19.22,20.09,02a60711o0149o
60712.394639,-24.519,27.0,-1,15,o,0,1.75,97.97918,35.5566,3820.31,9513.8,2.66,2.58,-89.2,-0.391,18.98,19.73,01a60712o0382o
60712.405725,22.473,4.821,4,18,o,0,1.34,97.97918,35.5566,3839.23,9551.03,2.57,2.5,71.3,-0.395,19.03,19.72,01a60712o0404o
60712.435238,23.053,8.438,2,18,o,0,1.12,97.97918,35.5566,3778.66,9471.47,2.59,2.49,80.9,-0.402,18.98,19.68,01a60712o0463o
