# Created by M.D. Woods -- 2024-12-18 10:43:39.545308 -- NUM TARGETS: 304
# Avg. 'c': -0.004389964154605264 +/- 0.034337753815789476
# Avg. 'x0': 0.003279092799342105 +/- 0.00010683052467105264
# Avg. 'x1': -0.11439973888157896 +/- 0.24672374506578948
objname, ra, dec, z, z_cmb, origin, mu, mu_err, x0, x0_err, x1, x1_err, t0, t0_err, c, c_err, hostMass, hostMass_err
2019agl, 193.3507859, 0.4607031, 0.08063, 0.08183, ATLAS_NORM, 38.13020, 0.21014, 4.76879e-04, 3.50918e-05, 0.59373, 0.73714, 58520.1484, 0.7945, 9.29535e-02, 0.0712076, 9.908996877781746, 0.004594851102876892
2019ahi, 207.902495092, -8.84007972787, 0.02834, 0.02932, ATLAS_NORM, 35.68000, 0.12316, 5.03117e-03, 0.000167448, 1.25766, 0.1431, 58526.2617, 0.1249, 8.80770e-02, 0.0231328, 10.166449515935557, 0.000913830568866447
2019ata, 153.544917, -35.160889, 0.02976, 0.03086, ATLAS_NORM, 35.64631, 0.14956, 7.17392e-03, 0.000959427, -1.66307e+00, 0.1706, 58535.5352, 0.2552, -2.05493e-01, 0.0906125, 10.049911152164656, 0.030289372723778882
2019ava, 113.245333, 58.2789, 0.03981, 0.04007, ATLAS_NORM, 36.74211, 0.13304, 1.78476e-03, 0.000116492, 1.78653, 0.27975, 58535.0977, 0.3037, 0.14103, 0.044902, 10.16097793802972, 0.0012699748188201377
2019awc, 231.8757772, 28.6994081401, 0.06422, 0.06465, ATLAS_NORM, 37.60749, 0.13868, 1.16495e-03, 8.1575e-05, 0.85391, 0.3644, 58535.9414, 0.4134, -6.32311e-02, 0.0494153, 11.165913104644034, 0.0014908258112833967
2019bas, 246.715458, 29.3857, 0.07830, 0.07845, ATLAS_NORM, 37.76005, 0.12108, 1.17919e-03, 5.82209e-05, 1.68371, 0.33631, 58546.7852, 0.5391, -8.10740e-02, 0.0372987, 9.954850103860629, 0.005503053766371851
2019bdz, 222.1537264, 6.8144252, 0.03465, 0.03537, ATLAS_NORM, 36.20776, 0.11865, 5.06210e-03, 0.000168035, -4.42351e-01, 0.13604, 58550.2891, 0.1733, -2.08508e-01, 0.0232074, 10.220751066758842, 0.0012361594093968043
2019bgs, 240.842167, 27.498469, 0.07790, 0.07817, ATLAS_NORM, 37.83558, 0.20539, 1.04050e-03, 0.000219327, 1.74951, 0.39876, 58541.7734, 0.4772, -5.44839e-02, 0.15501, 9.4975801206391, 0.0071849859249640486
2019blm, 129.8341183, 17.1880463, 0.07074, 0.07168, ATLAS_NORM, 37.63671, 0.14535, 8.02848e-04, 7.4234e-05, 0.31553, 0.49033, 58551.9688, 0.4324, 5.02793e-02, 0.0646006, 9.482449584881795, 0.014454387236877975
2019bse, 141.51045898333, 18.940155716667, 0.02843, 0.02945, ATLAS_NORM, 35.59196, 0.12196, 8.80963e-03, 0.000251408, 1.09434, 0.11, 58566.1211, 0.1963, -1.19124e-01, 0.0190226, 7.954691222378023, 0.03209065067538494
2019bsu, 255.780476154, 27.9454215385, 0.06410, 0.06407, ATLAS_NORM, 37.11619, 0.33884, 5.80102e-04, 0.000274411, -2.99970e+00, 0.63574, 58554.9180, 0.8824, 0.20204, 0.33126, 8.610424909051162, 0.019317147895584613
2019buq, 222.7990876, -9.4388482, 0.04018, 0.04093, ATLAS_NORM, 37.40706, 0.20027, 5.97358e-04, 0.000165865, -5.36866e-01, 0.57423, 58553.5039, 0.6593, 0.21360, 0.18836, 8.632428288690523, 0.01441953751567413
2019bus, 217.357108659, 16.6820600443, 0.08233, 0.08311, ATLAS_NORM, 37.99339, 0.12821, 1.04088e-03, 4.94233e-05, 1.16102, 0.35387, 58567.2344, 0.2516, -1.46942e-01, 0.0368722, 10.125896753870189, 0.006366993271959183
2019cth, 221.447875, 50.396761, 0.01336, 0.01371, ATLAS_NORM, 33.91368, 0.16158, 1.71130e-02, 0.000385439, 0.66833, 0.0592163, 58596.6133, 0.1, 0.22252, 0.0149932, 3.514137385146272, 0.700634971351574
2019cxx, 169.450779522, 13.7282095222, 0.02478, 0.02597, ATLAS_NORM, 35.27606, 0.12332, 7.90349e-03, 0.000152072, 0.10421, 0.0686128, 58593.7031, 0.0614, -7.88712e-03, 0.0139467, 9.307618389938739, 0.0025772955379951908
2019dfa, 149.749375, 17.818719, 0.02546, 0.02655, ATLAS_NORM, 35.34753, 0.12332, 4.40660e-03, 7.85255e-05, 1.19924, 0.0891077, 58598.3203, 0.0834, 0.26647, 0.0124902, 10.372793133082281, 0.0007220435131281438
2019dpu, 196.076833, 33.47105, 0.06682, 0.06769, ATLAS_NORM, 37.42042, 0.11351, 1.32426e-03, 3.50013e-05, 0.54071, 0.21879, 58600.7656, 0.2318, -6.20822e-02, 0.0217038, 9.266846580866495, 0.009215759408008636
2019drp, 215.510884285, 30.067005557, 0.08523, 0.08592, ATLAS_NORM, 38.08407, 0.1358, 6.62174e-04, 3.17364e-05, -8.19887e-01, 0.359, 58598.6016, 0.3887, -1.02553e-01, 0.0420529, 10.62150165885599, 0.005050255384656327
2019due, 240.406638802, 16.4359352776, 0.04346, 0.04378, ATLAS_NORM, 35.87682, 0.11091, 4.97433e-03, 7.11804e-05, 0.22780, 0.0909977, 58606.9219, 0.0949, -3.85078e-02, 0.011392, 10.96297444065504, 0.011667124800522684
2019dwd, 160.7275312, 21.6247591, 0.05123, 0.05236, ATLAS_NORM, 36.74883, 0.11332, 2.62843e-03, 5.51031e-05, 0.51224, 0.15288, 58611.8438, 0.1441, -9.13558e-02, 0.0190822, 10.30682270780871, 0.0021519127761391696
2019dwq, 223.565125, 4.792989, 0.02755, 0.02825, ATLAS_NORM, 35.47139, 0.12225, 8.21529e-03, 0.000148534, 0.19606, 0.0707957, 58610.2734, 0.0871, -9.33365e-02, 0.013085, 10.408931986335405, 0.0008442212225731561
2019dyo, 135.278636862, 52.6510378974, 0.02983, 0.03036, ATLAS_NORM, 35.67444, 0.12031, 7.05824e-03, 0.000167005, 1.05194, 0.17927, 58613.3203, 0.1313, -6.11489e-02, 0.0190306, 10.169736783638253, 0.0016767286434241449
2019ecs, 160.885375, 48.445639, 0.04132, 0.04204, ATLAS_NORM, 36.43437, 0.11407, 3.66056e-03, 7.04227e-05, 0.17425, 0.1323, 58611.5469, 0.1436, -1.27038e-01, 0.0168934, 9.398191926448376, 0.003324888721691041
2019eiy, 265.224311043, 38.7354072064, 0.03956, 0.03933, ATLAS_NORM, 36.19510, 0.11449, 3.63162e-03, 9.59382e-05, -4.89158e-01, 0.11984, 58618.6289, 0.106, -6.87990e-02, 0.0190563, 10.825817045941434, 0.0007322527223712093
2019ekb, 213.048401903, 40.0986428271, 0.06714, 0.06774, ATLAS_NORM, 37.24125, 0.1219, 1.04118e-03, 4.49192e-05, -6.00079e-01, 0.2412, 58617.5859, 0.2254, 4.34153e-02, 0.0348379, 10.099941907193212, 0.006546512989334579
2019eow, 258.496638281, 3.49240579181, 0.07190, 0.07187, ATLAS_NORM, 37.36150, 0.14164, 1.20991e-03, 0.000126481, -1.21930e+00, 0.36865, 58617.0000, 0.44, -9.84121e-02, 0.0762423, 10.727031696537452, 0.0033150000862467
2019fcw, 228.032700503, 1.06049225624, 0.08782, 0.08848, ATLAS_NORM, 38.09450, 0.13076, 6.98796e-04, 4.505e-05, -7.65144e-01, 0.37157, 58623.5625, 0.3053, -1.25814e-01, 0.0471593, 9.648021760677736, 0.008330831353285393
2019fdc, 240.277677329, 49.0097439736, 0.04260, 0.04274, ATLAS_NORM, 36.26461, 0.11214, 3.83768e-03, 7.99376e-05, 0.64373, 0.11253, 58630.6016, 0.1213, -5.62366e-02, 0.015839, 10.406241066585798, 0.0018427325651388354
2019ftd, 194.4213978, -24.476642533333, 0.04795, 0.04906, ATLAS_NORM, 36.82461, 0.1239, 2.26791e-03, 7.44314e-05, 0.55350, 0.2375, 58635.2812, 0.1472, -5.69342e-02, 0.0267411, 10.690139036740852, 0.0018671549179356938
2019ftg, 193.23804619167, -13.036813233333, 0.06059, 0.06178, ATLAS_NORM, 37.31987, 0.12971, 1.25727e-03, 4.04845e-05, -7.63770e-01, 0.29713, 58635.1055, 0.1685, -7.35436e-02, 0.0304725, 10.144693626280722, 0.0035439704018460296
2019fyb, 154.9735369875, 22.105147975, 0.04383, 0.04493, ATLAS_NORM, 37.01016, 0.14656, 1.40578e-03, 4.69201e-05, 0.63244, 0.60987, 58637.4414, 0.4414, 7.45875e-02, 0.0326145, 9.640230572947852, 0.007170966813338592
2019gci, 189.898190314, 45.3771470742, 0.04692, 0.04765, ATLAS_NORM, 37.06664, 0.11588, 2.46574e-03, 5.50188e-05, -9.87469e-01, 0.15373, 58643.6836, 0.0803, -2.67991e-01, 0.0200834, 10.36154011007756, 0.0013222657891389924
2019gcj, 163.7759561, 57.6489345, 0.04616, 0.04672, ATLAS_NORM, 36.82267, 0.12472, 1.68908e-03, 4.72018e-05, -1.71008e+00, 0.25582, 58644.9219, 0.1191, -5.79152e-02, 0.0284753, 9.31826988562558, 0.00391087442434124
2019ged, 151.171708, 40.04205, 0.06339, 0.06425, ATLAS_NORM, 37.52434, 0.15718, 1.59109e-03, 6.21794e-05, 1.81073, 0.38398, 58644.8984, 0.0412, -1.08275e-01, 0.0416253, 8.92004390763621, 0.013047473350196338
2019hoc, 259.103958, 36.114119, 0.03688, 0.03677, ATLAS_NORM, 35.88164, 0.11637, 4.75730e-03, 9.99679e-05, 1.29894, 0.14006, 58665.9180, 0.1228, 3.66373e-02, 0.0162199, 7.440781537893724, 0.057340386675447136
2019hqg, 235.100708, 41.7837, 0.07000, 0.07027, ATLAS_NORM, 37.97785, 0.12961, 8.89612e-04, 2.69783e-05, 1.01228, 0.30286, 58660.5039, 0.35, -8.41542e-02, 0.0281059, 9.790805910059877, 0.004237061312127995
2019hvj, 231.278875, 11.585211, 0.08524, 0.08580, ATLAS_NORM, 37.78136, 0.13569, 9.14182e-04, 3.15855e-05, 1.25259, 0.38325, 58664.6641, 0.3665, -7.40472e-03, 0.0329378, 10.478720870633714, 0.0023359945169050184
2019hyj, 353.752082224, 23.139272368, 0.05786, 0.05661, ATLAS_NORM, 37.17355, 0.12788, 1.38007e-03, 5.49878e-05, -1.68833e-01, 0.26607, 58664.5195, 0.3193, -2.38350e-02, 0.0327225, 10.018023402898113, 0.004300989298761245
2019hzd, 229.309583, -25.197311, 0.05052, 0.05115, ATLAS_NORM, 36.87539, 0.14313, 1.43362e-03, 6.67273e-05, -9.54596e-04, 0.46899, 58665.6016, 0.2689, 8.32351e-02, 0.0350909, 10.493617405485217, 0.0028791042064047565
2019iei, 209.030021, 37.5643489, 0.06148, 0.06216, ATLAS_NORM, 37.29635, 0.13198, 1.33909e-03, 4.66768e-05, -1.22196e+00, 0.28559, 58669.8906, 0.2545, -1.15705e-01, 0.0348715, 8.314966752640185, 0.018858486884729467
2019igg, 229.8108381, 7.8664616, 0.04728, 0.04785, ATLAS_NORM, 36.67466, 0.11178, 2.56605e-03, 6.59192e-05, 0.28408, 0.18672, 58673.6172, 0.1259, -6.56123e-02, 0.0188882, 10.173936338505037, 0.0018483017760344425
2019iml, 262.822333, 36.45065, 0.04945, 0.04927, ATLAS_NORM, 36.70829, 0.11602, 1.77533e-03, 5.21811e-05, -2.00135e+00, 0.17172, 58674.5039, 0.1532, -5.08406e-02, 0.0241894, 9.815334581037394, 0.020085090133360167
2019kpv, 356.773333, -34.709739, 0.04249, 0.04154, ATLAS_NORM, 36.23879, 0.11822, 3.67916e-03, 8.14363e-05, 1.83605, 0.15421, 58684.1797, 0.1112, 3.62061e-02, 0.0177342, 10.065555380393421, 0.047693375850321185
2019mrj, 236.67979, 28.197915, 0.07630, 0.07665, ATLAS_NORM, 37.93860, 0.18309, 7.15297e-04, 3.66054e-05, 0.85802, 0.52419, 58711.8945, 0.351, 1.26346e-02, 0.0507099, 10.822091928885383, 0.0028992314075654523
2019myw, 333.011107522, 0.0522001750839, 0.05677, 0.05552, ATLAS_NORM, 37.11257, 0.15699, 6.74925e-04, 5.56696e-05, -2.30849e+00, 0.38897, 58712.6172, 0.1601, 0.17853, 0.0636248, 10.67410854782505, 0.0019386321485062312
2019nft, 32.151611298, 6.1122095141, 0.06925, 0.06830, ATLAS_NORM, 37.82313, 0.20238, 1.10385e-03, 3.99068e-05, 1.20022, 0.42008, 58721.2969, 0.4425, -1.04209e-01, 0.0540482, 9.991463620417319, 0.008793411559909705
2019njp, 51.690667, 1.183289, 0.04851, 0.04794, ATLAS_NORM, 36.86600, 0.12075, 2.17299e-03, 6.3064e-05, -3.84547e-01, 0.17477, 58721.9258, 0.2268, -1.06268e-01, 0.0247388, 9.119804080444716, 0.012436044105391435
2019nwf, 61.2707482009, -6.60481597252, 0.06464, 0.06429, ATLAS_NORM, 37.19586, 0.12807, 1.35242e-03, 4.49769e-05, 1.01157, 0.28181, 58723.1523, 0.2176, 4.05323e-02, 0.03105, 8.705651373922983, 0.028520370165661668
2019obt, 5.1442202941176, 5.7550457882353, 0.05601, 0.05476, ATLAS_NORM, 37.15341, 0.12605, 1.14269e-03, 2.72245e-05, 0.16810, 0.24617, 58726.7930, 0.249, 8.03645e-02, 0.0239138, 10.348021635740986, 0.003915842981721139
2019odb, 247.472714286, 37.5839928571, 0.07344, 0.07353, ATLAS_NORM, 37.77136, 0.18086, 5.44607e-04, 2.57439e-05, 0.93486, 0.60591, 58726.3164, 0.4558, 0.19341, 0.048813, 10.430832072530944, 0.003050290126742071
2019oke, 316.564780499, -7.41986978638, 0.06934, 0.06825, ATLAS_NORM, 37.35966, 0.15256, 1.11488e-03, 4.20379e-05, -4.96286e-01, 0.37564, 58727.7031, 0.2202, -2.43553e-02, 0.0396971, 9.54543695518737, 0.007332377091079547
2019omi, 57.249125, 0.926919, 0.03579, 0.03534, ATLAS_NORM, 36.06224, 0.12299, 3.90241e-03, 0.000131678, -1.71076e+00, 0.13134, 58730.3477, 0.1291, -1.14662e-01, 0.0236629, 10.429057595858996, 0.001971375859637
2019oml, 45.0844949917, 18.7436121626, 0.03300, 0.03230, ATLAS_NORM, 35.79035, 0.12444, 4.62053e-03, 0.000177324, -8.98361e-01, 0.13521, 58726.1641, 0.1249, -3.65439e-02, 0.0214128, 10.344446567190573, 0.001799489608593005
2019one, 31.09978786, 3.18681441796, 0.07684, 0.07587, ATLAS_NORM, 37.70201, 0.16254, 9.26895e-04, 3.66884e-05, 1.21450, 0.41514, 58722.9414, 0.6978, 1.50447e-02, 0.0443879, 8.97182287294684, 0.01916659518012272
2019ons, 328.521042, -16.159519, 0.03679, 0.03568, ATLAS_NORM, 35.63598, 0.12855, 5.92530e-03, 0.00023235, -6.04930e-01, 0.16289, 58734.5078, 0.1602, -6.46043e-02, 0.0305905, 11.612171383266695, 0.0058220769979040595
2019ope, 346.718985556, -37.8503288889, 0.06044, 0.05951, ATLAS_NORM, 37.06636, 0.14104, 1.29104e-03, 5.81785e-05, 0.26394, 0.29832, 58724.9531, 0.3503, 6.82672e-02, 0.0423704, 10.615947774168408, 0.05764578822429268
2019opx, 28.1618995206, -6.35612392114, 0.08786, 0.08687, ATLAS_NORM, 38.05781, 0.20807, 5.73321e-04, 3.36964e-05, -1.85469e+00, 0.61773, 58728.1797, 0.5805, -8.94524e-02, 0.0667703, 10.68054148348598, 0.004092516391266542
2019pff, 251.457667, 45.086311, 0.05965, 0.05964, ATLAS_NORM, 37.26126, 0.11801, 1.63318e-03, 6.56863e-05, 0.83082, 0.3019, 58742.8438, 0.2231, -7.23384e-02, 0.02972, 10.032562459600875, 0.0034929234100036207
2019sla, 122.1199006, 1.4739389, 0.06276, 0.06367, ATLAS_NORM, 37.37119, 0.12725, 1.05048e-03, 4.43981e-05, -2.18615e+00, 0.23568, 58777.9414, 0.0239, -9.64535e-02, 0.0368048, 10.190152663303401, 0.0027626919796011344
2019vdg, 95.8830948768, 50.3999618559, 0.03698, 0.03711, ATLAS_NORM, 36.12278, 0.11592, 3.77904e-03, 0.000141958, 0.11222, 0.16703, 58819.4922, 0.1163, -2.48426e-02, 0.0237174, 10.50774711670256, 0.0014205132657044933
2019vnk, 60.1814571894, -9.00047911238, 0.06332, 0.06295, ATLAS_NORM, 37.31654, 0.12343, 1.22213e-03, 9.63721e-05, 0.35248, 0.31199, 58820.7344, 0.2481, 4.42458e-04, 0.0563535, 9.60403194909799, 0.007496436228197195
2019vpz, 19.639125, -0.228239, 0.04725, 0.04615, ATLAS_NORM, 36.32800, 0.1175, 1.87979e-03, 0.000107102, -6.22262e-01, 0.25117, 58826.2227, 0.2147, 0.14580, 0.0390766, 10.496995945424228, 0.0017043022517981964
2019wfc, 159.062083, 52.947419, 0.04654, 0.04718, ATLAS_NORM, 37.29601, 0.26772, 1.16543e-03, 0.000358519, -4.06294e-01, 0.24598, 58835.2461, 0.2512, -1.35258e-02, 0.21771, 9.55498910217857, 0.004114912595870481
2019wmx, 42.696083, 33.512589, 0.03998, 0.03928, ATLAS_NORM, 36.24204, 0.11324, 4.67809e-03, 0.000127732, 0.70866, 0.12056, 58842.1523, 0.1097, -1.26036e-01, 0.016314, 10.506486596766512, 0.0015985210642747198
2019wqd, 218.2942912, 6.0635603, 0.05522, 0.05603, ATLAS_NORM, 37.00479, 0.12144, 1.92394e-03, 9.69581e-05, 0.62551, 0.26981, 58843.5781, 0.5207, -5.36051e-02, 0.0355411, 9.662762419829395, 0.005981541817344014
2019wzy, 29.9178682, 5.9819679, 0.07501, 0.07402, ATLAS_NORM, 37.74430, 0.12961, 1.08587e-03, 3.79962e-05, 1.32513, 0.28914, 58848.6211, 0.2832, -6.05394e-02, 0.033814, 9.334523913815252, 0.013773568550549772
2019xfx, 36.054917, -10.504261, 0.05594, 0.05512, ATLAS_NORM, 37.06288, 0.12051, 1.87355e-03, 7.83748e-05, -1.14983e+00, 0.21501, 58849.0352, 0.0425, -1.61763e-01, 0.0347873, 10.339361497372266, 0.0028361892433288083
2019xvx, 213.037, -4.120411, 0.05450, 0.05542, ATLAS_NORM, 37.10743, 0.11979, 1.73734e-03, 6.58906e-05, 0.65123, 0.23035, 58853.4023, 0.1663, -4.91047e-02, 0.0291066, 9.495614978139532, 0.00822411872001338
2019ycb, 184.702667, 5.737611, 0.04603, 0.04724, ATLAS_NORM, 36.71676, 0.11627, 1.31213e-03, 4.0253e-05, 0.34690, 0.20337, 58850.7344, 0.0717, 0.19935, 0.0248937, 9.608546400748367, 0.003775645074153557
2019yfu, 191.401498428, 1.18360934272, 0.08450, 0.08572, ATLAS_NORM, 38.19572, 0.17149, 7.49116e-04, 3.31892e-05, 0.85994, 0.61416, 58849.5898, 0.9552, -1.04385e-01, 0.0441232, 9.85378694065725, 0.005650025132756442
2019ywf, 44.676167, 32.573011, 0.03972, 0.03905, ATLAS_NORM, 36.19619, 0.12421, 3.18961e-03, 0.000120271, -7.64155e-01, 0.17606, 58856.1172, 0.1703, -3.05305e-02, 0.0245326, 9.95380507125972, 0.004395518536668056
2020aai, 152.991262889, -1.95169505239, 0.04526, 0.04651, ATLAS_NORM, 36.29798, 0.12264, 2.15861e-03, 5.97996e-05, -2.56797e+00, 0.23935, 58873.0156, 0.1959, -6.29998e-03, 0.0255227, 10.578749542645056, 0.0017127069609638617
2020aar, 32.405325571429, 15.295854957143, 0.04363, 0.04271, ATLAS_NORM, 36.22675, 0.11889, 2.64740e-03, 6.5864e-05, -1.91292e+00, 0.19361, 58875.3164, 0.1354, -2.78314e-02, 0.0226194, 10.656723655067713, 0.0022106137070480947
2020aczg, 150.277875, 54.789569, 0.02506, 0.02563, ATLAS_NORM, 35.32622, 0.1248, 8.94953e-03, 0.000125866, 0.19651, 0.0753173, 59217.2930, 0.0769, -7.34042e-02, 0.0114574, 8.999598395421277, 0.007690716350573131
2020bpu, 71.91388492, -14.64837688, 0.04153, 0.04144, ATLAS_NORM, 36.37582, 0.12128, 2.54875e-03, 0.000118339, -1.02963e+00, 0.26058, 58891.9453, 0.1661, -2.06760e-02, 0.0311761, 10.061138549977786, 0.002085728558181713
2020bqz, 234.76485744, 31.19842962, 0.05396, 0.05431, ATLAS_NORM, 36.77717, 0.12753, 1.24555e-03, 5.35889e-05, -1.36981e+00, 0.26585, 58894.0586, 0.2753, 0.10408, 0.0329621, 10.324470910621883, 0.002073886838970334
2020buy, 196.043619928, -4.53443620916, 0.09037, 0.09156, ATLAS_NORM, 38.22848, 0.1606, 7.45076e-04, 4.43219e-05, 0.78248, 0.45058, 58887.0430, 0.2318, -1.18866e-01, 0.0555737, 8.983832493108123, 0.03439593617416904
2020cli, 247.986216708, 14.0442381041, 0.05351, 0.05369, ATLAS_NORM, 36.94756, 0.12347, 1.66783e-03, 4.5232e-05, -4.39749e-01, 0.23803, 58902.2148, 0.1152, -3.08738e-02, 0.0269734, 10.021337950396738, 0.0031164532008992295
2020clq, 68.356542, -4.265831, 0.01502, 0.01483, ATLAS_NORM, 33.87684, 0.1648, 3.10611e-02, 0.000824554, -1.68149e+00, 0.16493, 58906.7617, 0.1326, -1.38528e-01, 0.0228746, 10.126404472652691, 0.0006376362980663559
2020cot, 158.898527022, 22.6406374755, 0.09815, 0.09932, ATLAS_NORM, 38.44550, 0.15675, 5.14324e-04, 1.42611e-05, 0.40733, 0.50671, 58902.0508, 0.5051, -6.86994e-02, 0.0375204, 10.571233687867135, 0.0038727995706029144
2020cpn, 107.880367149, 58.9515789126, 0.08016, 0.08036, ATLAS_NORM, 37.76938, 0.14963, 8.39443e-04, 2.93771e-05, 0.31142, 0.48722, 58901.9570, 0.3813, -1.89596e-02, 0.0349222, 11.12427700223662, 0.003031336655228269
2020cvn, 108.405, 42.781181, 0.04736, 0.04773, ATLAS_NORM, 36.72465, 0.12221, 1.97921e-03, 7.07329e-05, 0.75406, 0.24405, 58912.5469, 0.2908, 4.84785e-02, 0.0266337, 10.50317472464623, 0.0023713934451536746
2020cvw, 119.482958, 30.026939, 0.05103, 0.05170, ATLAS_NORM, 36.86097, 0.12182, 1.75862e-03, 6.75661e-05, -9.66466e-02, 0.26311, 58911.2539, 0.1863, -1.05831e-03, 0.0286076, 9.924841708479672, 0.003142656617920473
2020cxx, 48.08175, 41.28225, 0.03090, 0.03033, ATLAS_NORM, 35.37708, 0.13163, 8.05006e-03, 0.00033397, 0.85846, 0.25594, 58916.3047, 0.1988, -1.27907e-02, 0.0308655, 9.256105310132012, 0.004311917571359003
2020ddk, 93.2479958, 48.1585003, 0.08057, 0.08069, ATLAS_NORM, 37.70610, 0.16042, 8.29174e-04, 5.43255e-05, -9.93533e-01, 0.59959, 58907.9688, 0.5012, -6.10434e-02, 0.0518491, 9.972594489831357, 0.008174082279800121
2020dhj, 223.37659252, 17.2891396457, 0.04417, 0.04482, ATLAS_NORM, 36.40614, 0.11517, 3.40703e-03, 0.000104322, 2.85796e-03, 0.14474, 58919.1289, 0.07, -9.59402e-02, 0.0227448, 9.877067607420221, 0.0017293554591827245
2020dxr, 176.106189182, 53.5715556249, 0.05525, 0.05588, ATLAS_NORM, 36.74070, 0.13363, 1.49198e-03, 7.09927e-05, -9.82768e-01, 0.21485, 58925.7617, 0.2156, 6.44181e-02, 0.0394854, 10.015913559131583, 0.004508601657165764
2020eci, 230.812067754, 0.0649405664894, 0.07092, 0.07151, ATLAS_NORM, 37.68762, 0.14293, 1.48203e-03, 9.55203e-05, 0.14235, 0.37987, 58919.8047, 0.2964, -2.32279e-01, 0.0493029, 10.779046268332815, 0.003316401940561933
2020ees, 201.813292, 32.033619, 0.02438, 0.02518, ATLAS_NORM, 35.41902, 0.12881, 7.53882e-03, 0.000192683, 0.69942, 0.0892629, 58927.8633, 0.102, -1.03108e-02, 0.0195405, 10.782332728916026, 0.0006157907316533342
2020fxa, 233.637667, 37.533831, 0.06423, 0.06456, ATLAS_NORM, 37.25277, 0.10967, 1.58753e-03, 2.57346e-05, 0.83494, 0.14948, 58958.5586, 0.1318, -5.71446e-02, 0.0143492, 10.019235170193774, 0.003999005600585814
2020jdo, 273.931854801, 58.2152610216, 0.07251, 0.07219, ATLAS_NORM, 37.42101, 0.12381, 5.99499e-04, 2.38225e-05, -2.79368e+00, 0.23872, 58982.9531, 0.228, 8.34977e-02, 0.034809, 11.08699861783203, 0.0017713200135546785
2020jee, 175.56125, 20.097519, 0.01982, 0.02093, ATLAS_NORM, 34.75433, 0.14268, 1.33081e-02, 0.000207254, -1.38958e+00, 0.0802445, 58985.7227, 0.0688, -1.06282e-01, 0.0138427, 10.074802222018619, 0.0027624682618008407
2020jge, 273.685434664, 43.4561430773, 0.06281, 0.06244, ATLAS_NORM, 37.36771, 0.11236, 1.27946e-03, 3.62024e-05, 0.29984, 0.18413, 58987.1797, 0.1916, -4.09095e-02, 0.0231322, 9.166614951346455, 0.010926626396171967
2020jhf, 198.722667, 27.008639, 0.01545, 0.01633, ATLAS_NORM, 34.14241, 0.15451, 1.45289e-02, 0.000185295, -8.29431e-01, 0.0461537, 58991.9766, 0.0649, 0.12125, 0.00995536, 9.783074102454828, 0.002059462277715623
2020jjf, 233.784425502, 23.9455693262, 0.06427, 0.06469, ATLAS_NORM, 37.42607, 0.11856, 1.00279e-03, 2.92199e-05, 0.11160, 0.22736, 58988.2500, 0.2134, 2.73985e-02, 0.0250868, 9.815828579922087, 0.005649563995698816
2020jjh, 248.07225, 50.190539, 0.04737, 0.04739, ATLAS_NORM, 36.58234, 0.11031, 1.98899e-03, 2.42913e-05, 0.61538, 0.0991391, 58993.2578, 0.0547, 9.31059e-02, 0.0112212, 10.880364432794659, 0.0010400038336614418
2020jol, 156.838125, 0.422169, 0.02169, 0.02293, ATLAS_NORM, 35.25457, 0.1325, 6.97342e-03, 0.00016223, 1.28720, 0.16959, 58990.8594, 0.1322, 0.11675, 0.0170335, 8.691914099432484, 0.004274261428041078
2020jwl, 274.6636645, 19.18990895, 0.05798, 0.05757, ATLAS_NORM, 36.95565, 0.12023, 1.73947e-03, 6.52934e-05, 9.45924e-02, 0.19751, 58992.2891, 0.1512, -2.21686e-02, 0.0250285, 10.60347758826544, 0.0028194207722927176
2020kbw, 231.493812695, 46.3123614003, 0.07631, 0.07660, ATLAS_NORM, 38.05076, 0.13334, 5.42322e-04, 2.46358e-05, 0.22425, 0.33699, 58996.9531, 0.2943, 4.98242e-02, 0.0392164, 8.360931819824643, 0.035951493125265056
2020kkc, 218.846068622, -13.6540849921, 0.07008, 0.07092, ATLAS_NORM, 37.38295, 0.11781, 9.32821e-04, 3.92124e-05, 4.94167e-02, 0.22756, 58998.6641, 0.1897, 7.03696e-02, 0.0318029, 8.87823637634624, 0.024718661923091658
2020kku, 263.14051208, 15.7358797031, 0.08470, 0.08454, ATLAS_NORM, 37.48216, 0.14059, 5.63805e-04, 2.47284e-05, -2.02908e+00, 0.36112, 58995.8281, 0.3107, 0.12737, 0.0389341, 10.77194966700116, 0.0028812496237636772
2020krw, 225.691288175, 58.5348085875, 0.07572, 0.07595, ATLAS_NORM, 37.74876, 0.13167, 5.29729e-04, 2.05532e-05, -1.47585e+00, 0.29283, 58998.9453, 0.253, 8.17743e-02, 0.0351286, 9.278923240583163, 0.016494713717073305
2020kui, 200.363804707, 48.441108682, 0.09673, 0.09736, ATLAS_NORM, 38.42300, 0.12952, 6.12931e-04, 2.053e-05, 0.38037, 0.30105, 59003.9102, 0.149, -1.34184e-01, 0.0314001, 8.68220519526554, 0.03676228230935158
2020kyx, 243.439625, 22.920661, 0.03192, 0.03215, ATLAS_NORM, 35.39122, 0.11782, 5.99914e-03, 0.000145731, -6.14384e-01, 0.0761448, 59008.6172, 0.075, 2.30481e-02, 0.0144587, 10.779951035384471, 0.0008053591044990442
2020lil, 219.498583, 9.388539, 0.03071, 0.03147, ATLAS_NORM, 35.84005, 0.11829, 3.36773e-03, 6.11968e-05, -1.45531e+00, 0.0887715, 59011.9492, 0.0567, 4.49721e-02, 0.0137898, 9.614046330978578, 0.002777853739202023
2020lsc, 243.515625, 14.282639, 0.03029, 0.03056, ATLAS_NORM, 35.30145, 0.11991, 6.56438e-03, 0.00011061, -2.31036e-01, 0.0676105, 59017.8086, 0.0858, 4.09466e-02, 0.0110244, 12.389625341698197, 0.0016364725552315653
2020may, 185.995625, 48.35525, 0.05336, 0.05406, ATLAS_NORM, 36.75848, 0.11446, 2.57396e-03, 8.50233e-05, 1.81743, 0.24901, 59024.8711, 0.1528, -1.50574e-02, 0.0237752, 10.252105468625496, 0.001650368654198952
2020mbf, 305.886333, 19.7111, 0.04735, 0.04640, ATLAS_NORM, 36.14383, 0.11276, 3.00617e-03, 0.00010927, -3.05342e-01, 0.13061, 59020.0664, 0.1146, 3.90089e-02, 0.0202918, 11.544984935720198, 0.00148300531385098
2020mby, 269.96866088333, 50.490919833333, 0.05387, 0.05357, ATLAS_NORM, 37.02852, 0.11427, 1.84916e-03, 3.29793e-05, -3.00017e-01, 0.15022, 59023.0938, 0.1275, -9.68122e-02, 0.0164941, 10.178063809291245, 0.0017136304046825074
2020mdd, 237.974188375, 34.07338725, 0.04878, 0.04906, ATLAS_NORM, 36.95362, 0.11479, 2.10764e-03, 4.2154e-05, -1.41088e+00, 0.15018, 59016.6523, 0.1395, -1.83104e-01, 0.0186633, 10.041735258282941, 0.0034636396790919946
2020mnv, 250.182625, 40.414481, 0.02589, 0.02591, ATLAS_NORM, 35.18898, 0.12911, 7.37714e-03, 0.000204897, -4.45795e-01, 0.0658854, 59028.2852, 0.0906, 2.37749e-02, 0.0192683, 9.79951891187255, 0.0023515622716593063
2020mnw, 224.087811528, 9.33607126839, 0.08078, 0.08148, ATLAS_NORM, 37.92442, 0.13251, 7.74415e-04, 2.67124e-05, 7.93640e-02, 0.35949, 59020.2930, 0.3102, -5.73683e-02, 0.0310691, 10.818869940788804, 0.0020532819825030244
2020ndv, 347.408741833, 12.8300018913, 0.03742, 0.03614, ATLAS_NORM, 36.10574, 0.1151, 4.77270e-03, 9.8955e-05, 0.62495, 0.0950654, 59034.2930, 0.0932, -8.69422e-02, 0.0129484, 9.88154088792619, 0.0033695732972041535
2020nef, 229.99642286, 20.7131538, 0.04095, 0.04146, ATLAS_NORM, 36.48975, 0.11494, 3.58202e-03, 9.93058e-05, -3.00626e-01, 0.15233, 59029.0156, 0.1248, -1.65117e-01, 0.0196136, 10.675924392768149, 0.0010973574145933993
2020nin, 276.527708, 30.222531, 0.06157, 0.06113, ATLAS_NORM, 37.48647, 0.11798, 9.23387e-04, 3.29934e-05, -4.22588e-01, 0.23264, 59033.6992, 0.1801, 9.32840e-03, 0.0255698, 9.58777175584347, 0.007970580756578591
2020npb, 269.992583, 44.862669, 0.03846, 0.03816, ATLAS_NORM, 36.15545, 0.11549, 3.19094e-03, 0.000100238, 0.72432, 0.10572, 59041.6797, 0.1086, 6.61533e-02, 0.0221752, 11.289253591294155, 0.0012168426685197579
2020nxk, 231.329349176, 21.3541050658, 0.08462, 0.08511, ATLAS_NORM, 37.73948, 0.12371, 8.03194e-04, 3.04142e-05, 0.82746, 0.27317, 59041.8555, 0.2292, 3.88976e-02, 0.0322468, 9.107130917971489, 0.019819234205423492
2020obe, 24.191333, -11.73425, 0.04350, 0.04252, ATLAS_NORM, 36.35738, 0.11481, 2.81986e-03, 6.12197e-05, 0.65821, 0.11412, 59047.4297, 0.1237, 3.67329e-02, 0.0177723, 10.194519103166892, 0.002289075736242052
2020ocv, 266.653851576, 20.5047249554, 0.06294, 0.06270, ATLAS_NORM, 37.33451, 0.12406, 1.00116e-03, 3.20428e-05, 0.51401, 0.25504, 59048.6328, 0.2322, 8.49588e-02, 0.0269695, 9.820630342432525, 0.006571143002036487
2020oms, 324.545762383, 6.74103520404, 0.06504, 0.06383, ATLAS_NORM, 37.31964, 0.11497, 1.46516e-03, 3.21272e-05, 0.86751, 0.18753, 59049.8008, 0.2204, -4.76573e-02, 0.0193275, 11.303034221193478, 0.005401603135706045
2020pst, 18.300167, 2.283839, 0.04603, 0.04492, ATLAS_NORM, 36.48067, 0.112, 2.88441e-03, 6.2337e-05, -2.88105e-01, 0.1196, 59064.4297, 0.1042, -7.13306e-02, 0.0165687, 9.477268362723464, 0.001853808637903872
2020qic, 3.773333, 43.343289, 0.04850, 0.04749, ATLAS_NORM, 36.41976, 0.10972, 3.26771e-03, 5.8721e-05, 0.51223, 0.093155, 59071.0312, 0.0805, -5.60213e-02, 0.0111957, 8.757780779121612, 0.014081647923917875
2020qqn, 356.320996628, 21.3588386509, 0.02635, 0.02514, ATLAS_NORM, 35.37149, 0.12446, 5.21872e-03, 0.000141472, 0.62867, 0.0863219, 59078.6055, 0.092, 0.15616, 0.0116131, 10.047974585897492, 0.0036222056616128095
2020sjo, 66.591458, -10.098811, 0.03127, 0.03105, ATLAS_NORM, 35.54630, 0.11833, 5.53974e-03, 9.37564e-05, -4.14341e-01, 0.0695907, 59107.5234, 0.0712, 7.83779e-03, 0.0113808, 12.63086290407451, 0.0013257803656906177
2020skp, 20.6945575895, 10.0313499223, 0.05819, 0.05709, ATLAS_NORM, 37.11914, 0.11321, 1.28625e-03, 3.08427e-05, 0.28964, 0.18631, 59106.0664, 0.1431, 5.10900e-02, 0.0189606, 9.721217268862564, 0.005481130795527546
2020sme, 41.08675, 14.9213, 0.04563, 0.04484, ATLAS_NORM, 36.20521, 0.1124, 3.10601e-03, 7.03988e-05, 1.42798, 0.12517, 59112.2383, 0.2346, 9.67938e-02, 0.0140921, 10.09380462630142, 0.004747320795319985
2020svo, 40.6334713728, -0.963140241395, 0.03875, 0.03798, ATLAS_NORM, 36.30526, 0.11427, 3.37864e-03, 5.3214e-05, 0.51037, 0.10706, 59113.3906, 0.1042, -2.62958e-02, 0.013473, 8.599423313120365, 0.01076921952485883
2020szr, 347.387917, 15.659269, 0.02528, 0.02403, ATLAS_NORM, 35.32625, 0.12648, 5.73272e-03, 0.000179521, 0.34300, 0.0761184, 59117.6953, 0.0738, 0.11892, 0.012714, 7.910353392298104, 0.038028903687888034
2020tap, 341.055804123, -18.1782786968, 0.05375, 0.05258, ATLAS_NORM, 36.81817, 0.11748, 1.62141e-03, 3.76978e-05, -2.29359e+00, 0.19373, 59111.5703, 0.1713, -7.11572e-02, 0.0221588, 10.623272932819532, 0.0021758232391424054
2020tce, 45.470542, 16.992881, 0.06234, 0.06163, ATLAS_NORM, 37.34907, 0.12433, 2.09144e-03, 9.82966e-05, 0.65477, 0.30095, 59116.6875, 0.2615, -2.17785e-01, 0.0341025, 10.15307154236525, 0.005217177454290537
2020tel, 255.858042, 35.999669, 0.06763, 0.06758, ATLAS_NORM, 36.98473, 0.11741, 1.00040e-03, 4.07107e-05, -1.43413e+00, 0.23724, 59115.3711, 0.198, 0.11216, 0.032063, 10.45964536780853, 0.0035545806556452728
2020tfc, 334.253350124, 30.6558521669, 0.03943, 0.03828, ATLAS_NORM, 35.97349, 0.11599, 3.03064e-03, 5.76388e-05, -1.73683e+00, 0.12371, 59114.2148, 0.1356, 2.23726e-02, 0.0148068, 10.373346185557235, 0.001522380100653448
2020tgi, 34.3812397207, 10.5473210558, 0.08411, 0.08318, ATLAS_NORM, 37.99532, 0.13064, 6.80911e-04, 2.32471e-05, -8.23919e-01, 0.36146, 59113.2852, 0.2162, -8.04923e-02, 0.031701, 9.627856824325763, 0.020512447645424408
2020til, 341.789253327, -5.59142745857, 0.07297, 0.07168, ATLAS_NORM, 37.52581, 0.11832, 9.50022e-04, 3.42182e-05, 1.11897, 0.24651, 59118.5078, 0.1749, 6.67893e-02, 0.0283715, 10.617650438787097, 0.0018965958291045568
2020tjo, 355.582327347, -14.7029229275, 0.08535, 0.08412, ATLAS_NORM, 38.33456, 0.13206, 6.57414e-04, 2.92174e-05, 0.64212, 0.34088, 59119.8164, 0.2172, -1.15169e-01, 0.0367051, 10.241838071266418, 0.007126483328666718
2020tkp, 359.544048488, 22.7701245689, 0.03479, 0.03359, ATLAS_NORM, 35.94330, 0.11626, 2.33862e-03, 4.91248e-05, 0.85966, 0.11663, 59123.1367, 0.0892, 0.28302, 0.0128451, 9.420632826871936, 0.0023230730858501835
2020tnw, 316.257473949, 8.27390283353, 0.06803, 0.06690, ATLAS_NORM, 37.29444, 0.11419, 1.33885e-03, 3.32899e-05, 0.51545, 0.18946, 59120.6445, 0.1492, -1.99773e-02, 0.0186244, 8.938012734294041, 0.01169544031545482
2020tpf, 81.2790377, -21.246447575, 0.02887, 0.02899, ATLAS_NORM, 35.53675, 0.12199, 7.89945e-03, 0.00021175, 1.87626, 0.13277, 59123.0312, 0.1015, -1.02248e-02, 0.0185177, 9.493454651615162, 0.0014234407820697258
2020tqn, 47.24175, 15.173261, 0.07909, 0.07840, ATLAS_NORM, 37.27700, 0.1194, 1.28622e-03, 6.33787e-05, 1.00231, 0.28609, 59122.9805, 0.1647, 2.98674e-02, 0.0280455, 10.096863767424432, 0.015825710984571112
2020ucf, 90.533875, 46.508561, 0.05680, 0.05688, ATLAS_NORM, 37.13335, 0.11489, 1.62280e-03, 7.52037e-05, 0.71789, 0.25208, 59128.8359, 0.1602, -2.71165e-02, 0.025822, 9.388455874824922, 0.00901857024961191
2020uec, 317.452208, 15.148581, 0.02791, 0.02682, ATLAS_NORM, 35.46985, 0.12254, 8.21598e-03, 0.00014477, 0.60958, 0.0759242, 59131.3359, 0.0725, -7.01915e-02, 0.0105046, 9.895132108401071, 0.0027646011143817486
2020uek, 13.4788046341, -31.0935546341, 0.03194, 0.03104, ATLAS_NORM, 35.53881, 0.12049, 4.42614e-03, 0.000179464, -1.71638e+00, 0.14125, 59124.9492, 0.1024, 3.24306e-02, 0.0288667, 10.951777516545153, 0.0723840548739845
2020ulf, 240.420417, 21.354869, 0.03208, 0.03238, ATLAS_NORM, 35.48168, 0.131, 3.85656e-03, 0.00015962, -2.98730e+00, 0.34686, 59130.3945, 0.0687, 4.17778e-02, 0.0323502, 11.174806214234405, 0.0006086156984247286
2020ust, 24.74227655, 48.88053775, 0.07568, 0.07487, ATLAS_NORM, 37.58416, 0.15607, 7.84648e-04, 4.15911e-05, 0.46982, 0.60839, 59134.4453, 0.4569, 8.82318e-02, 0.0415808, 9.662229984627897, 0.011633111137429543
2020uvf, 18.5113548219, 14.3811226831, 0.05951, 0.05839, ATLAS_NORM, 37.27293, 0.11949, 1.45258e-03, 3.9854e-05, 0.59404, 0.28701, 59136.5703, 0.2209, -4.12258e-02, 0.022184, 9.7314856446687, 0.006294593755860189
2020uvg, 16.5956133839, -20.6132090124, 0.05570, 0.05469, ATLAS_NORM, 37.00052, 0.11433, 1.81352e-03, 3.33758e-05, -1.20524e-01, 0.18661, 59136.0508, 0.1931, -6.82772e-02, 0.0180239, 9.790619610930944, 0.007431320371668741
2020uwo, 356.294167, -25.822369, 0.05304, 0.05195, ATLAS_NORM, 36.94499, 0.12828, 1.55242e-03, 5.37239e-05, -1.94721e+00, 0.32263, 59133.4062, 0.2439, -8.25796e-02, 0.0320882, 10.654291229260618, 0.002227881234482885
2020uyg, 93.829667, -29.319261, 0.04809, 0.04848, ATLAS_NORM, 36.69039, 0.13179, 1.13270e-03, 7.90738e-05, -1.61697e+00, 0.35305, 59134.3828, 0.3257, 0.16296, 0.0583008, 10.72492912359085, 0.0027415856229314737
2020uzw, 27.1205251158, 12.8961439663, 0.07438, 0.07334, ATLAS_NORM, 37.34264, 0.12458, 8.29719e-04, 2.48524e-05, 1.48969, 0.37627, 59138.8125, 0.0272, 0.21290, 0.0247644, 10.13245603643454, 0.004876041289628413
2020vas, 343.298538328, 11.1135379329, 0.07146, 0.07015, ATLAS_NORM, 37.55107, 0.12958, 8.04485e-04, 2.69031e-05, -8.33885e-02, 0.35148, 59139.3516, 0.2954, 6.02862e-02, 0.0282607, 9.259692430783034, 0.016311892899228887
2020vbv, 344.184167, 4.48365, 0.05612, 0.05482, ATLAS_NORM, 36.97200, 0.12645, 1.23923e-03, 4.87161e-05, -9.86523e-01, 0.27244, 59139.3008, 0.2435, 5.28654e-02, 0.0335384, 10.972863989400334, 0.001597990348490512
2020vdz, 129.316875, -5.923789, 0.04086, 0.04187, ATLAS_NORM, 36.21310, 0.11463, 3.52929e-03, 6.20837e-05, 0.76297, 0.13712, 59145.2891, 0.0823, 4.58323e-03, 0.0151266, 10.732246349933575, 0.0017801507581741626
2020ver, 313.579416, 9.1580717, 0.09137, 0.09025, ATLAS_NORM, 38.21991, 0.14216, 6.01346e-04, 2.47149e-05, 1.22128, 0.42037, 59142.8047, 0.277, -2.93203e-03, 0.0379958, 10.388122804577229, 0.0036810078569423886
2020vwv, 103.835583, -36.3797, 0.03186, 0.03240, ATLAS_NORM, 35.50612, 0.12706, 6.55729e-03, 0.000269377, 0.75662, 0.13695, 59148.1250, 0.119, 1.73424e-02, 0.0261692, 9.417617850684408, 0.053864381552190865
2020wap, 13.465514874, -18.3108860523, 0.10108, 0.09997, ATLAS_NORM, 38.47853, 0.14268, 6.01812e-04, 2.60683e-05, 0.26401, 0.37513, 59142.8477, 0.3813, -1.54132e-01, 0.0429031, 9.261219785778945, 0.02016542514373292
2020wcj, 43.209625, -1.231031, 0.02385, 0.02314, ATLAS_NORM, 34.88440, 0.13036, 8.36891e-03, 0.000170536, -1.34574e+00, 0.0875803, 59148.3867, 0.0771, 3.85019e-02, 0.0154482, 11.047177784114325, 0.0009623994906294323
2020wgr, 125.915583, -0.168331, 0.03496, 0.03591, ATLAS_NORM, 36.05142, 0.11728, 3.13982e-03, 5.88081e-05, -4.38519e-02, 0.1133, 59148.3281, 0.0953, 7.05201e-02, 0.0145808, 6.6258859532302, 0.15261398041613158
2020wio, 60.0061374897, -24.6002298081, 0.06410, 0.06380, ATLAS_NORM, 37.33079, 0.12328, 1.16240e-03, 2.99703e-05, 5.74666e-04, 0.21803, 59147.6094, 0.1917, -3.47632e-03, 0.0285081, 10.268484982903704, 0.004524554221018954
2020wlw, 14.378449075, 35.73957575, 0.06628, 0.06524, ATLAS_NORM, 38.08446, 0.16965, 4.39165e-04, 2.21175e-05, -1.84685e+00, 0.63796, 59142.8672, 0.4343, 1.11399e-02, 0.0455767, 8.704187877502445, 0.04504647587341411
2020xps, 44.3917224393, 13.4754265526, 0.07158, 0.07083, ATLAS_NORM, 37.57718, 0.13998, 1.15457e-03, 5.43233e-05, 0.39991, 0.32232, 59155.0078, 0.2383, -7.27784e-02, 0.036679, 10.197832041000055, 0.007254889223574992
2020xqr, 67.7126808765, 9.06851422204, 0.06129, 0.06104, ATLAS_NORM, 37.00270, 0.15294, 7.78765e-04, 5.59599e-05, 5.39947e-02, 0.40527, 59152.3047, 0.2923, 0.29026, 0.047083, 9.78351182150262, 0.007035863215266689
2020xyh, 22.7017241559, 34.8020302987, 0.10151, 0.10051, ATLAS_NORM, 38.16822, 0.13347, 6.15461e-04, 3.18672e-05, -6.91073e-01, 0.32516, 59151.7695, 0.271, -9.73147e-02, 0.0430631, 9.156057206332662, 0.02177215409630488
2020yef, 37.892947033333, -14.151611533333, 0.05484, 0.05407, ATLAS_NORM, 37.25082, 0.12625, 6.72003e-04, 3.53991e-05, -1.23083e+00, 0.24313, 59154.6523, 0.2024, 0.18651, 0.0398832, 9.859818279762523, 0.003479258834436257
2020yjf, 145.648417, -3.490181, 0.03818, 0.03937, ATLAS_NORM, 36.24675, 0.1164, 5.52906e-03, 0.000119085, 1.12124, 0.13959, 59165.3789, 0.1033, -1.74456e-01, 0.0174568, 8.93151858843961, 0.01974513372554239
2020ymv, 37.6734993241, -14.5691276239, 0.06776, 0.06698, ATLAS_NORM, 37.52233, 0.11628, 1.48113e-03, 3.88804e-05, 0.91220, 0.19882, 59164.5703, 0.2189, -1.26964e-01, 0.0228434, 8.912192997211614, 0.012728530177845756
2020ysl, 121.425333, -9.814519, 0.03642, 0.03731, ATLAS_NORM, 36.03699, 0.13393, 3.56628e-03, 0.000299434, -1.70873e+00, 0.21274, 59162.3789, 0.2763, -6.76493e-02, 0.0610955, 11.017755362920088, 0.0012787476569232632
2020yvg, 307.72892601429, 19.337994085714, 0.09117, 0.09015, ATLAS_NORM, 38.06020, 0.14483, 8.79910e-04, 3.92439e-05, 1.44297, 0.51556, 59169.2500, 0.4219, -8.74729e-02, 0.0388247, 10.503229894051486, 0.00292948487944138
2020yvu, 345.249458, 40.9106, 0.01776, 0.01672, ATLAS_NORM, 34.42462, 0.14902, 2.20463e-02, 0.000474081, 0.79994, 0.0744268, 59174.2773, 0.123, -6.98768e-02, 0.0110383, 9.356840830488075, 0.0024708962171997883
2020ywf, 348.440437266, 14.918973126, 0.08164, 0.08032, ATLAS_NORM, 37.76660, 0.13451, 7.32714e-04, 3.43184e-05, -1.95876e-01, 0.36853, 59167.8242, 0.3051, 1.06600e-02, 0.0396613, 9.436163552305695, 0.016802318119738216
2020yxd, 32.3069805428, 33.0439144031, 0.04708, 0.04623, ATLAS_NORM, 36.33785, 0.11489, 2.10132e-03, 6.35708e-05, -1.16477e+00, 0.15323, 59169.9180, 0.1174, 6.63007e-02, 0.0218495, 10.742588940444335, 0.0015458305610280222
2020yzs, 19.0088450587, -10.8644572025, 0.06721, 0.06614, ATLAS_NORM, 37.11382, 0.15174, 8.95188e-04, 2.98633e-05, -1.80259e+00, 0.29192, 59166.9414, 0.1074, 8.88079e-02, 0.0422754, 10.364028519628548, 0.00349837962301383
2020yzv, 50.3620393492, 3.60652430232, 0.06413, 0.06351, ATLAS_NORM, 37.22861, 0.13849, 1.15610e-03, 5.53863e-05, 0.43504, 0.29164, 59168.9414, 0.3077, 6.14578e-02, 0.0416485, 9.6377391405185, 0.012179379985483327
2020zem, 20.2178481372, 4.79557585589, 0.03402, 0.03294, ATLAS_NORM, 35.81270, 0.12587, 4.43378e-03, 0.000192193, -1.38323e+00, 0.14192, 59175.8125, 0.1593, -5.44798e-02, 0.0339637, 11.072939875364016, 0.0008981206526183183
2020zfj, 14.974202057143, -17.264065714286, 0.09301, 0.09192, ATLAS_NORM, 38.02040, 0.14039, 7.59724e-04, 3.18454e-05, 0.19150, 0.32792, 59172.7383, 0.2713, -7.99006e-02, 0.036925, 9.868989639006747, 0.007929613015952953
2020zgh, 18.9726354634, 0.0160018244229, 0.04749, 0.04639, ATLAS_NORM, 36.41576, 0.1187, 2.27115e-03, 6.54682e-05, 0.26639, 0.18987, 59174.8867, 0.1657, 8.26331e-02, 0.0236128, 9.376946784911818, 0.007722329095806436
2020zhh, 66.5826784703, -10.0991275863, 0.03127, 0.03105, ATLAS_NORM, 35.48947, 0.11884, 5.87300e-03, 0.000103265, -2.99379e-02, 0.0865455, 59178.1875, 0.0685, 2.63272e-02, 0.0119661, 12.63086290407451, 0.0013257803656906177
2020zjn, 77.036557922222, 10.383789366667, 0.03897, 0.03893, ATLAS_NORM, 36.13716, 0.11618, 5.05124e-03, 0.000229069, 1.13692, 0.15051, 59179.0039, 0.1174, -9.44213e-02, 0.0195828, 9.381060833168704, 0.006168983175058439
2020zpf, 348.168683303, -11.93390154, 0.09751, 0.09623, ATLAS_NORM, 38.67090, 0.18722, 5.85831e-04, 3.71954e-05, -3.84637e-01, 0.50374, 59174.7148, 0.5199, -2.51761e-01, 0.0663693, 9.249176913288888, 0.018349451031798126
2020zpi, 40.085208, -1.446861, 0.03706, 0.03628, ATLAS_NORM, 36.28851, 0.11848, 2.54313e-03, 5.841e-05, 0.57415, 0.14264, 59181.9336, 0.1235, 0.10114, 0.0186093, 10.019574847828743, 0.0016331784231748707
2021aalx, 9.28480052389, 25.6937469923, 0.03225, 0.03112, ATLAS_NORM, 35.52334, 0.12471, 3.46438e-03, 0.000140248, -2.60231e+00, 0.14198, 59502.1016, 0.2226, 9.13142e-02, 0.029519, 10.59429604703189, 0.0014470529127823745
2021abht, 115.752875, 31.386389, 0.03513, 0.03572, ATLAS_NORM, 35.99713, 0.11946, 4.03445e-03, 0.000239128, 0.14441, 0.17392, 59507.2852, 0.1285, -2.25650e-03, 0.0409412, 9.654038093665449, 0.003722555350672974
2021abpg, 274.174042, 15.29745, 0.04611, 0.04572, ATLAS_NORM, 36.53337, 0.12, 2.27081e-03, 0.000100885, -3.26648e-01, 0.34526, 59514.9258, 0.2166, 5.46441e-03, 0.0303182, 10.009705633730267, 0.0024346836793219554
2021absz, 280.732852, 25.269271699999997, 0.05177, 0.05125, ATLAS_NORM, 37.03833, 0.14836, 9.60831e-04, 7.6125e-05, -1.47202e+00, 0.58417, 59512.2461, 0.4584, 0.10636, 0.0623157, 10.675998066477803, 0.006602821751277619
2021abzi, 127.21563621, 12.53838219, 0.06716, 0.06809, ATLAS_NORM, 37.30662, 0.12853, 1.06254e-03, 5.06563e-05, -1.22546e-01, 0.38417, 59518.1680, 0.3195, 3.61832e-02, 0.0367917, 10.062240937659169, 0.004143475711551588
2021adu, 92.225167, -39.693589, 0.05342, 0.05377, ATLAS_NORM, 37.29201, 0.17979, 2.27984e-03, 0.000134041, 1.03557, 0.35449, 59235.8633, 0.2057, -2.10926e-01, 0.0677857, 11.541858334793234, 0.14936025776624784
2021aip, 159.341910357, -7.36679945049, 0.03016, 0.03142, ATLAS_NORM, 35.57817, 0.12959, 5.85284e-03, 0.000194158, -1.46186e+00, 0.14006, 59243.0625, 0.1552, -8.42982e-02, 0.0241852, 9.592455925838522, 0.004368758360497501
2021akx, 208.228023333, -28.5677566667, 0.04946, 0.05040, ATLAS_NORM, 36.73425, 0.12314, 2.31060e-03, 0.000177278, 1.65758e-02, 0.32285, 59242.3125, 0.2415, -5.95413e-02, 0.0530452, 10.856446936475061, 0.0017352180392939192
2021ash, 199.9281972, -4.52919029008, 0.03600, 0.03709, ATLAS_NORM, 36.00928, 0.11914, 5.10566e-03, 0.000166593, 0.23109, 0.14825, 59246.1133, 0.1698, -9.96047e-02, 0.0223547, 9.188063205218885, 0.006836327430988148
2021aut, 201.814170585, -26.7761117205, 0.04474, 0.04577, ATLAS_NORM, 36.43653, 0.11531, 3.44603e-03, 0.00012004, 0.27263, 0.18296, 59244.8555, 0.2016, -9.74926e-02, 0.0239482, 9.444613703669296, 0.006535147600650657
2021bbz, 176.348333, 20.324461, 0.02331, 0.02443, ATLAS_NORM, 34.63978, 0.12698, 1.15027e-02, 0.000161062, -1.14668e+00, 0.0965636, 59252.5586, 0.181, 1.09896e-02, 0.0132886, 10.640964258679595, 0.0004362819516005132
2021biz, 184.1448112, 33.5265313, 0.02182, 0.02274, ATLAS_NORM, 34.86258, 0.133, 1.11935e-02, 0.000106162, -1.99431e-01, 0.063743, 59257.8945, 0.0658, -1.09036e-02, 0.0101317, 10.867708684386692, 0.0005045396971492051
2021bjy, 132.389292, 50.867689, 0.02729, 0.02782, ATLAS_NORM, 35.72241, 0.13267, 7.05328e-03, 0.000159044, 5.21739e-02, 0.14771, 59249.9805, 0.1617, -1.33765e-01, 0.0267548, 10.56349848670186, 0.0011741385093060098
2021bkw, 215.306725926, 20.7149971176, 0.01819, 0.01893, ATLAS_NORM, 34.55241, 0.14502, 1.14896e-02, 0.000206513, -1.25355e+00, 0.0879033, 59251.6328, 0.1531, 3.89264e-02, 0.0174882, 9.2149320276487, 0.0021022704682386677
2021ble, 174.764958, -9.410319, 0.05053, 0.05182, ATLAS_NORM, 36.82499, 0.12236, 2.85850e-03, 4.60007e-05, 1.47068, 0.19217, 59258.0391, 0.1842, -1.02747e-01, 0.0212817, 9.751297362787097, 0.005948728684142442
2021blp, 142.973665807, 35.5517484652, 0.02689, 0.02773, ATLAS_NORM, 35.50871, 0.13199, 3.65589e-03, 7.55453e-05, -1.99728e+00, 0.12951, 59255.5430, 0.1061, 0.10768, 0.0274124, 10.595093828659218, 0.0007339298069710508
2021bmi, 184.172583098, 41.0783625577, 0.08504, 0.08590, ATLAS_NORM, 37.89281, 0.14596, 6.49965e-04, 2.04689e-05, 0.89259, 0.37085, 59253.0000, 0.4722, 7.16135e-02, 0.036885, 8.601892441757736, 0.030672146345199564
2021bpn, 134.873253828, -2.92710142313, 0.05986, 0.06096, ATLAS_NORM, 37.10605, 0.11876, 1.55074e-03, 3.06983e-05, 1.15222, 0.22928, 59261.6719, 0.1962, 2.58195e-02, 0.0215756, 9.381894362602745, 0.007864090769337171
2021bta, 210.6848938, 25.557550477778, 0.06108, 0.06187, ATLAS_NORM, 36.97781, 0.13282, 1.34083e-03, 2.61918e-05, 0.43095, 0.1984, 59261.8086, 0.1437, 9.54861e-02, 0.0293317, 10.400531511536494, 0.002084089992411706
2021btm, 236.63325, 22.537439, 0.04171, 0.04208, ATLAS_NORM, 36.59620, 0.12337, 3.26802e-03, 5.80284e-05, 0.16903, 0.15247, 59263.7344, 0.171, -1.42067e-01, 0.0215699, 8.7459896466567, 0.015543228416509697
2021cbx, 109.803167, 56.532089, 0.08059, 0.08084, ATLAS_NORM, 37.63571, 0.16248, 7.54178e-04, 2.74233e-05, 0.77289, 0.3327, 59264.9648, 0.1751, 0.10153, 0.0460637, 9.309653141969974, 0.0152364666207426
2021cjf, 37.9653006875, 2.0502541375, 0.04021, 0.03939, ATLAS_NORM, 35.99470, 0.13655, 2.78551e-03, 9.63413e-05, -1.25877e+00, 0.42064, 59266.0703, 0.3811, 7.53147e-02, 0.0323215, 10.428206119928372, 0.0014292341751752978
2021cjx, 148.004828925, 21.174140475, 0.11192, 0.11306, ATLAS_NORM, 38.22477, 0.19837, 5.24859e-04, 2.45692e-05, -6.12984e-01, 0.44151, 59264.8906, 0.4029, -4.87005e-02, 0.0634012, 9.168252929130142, 0.01864607289000396
2021ckc, 178.648712033, 25.3834358597, 0.05309, 0.05417, ATLAS_NORM, 36.71257, 0.11444, 2.06773e-03, 6.28075e-05, 1.20468, 0.18643, 59270.6328, 0.1434, 5.95959e-02, 0.0232306, 10.167051803748354, 0.0031069498153441593
2021dch, 196.349005565, 29.5096292514, 0.02014, 0.02103, ATLAS_NORM, 35.34842, 0.14372, 6.89471e-03, 0.000171568, -1.38886e+00, 0.0941432, 59273.7344, 0.1254, -6.05338e-02, 0.0202116, 9.482781298532567, 0.002068928520643491
2021ddh, 129.871319813, -1.40805856756, 0.04948, 0.05050, ATLAS_NORM, 36.82697, 0.1203, 1.83291e-03, 6.45094e-05, -1.42019e+00, 0.22298, 59272.6484, 0.2162, -7.75357e-02, 0.0286153, 10.101540517166807, 0.0036293450484874558
2021dev, 162.600624426, 0.926926147397, 0.05419, 0.05548, ATLAS_NORM, 37.10418, 0.11499, 1.42753e-03, 4.81692e-05, 4.41162e-02, 0.21932, 59275.1055, 0.2046, 2.49299e-04, 0.0258088, 9.373707286436067, 0.006905142256122192
2021dgm, 237.571417195, 8.35937396113, 0.05939, 0.05981, ATLAS_NORM, 37.14721, 0.11581, 1.48798e-03, 6.50176e-05, 0.31287, 0.23281, 59277.6680, 0.2084, -1.86317e-02, 0.0320572, 9.42144758036654, 0.006652368619214267
2021die, 200.510971615, 54.6909195545, 0.07926, 0.07978, ATLAS_NORM, 37.73904, 0.17757, 5.82336e-04, 3.90447e-05, -1.73084e+00, 0.41745, 59274.8633, 0.3267, 3.23628e-02, 0.0640922, 10.579280039578592, 0.004724378106191366
2021dit, 217.841692922, 55.7632480683, 0.04154, 0.04187, ATLAS_NORM, 36.37242, 0.12138, 1.85617e-03, 7.74152e-05, -1.28486e+00, 0.18137, 59277.2344, 0.1504, 9.79024e-02, 0.0326718, 9.38619369318557, 0.005842559923093252
2021div, 254.0824111, 39.2758209, 0.06207, 0.06203, ATLAS_NORM, 37.38747, 0.12939, 1.11747e-03, 5.90735e-05, -1.12053e+00, 0.30279, 59276.3242, 0.2492, -7.00196e-02, 0.0426423, 11.247495332884252, 0.0010576312042011081
2021dlb, 223.279024907, 3.53730799047, 0.03335, 0.03406, ATLAS_NORM, 35.73573, 0.11713, 5.69859e-03, 0.000173887, 0.52369, 0.13066, 59279.3086, 0.1008, -2.48177e-02, 0.0198093, 10.187293942975012, 0.001361406031659596
2021dnl, 221.762447925, 0.475774107599, 0.05582, 0.05659, ATLAS_NORM, 37.08474, 0.11451, 3.02708e-03, 0.000111774, 0.89783, 0.21429, 59277.7266, 0.1656, -2.56769e-01, 0.0259098, 10.524952122365187, 0.002440996625307504
2021dnm, 189.350889393, 23.0935396452, 0.04607, 0.04711, ATLAS_NORM, 36.60832, 0.1149, 1.97248e-03, 6.34293e-05, 1.00503, 0.17515, 59280.4688, 0.1384, 0.10794, 0.0233541, 9.391556421960024, 0.004597774025764484
2021dov, 134.077958, -0.442139, 0.01270, 0.01374, ATLAS_NORM, 33.81331, 0.16539, 2.81519e-02, 0.000512357, 0.87775, 0.0786123, 59283.9844, 0.083, 6.62125e-02, 0.0116816, 9.57968164477612, 0.0008695850899772443
2021dsi, 179.879383317, -1.14649908803, 0.07658, 0.07788, ATLAS_NORM, 37.85319, 0.24011, 6.16802e-04, 0.000208255, -1.76142e+00, 0.6132, 59273.8164, 0.1291, -3.66128e-02, 0.24757, 9.874381831223891, 0.004332633100422561
2021fco, 159.973958, 21.844489, 0.05539, 0.05652, ATLAS_NORM, 36.98954, 0.11559, 2.15069e-03, 5.82401e-05, 1.29770, 0.24301, 59295.9258, 0.2346, -5.71741e-02, 0.0218016, 10.784857713082532, 0.0012612913501599684
2021feg, 221.988858416, -22.1886776662, 0.06001, 0.06077, ATLAS_NORM, 37.08138, 0.12756, 1.61251e-03, 8.48051e-05, 0.67081, 0.2882, 59294.7031, 0.177, -7.24694e-03, 0.042996, 9.62692059672023, 0.011912406864917588
2021ftu, 184.318165641, -13.5130127608, 0.08239, 0.08367, ATLAS_NORM, 37.82207, 0.12609, 7.35141e-04, 2.65198e-05, 2.73798, 0.33427, 59302.5977, 0.309, 0.14844, 0.0289322, 9.823043825052903, 0.012462264320572293
2021fwy, 196.672414083, 9.33175093174, 0.07283, 0.07395, ATLAS_NORM, 37.59897, 0.1198, 9.87624e-04, 2.5774e-05, 1.12338, 0.23866, 59304.1992, 0.1216, 2.30784e-02, 0.0242748, 9.802367647509211, 0.005667067132619178
2021gad, 231.5165918, 36.3231198, 0.06674, 0.06711, ATLAS_NORM, 38.04139, 0.15336, 8.43912e-04, 3.2768e-05, -1.85572e+00, 0.3275, 59295.9141, 0.137, -2.43245e-01, 0.043367, 10.601836021852664, 0.0016129713830366872
2021gba, 219.266229354, -8.07640515567, 0.10475, 0.10561, ATLAS_NORM, 38.31055, 0.16597, 5.28766e-04, 4.87025e-05, 1.38065, 0.66645, 59299.6484, 0.5576, 2.44578e-02, 0.065111, 9.319998006469667, 0.013966146523500367
2021gdm, 237.387721, 4.6709825, 0.11135, 0.11181, ATLAS_NORM, 38.50538, 0.20882, 6.77939e-04, 0.000118957, -6.56657e-01, 0.80289, 59299.5391, 0.569, -2.63964e-01, 0.13102, 9.477110219072564, 0.030151285448291074
2021ghc, 149.137458, 0.752289, 0.04617, 0.04739, ATLAS_NORM, 36.60135, 0.11383, 2.67803e-03, 4.60351e-05, 0.36011, 0.13104, 59307.1484, 0.2321, -5.11906e-02, 0.0162841, 9.423953484338393, 0.004519309866348516
2021gyh, 195.966109934, -3.4517535775, 0.08598, 0.08717, ATLAS_NORM, 38.15707, 0.17828, 5.93036e-04, 3.34748e-05, -1.14753e+00, 0.58867, 59304.2227, 0.4723, -1.02642e-01, 0.0591813, 11.340758424091076, 0.001878344432425966
2021hjc, 141.388792, -24.764981, 0.05373, 0.05485, ATLAS_NORM, 37.11111, 0.13398, 1.97643e-03, 4.61675e-05, 0.48288, 0.28079, 59314.6641, 0.185, -1.13065e-01, 0.0273251, 10.621957235652287, 0.0022922223345746397
2021hji, 252.171380618, 21.9971688313, 0.05767, 0.05773, ATLAS_NORM, 37.24116, 0.11986, 9.69415e-04, 2.37678e-05, 1.01724, 0.22333, 59314.6680, 0.1775, 0.16137, 0.0221084, 9.692419734811075, 0.0038173841470349515
2021hlw, 150.97594894, 49.41953297, 0.05077, 0.05146, ATLAS_NORM, 36.65353, 0.11928, 1.16666e-03, 2.59564e-05, -1.89872e+00, 0.17079, 59315.0664, 0.1008, 0.14939, 0.02295, 10.548072185398382, 0.002283404825399457
2021huu, 178.611208, 55.073981, 0.04619, 0.04679, ATLAS_NORM, 36.65961, 0.11139, 2.28006e-03, 4.70418e-05, 0.36927, 0.11771, 59322.8789, 0.1121, -6.31530e-03, 0.0165601, 9.329590883974431, 0.005711840184467213
2021hwx, 229.860873305, 23.3976319294, 0.08748, 0.08799, ATLAS_NORM, 38.11520, 0.13092, 7.05699e-04, 1.74093e-05, -8.50016e-01, 0.24331, 59318.8398, 0.2123, -1.42410e-01, 0.0334829, 10.54303107739257, 0.006359271028211181
2021iai, 205.87809639, 9.6234083465, 0.06973, 0.07073, ATLAS_NORM, 37.74884, 0.11596, 1.27596e-03, 2.84667e-05, -3.90449e-01, 0.15794, 59318.7539, 0.1362, -2.22766e-01, 0.0229592, 9.93661494942313, 0.005104034366713679
2021igt, 191.25050259, 21.1417000006, 0.07536, 0.07643, ATLAS_NORM, 38.14154, 0.12242, 9.43813e-04, 2.20304e-05, 0.12723, 0.1942, 59321.5039, 0.1624, -2.19380e-01, 0.0283131, 9.985848096474166, 0.004537559576531873
2021iov, 141.661822388, -7.08712646892, 0.05395, 0.05512, ATLAS_NORM, 37.03450, 0.12077, 1.37434e-03, 6.01356e-05, -6.50873e-01, 0.22411, 59324.5195, 0.2039, 4.55155e-03, 0.0344915, 10.160193331440317, 0.002603242927588216
2021irx, 206.909891359, 15.5213040698, 0.09071, 0.09167, ATLAS_NORM, 38.10204, 0.13184, 5.59184e-04, 2.39408e-05, 0.12466, 0.32025, 59324.0469, 0.2601, 1.21640e-02, 0.0394286, 10.495114148327458, 0.0033162927839025186
2021itd, 221.212833, 43.316769, 0.08008, 0.08054, ATLAS_NORM, 37.66039, 0.11608, 1.05760e-03, 3.1368e-05, -5.91784e-02, 0.21466, 59326.6836, 0.1778, -9.32736e-02, 0.0259025, 10.521691994133512, 0.0036879028041490306
2021jmi, 232.172126, 26.155364, 0.08648, 0.08693, ATLAS_NORM, 37.75185, 0.16535, 4.89210e-04, 4.07036e-05, -1.60611e+00, 0.381, 59322.5039, 0.4266, 0.10641, 0.0746265, 10.74406246143198, 0.0043858181790673995
2021jtb, 224.678365833, 53.6692925, 0.07330, 0.07360, ATLAS_NORM, 37.45419, 0.12998, 6.76285e-04, 4.0799e-05, -4.77339e-01, 0.28504, 59326.6523, 0.2667, 0.14753, 0.0481489, 10.485859744509108, 0.0030394401138636837
2021jvs, 224.436686823, 6.62438029684, 0.02149, 0.02215, ATLAS_NORM, 34.62514, 0.13431, 1.52149e-02, 0.000192413, -6.43520e-01, 0.0505404, 59335.7148, 0.0761, -7.16890e-02, 0.0100414, 10.661997356446987, 0.0007776367454020378
2021jwl, 233.89276104, 5.39222793307, 0.03846, 0.03896, ATLAS_NORM, 36.36965, 0.11519, 3.17948e-03, 8.53348e-05, -1.38806e+00, 0.1184, 59331.9062, 0.1344, -1.29419e-01, 0.0193381, 9.811394380326139, 0.002977674039906467
2021jys, 135.305833, 10.437389, 0.03616, 0.03719, ATLAS_NORM, 36.08588, 0.11468, 3.58183e-03, 7.82021e-05, -2.43712e-01, 0.14407, 59335.5547, 0.1183, -8.04424e-03, 0.016582, 9.303747578210693, 0.004802770624440994
2021kjh, 199.966652643, 7.76054621278, 0.04927, 0.05033, ATLAS_NORM, 36.70943, 0.11213, 1.96495e-03, 3.36215e-05, 0.15708, 0.12628, 59338.9844, 0.1375, 2.46557e-02, 0.0150761, 9.406563327586337, 0.005588779608305946
2021klg, 139.59963285, 39.380958975, 0.02758, 0.02834, ATLAS_NORM, 35.47593, 0.123, 5.88908e-03, 0.000106133, -1.54257e+00, 0.14878, 59338.6992, 0.1137, -5.22902e-02, 0.0151161, 10.046726548536267, 0.0017911487997320087
2021kom, 156.2095, 3.562081, 0.04505, 0.04630, ATLAS_NORM, 36.60282, 0.11499, 2.85333e-03, 6.76114e-05, 1.67347, 0.19354, 59341.5234, 0.1577, -6.23436e-03, 0.0192906, 9.977647982755503, 0.0022563683892404714
2021kpu, 230.581986287, 22.6817822719, 0.07085, 0.07135, ATLAS_NORM, 37.68660, 0.11468, 1.20567e-03, 2.34029e-05, 0.74762, 0.19945, 59343.5977, 0.2057, -1.13410e-01, 0.0192706, 9.053966758077204, 0.012314495504690182
2021kut, 157.87405495000002, 6.24264155, 0.03127, 0.03249, ATLAS_NORM, 35.77601, 0.11731, 6.55914e-03, 0.000106433, 0.62055, 0.10189, 59351.0625, 0.0764, -9.30823e-02, 0.0131476, 9.622622681143602, 0.0020781517107085878
2021kxf, 204.448079898, 1.32927969812, 0.07897, 0.08003, ATLAS_NORM, 37.86883, 0.1161, 7.99232e-04, 2.52044e-05, -1.77064e-01, 0.24184, 59349.2109, 0.2246, -6.32436e-02, 0.0285349, 9.9110730874409, 0.005223371200882653
2021lat, 220.224124, 24.971658, 0.03386, 0.03450, ATLAS_NORM, 36.25200, 0.11652, 2.62253e-03, 4.81557e-05, 1.37481, 0.1144, 59353.5469, 0.0942, 0.14608, 0.0138592, 9.387203545232211, 0.0032292710967188718
2021llv, 212.956705064, 18.0085719096, 0.08275, 0.08360, ATLAS_NORM, 37.82766, 0.13144, 7.38611e-04, 3.26349e-05, 0.98579, 0.30645, 59353.4922, 0.2465, 4.86297e-02, 0.038698, 10.105216922153375, 0.006102612721654677
2021lma, 160.383852098, 52.6510161544, 0.06425, 0.06492, ATLAS_NORM, 37.35338, 0.11576, 1.39128e-03, 4.44531e-05, 1.22920, 0.28721, 59354.5430, 0.1609, -1.93439e-02, 0.0239929, 9.533976314288921, 0.009085843024054215
2021lxg, 324.73114175556, 34.205322844444, 0.06776, 0.06668, ATLAS_NORM, 37.37721, 0.12507, 8.70231e-04, 4.86633e-05, 0.26668, 0.3019, 59355.0898, 0.3003, 0.11317, 0.0389924, 10.167064747089544, 0.00301049388128681
2021lxo, 210.41132639, 19.49643992, 0.05975, 0.06060, ATLAS_NORM, 37.31288, 0.13087, 8.43861e-04, 4.36686e-05, -2.99640e+00, 0.24356, 59353.8320, 0.2222, -2.78580e-02, 0.0439783, 10.339209654305733, 0.0025870020633009154
2021lyi, 153.742120997, -3.53919758611, 0.07632, 0.07761, ATLAS_NORM, 37.54589, 0.14124, 7.86779e-04, 4.57132e-05, -8.63799e-01, 0.39214, 59354.5430, 0.2157, 2.88295e-02, 0.0491722, 10.603231816916699, 0.0019283147039829104
2021mhv, 186.014375, 35.703639, 0.04682, 0.04772, ATLAS_NORM, 36.54772, 0.11143, 2.13997e-03, 7.96903e-05, 0.56089, 0.13739, 59355.4883, 0.1104, 7.30467e-02, 0.0262819, 9.8003833507424, 0.0023026334620266675
2021mim, 235.089020072, 7.28152761418, 0.03823, 0.03870, ATLAS_NORM, 36.18833, 0.11621, 1.92316e-03, 5.86656e-05, -2.10404e+00, 0.12646, 59362.0391, 0.1148, 0.10864, 0.022274, 6.633868749870435, 0.23028935626140193
2021mld, 230.004766703, 22.8866719214, 0.08149, 0.08200, ATLAS_NORM, 37.81122, 0.12662, 7.05300e-04, 2.85252e-05, 1.33239, 0.30538, 59362.1133, 0.2854, 9.29313e-02, 0.0315598, 8.447853332966279, 0.0703869877295921
2021nya, 184.508542, 24.718, 0.06446, 0.06553, ATLAS_NORM, 37.41877, 0.12691, 1.03683e-03, 2.69292e-05, 0.70946, 0.35781, 59375.3203, 0.225, 4.90282e-02, 0.0252307, 10.098269786406858, 0.0056641321284001565
2021qdi, 173.654735455, 5.31503363636, 0.06310, 0.06438, ATLAS_NORM, 37.07164, 0.13075, 1.29229e-03, 9.68308e-05, 0.10495, 0.58858, 59390.2305, 0.4274, 5.71671e-02, 0.0579975, 10.46706377023839, 0.005293516170004889
2021vio, 263.525407979, 8.51287745052, 0.09298, 0.09282, ATLAS_NORM, 38.21412, 0.15302, 4.42805e-04, 4.19806e-05, 0.85190, 0.7005, 59443.3789, 0.4067, 0.10575, 0.0696123, 10.276438638431909, 0.013736714020460969
2021vts, 244.60325, 38.13335, 0.07341, 0.07355, ATLAS_NORM, 37.64219, 0.11328, 1.34888e-03, 3.91489e-05, 0.73708, 0.22681, 59450.9844, 0.1783, -1.43511e-01, 0.0230157, 8.707227524430797, 0.039785141013358
2021wfg, 325.105172621, 11.7489169654, 0.07940, 0.07817, ATLAS_NORM, 37.47385, 0.1218, 1.06734e-03, 6.04213e-05, 0.33378, 0.24114, 59455.1172, 0.1564, -4.49243e-03, 0.0425221, 8.423119068059078, 0.319832751055343
2021wkv, 247.892333, 40.568081, 0.02733, 0.02740, ATLAS_NORM, 35.48290, 0.12976, 5.80577e-03, 0.000134908, -4.24207e-01, 0.12978, 59458.0039, 0.1242, 1.20538e-02, 0.0186056, 3.807502070236879, 0.6294458926832945
2021wue, 18.9473943907, 1.50583442118, 0.07840, 0.07726, ATLAS_NORM, 37.68311, 0.11992, 1.02126e-03, 3.14226e-05, 1.68096, 0.27638, 59458.4375, 0.3325, 7.61284e-03, 0.0261099, 4.986880998833659, 0.6454356446384375
2021xgx, 253.789292, 26.663631, 0.03438, 0.03440, ATLAS_NORM, 36.00675, 0.12179, 3.87099e-03, 0.000131439, 1.47514, 0.18385, 59463.0742, 0.076, 8.39019e-02, 0.0247002, 10.909969809082643, 0.0020802669148737474
2021ymj, 257.97575252, 34.15365124, 0.08410, 0.08400, ATLAS_NORM, 37.81156, 0.13781, 6.30579e-04, 3.90876e-05, -1.62619e+00, 0.43868, 59475.1133, 0.1529, -2.25017e-02, 0.0496964, 10.785203506091655, 0.005366528377796961
2021zfs, 323.124292, 5.346311, 0.01963, 0.01848, ATLAS_NORM, 34.66573, 0.14498, 1.58459e-02, 0.00116744, -1.52960e+00, 0.10353, 59484.6836, 0.0371, -1.52390e-01, 0.0487757, 9.721652287405103, 0.0035230473482094782
2022edq, 197.947698878, 17.4608050542, 0.07178, 0.07282, ATLAS_NORM, 37.49082, 0.11482, 1.12275e-03, 4.35383e-05, 0.19404, 0.2158, 59653.5234, 0.1379, -3.95416e-02, 0.0300766, 11.021435815991799, 0.0035513799816060646
2022H, 147.438673821, 6.29658798999, 0.06123, 0.06242, ATLAS_NORM, 37.21686, 0.13694, 9.91286e-04, 7.04169e-05, -1.64072e+00, 0.37817, 59583.2109, 0.9131, 1.61775e-02, 0.0469067, 10.4470109715195, 0.00549469185058093
2022I, 153.9748731, -2.69352033056, 0.05140, 0.05266, ATLAS_NORM, 37.12100, 0.12313, 1.05967e-03, 4.52616e-05, 0.30123, 0.26297, 59588.6133, 0.2782, 0.13121, 0.0340583, 10.299757401611801, 0.006946037028591058
2022kj, 161.122988684, 23.8370135689, 0.04357, 0.04467, ATLAS_NORM, 36.65106, 0.1119, 3.36891e-03, 8.69151e-05, 0.81910, 0.11377, 59604.3789, 0.1692, -1.40042e-01, 0.0176381, 8.259905592561154, 0.04358989251339105
2022mox, 203.68675, 33.889739, 0.02336, 0.02413, ATLAS_NORM, 35.24070, 0.14696, 8.50307e-03, 0.000151298, -5.68917e-01, 0.17755, 59755.6367, 0.0753, -6.14479e-02, 0.0255954, 10.418249944966519, 0.002301933861148795
2022mxe, 233.1892158375, 23.0864173875, 0.05156, 0.05200, ATLAS_NORM, 37.24298, 0.11467, 9.58401e-04, 2.29101e-05, 0.58121, 0.18549, 59756.8594, 0.1934, 0.14158, 0.0195312, 9.884200869885724, 0.010139790579862104
2022mzs, 205.647875, 30.190911, 0.03474, 0.03553, ATLAS_NORM, 36.06503, 0.11411, 4.80499e-03, 7.13592e-05, 1.26185, 0.0959652, 59761.9609, 0.0798, -3.94204e-02, 0.0110008, 6.05035303078017, 0.29380948017345
