# Created by M.D. Woods -- 2024-12-16 14:38:23.553303 -- NUM TARGETS: 102
# WARNING: 'stretch' and 'color' are NOT identical for SNPY & SALT.
objname, ra, dec, z, z_cmb, MJDs, MJDe, origin, mu, mu_err, hostMass, hostMass_err, Tmax, Tmax_err, stretch, stretch_err, color, color_err, peak_mag, peak_mag_err, algo
2005ke, 53.768125, -24.944111, 0.0049, 0.003927211531528298, 53689.69, 53819.51, CSP_SNPY, 31.921338238297388, 0.021037874235733226, 9.964494815008727, 0.0001733967672340931,  53699.446740098756, 0.059866715439720046, 0.4691665443780517, 0.00794384400588027,  0.3294774449687049, 0.015600385213492832, 14.586862068965516, 0.01156896551724138, SNPY
2006bd, 174.618583, 20.526222, 0.0257, 0.025660398620783453, 53822.75, 53872.57, CSP_SNPY, 35.684983006638284, 0.08399047631434217, 12.327227584343689, 0.0010375416044816365,  53807.952893766604, 1.961715156224944, 0.8965984974701213, 0.047847297180402204,  0.44991068096039105, 0.07193667988399999, nan, nan, SNPY
2006gt, 14.072083, -1.629444, 0.0448, 0.042419119009330715, 54001.67, 54076.62, CSP_SNPY, 36.47087739714307, 0.01613643535346943, 10.111136946318842, 0.0037506224022017622,  54003.99840339669, 0.07937117229698881, 0.5643705227092943, 0.01041734017260933,  0.04591564246528939, 0.014812996797776685, 18.4269375, 0.04184375, SNPY
2007ba, 229.177625, 7.396611, 0.0385, 0.038133865739342986, 54190.83, 54255.61, CSP_SNPY, 35.60979150127269, 0.021490906221177487, 11.141102329068884, 0.0008626674562506656,  54198.11350854937, 0.0641805140361401, 0.5406001683141092, 0.009182732474057721,  0.16296268649076773, 0.016205311947021624, 17.800868421052634, 0.040105263157894734, SNPY
2008bd, 154.597167, -13.103111, 0.0301, 0.031300703090299295, 54541.7, 54607.65, CSP_SNPY, 35.92829181073449, 0.03449423602551181, 11.066906876654066, 0.0008724495479113708,  54526.19581650716, 0.7834903037046881, 0.6184165667759428, 0.03958210359509353,  0.018133636520157672, 0.042390781020314426, nan, nan, SNPY
2008bt, 162.570333, -12.108889, 0.0154, 0.016446211765812194, 54571.61, 54651.47, CSP_SNPY, 34.18111269060493, 0.018549388654019446, 10.724456328263154, 0.0005206097319448586,  54572.72785584305, 0.0800410273435232, 0.4878442267172122, 0.008996624021565126,  0.243561596161727, 0.01484225305748072, 16.888055555555557, 0.014222222222222223, SNPY
2009F, 74.848167, -11.130583, 0.013, 0.013048498077434103, 54837.75, 54884.63, CSP_SNPY, 34.148562526103774, 0.03565583659113752, 10.507359299115938, 0.000511704806211565,  54842.700248970796, 0.10588256343086502, 0.42361416479651515, 0.012270953538068495,  0.22627186247468956, 0.021901502163233576, 16.877875, 0.015527777777777776, SNPY
2018ame, 227.3563931337691, 25.471542558881964, 0.022, 0.023013534092338382, 58177.64533865, 58721.30897305, ATLAS-ZTF_SNPY, 35.8807397967741, 0.1398287992092672, 8.986036224321298, 0.005711110761032731,  58193.466538190194, 5.055993672761483, 1.6011827098776543, 0.10534242842757872,  1.0468064892032969, 0.19674298006825472, nan, nan, SNPY
2018baz, 246.055791666667, 25.2720555555556, 0.1, 0.10016588786050484, 58205.48932870012, 58278.18069439987, ZTF_SNPY, 36.3906172660552, 0.2544088741089516, 8.666571789473174, 0.1010321439244665,  58214.64709743681, 1.0241739784871484, 0.8806540625439927, 0.07152948037047775,  1.123828499587575, 0.18038199961968024, 19.66825734498049, 0.16210123201705756, SNPY
2018ciw, 224.878291666667, 28.1830166666667, 0.056, 0.05690611157793196, 58214.36912039993, 58558.28313660016, ZTF_SNPY, 37.04409122974884, 0.43852430195878633, 12.38697996711908, 0.004384734224813007,  58261.26246207494, 1.0256771740318236, 0.8470413318236594, 0.03639287813277819,  -0.03288965762801548, 0.3333352725541023, nan, nan, SNPY
2018eyi, 246.30204266284116, 40.84025346715421, 0.03038, 0.03103047946117822, 58338.32212535, 59038.33826955, ATLAS-ZTF_SNPY, 35.975921214466155, 0.06833881526003854, 10.143590364193393, 0.0012393031211338115,  58338.86281601977, 0.23056467535469588, 0.27046274133273646, 0.014735139396536104,  -0.06788062865159945, 0.042333472547711214, 18.488843205098657, 0.06475618229709602, SNPY
2018hkw, 39.59514195668058, -11.738924787800649, 0.027, 0.026350289596668946, 58056.40554975, 58904.25789245, ATLAS-ZTF_SNPY, 35.19279795293731, 0.21449586352178324, 10.363890745262498, 0.0009738245140280028,  58409.8249663018, 0.360363328784451, 0.43248105909275464, 0.04016860708289524,  0.21388142167031057, 0.09019067362847297, 17.466, 0.07266666666666667, SNPY
2018jag, 15.951294449789689, 10.592351746809557, 0.04, 0.0382127773955262, 58448.37828555, 58492.23770405, ATLAS-ZTF_SNPY, 36.71555796237762, 0.07575871214696926, 11.024363619703006, 0.0011197732616178959,  58453.55468181442, 0.23387306938294292, 0.6101420931153663, 0.02995470060263647,  -0.014850168622257943, 0.034923146346597905, 18.279127781784904, 0.08198736588678868, SNPY
2018lph, 250.902241666667, 33.5336, 0.08, 0.07984945051024146, 58204.446608799975, 58600.39467590023, ZTF_SNPY, 37.71038490971192, 0.1472378677380082, 10.34149581173226, 0.004396506937327917,  58324.433278000455, 0.00011607960602787407, 0.5267545674833847, 0.13036314690909656,  0.8166556327659602, 0.08391124723964753, 20.04660160704536, 0.24835574175207537, SNPY
2019be, 195.0605280377852, 27.95679209010926, 0.02, 0.02306703697326352, 58483.62853255, 58529.51429045, ATLAS-ZTF_SNPY, 35.52417078295675, 0.033488733273890535, 10.757611545644629, 0.00038517114109421353,  58488.663986865235, 0.11977924814423023, 0.34506461044583087, 0.008892435602958371,  0.2945207696808618, 0.0206227688558491, 18.37581968848209, 0.05681604068413236, SNPY
2019bwi, 141.354254166667, 65.4675027777778, 0.02968, 0.0293164307626129, 58260.17395830015, 58855.49312500004, ZTF_SNPY, 36.26094681324607, 0.04341143498768458, 8.839761027821579, 0.012505917069982822,  58568.49704437942, 0.32962633877533365, 1.1947985859547046, 0.022576908855196098,  0.5217080250084319, 0.024636608022972663, 18.181511995468405, 0.030239322885530124, SNPY
2019cdc, 212.20472173447806, 35.6142343137112, 0.02777, 0.028415076274861714, 58558.56347605, 58647.34267315, ATLAS-ZTF_SNPY, 36.06431043713467, 0.038632649141578365, 10.584872344449861, 0.0011367594478676015,  58575.125279118416, 0.12746023311365207, 0.5441649183721086, 0.014704388674912776,  -0.3213285696593095, 0.02218070246585054, 17.225831807384882, 0.03155599551653033, SNPY
2019cp, 163.7085070947211, -7.38096439111269, 0.05, 0.051879365434930505, 58486.59136235, 58610.37815865, ATLAS-ZTF_SNPY, 36.880084550614995, 0.07279974041173022, 10.54711612988143, 0.0023269572276193662,  58491.90263040575, 0.16993047289804472, 0.4803182509586028, 0.01867119565710136,  0.1910840696738807, 0.03312566849214217, 19.01392290499137, 0.12184386982084149, SNPY
2019exc, 296.9899108210265, 3.9450551794102067, 0.06, 0.059211446146659824, 58592.62348705, 58668.48856905, ATLAS-ZTF_SNPY, 37.53328401657134, 0.22611084183028266, 10.340690842692098, 0.0025695667618407902,  58600.35309514321, 1.4440218541829182, 1.0667364481955797, 0.11447451098871421,  -0.2502460190149005, 0.12302844409858826, 18.32, 0.15, SNPY
2019luv, 328.812516666667, -12.1489944444444, 0.06, 0.05880631497338339, 58429.1904397998, 58812.13802079996, ZTF_SNPY, 36.9948268246172, 0.04925317904278278, 9.828101197306356, 0.006206509407890266,  58691.00544758674, 0.38239600994869305, 0.6620969954832169, 0.033731672215903175,  0.42641317185689065, 0.05087801328326488, 19.253037757975356, 0.07154997308460613, SNPY
2019moq, 6.61545160003238, 38.1232395512729, 0.0596, 0.0579716093873729, 58400.27783560008, 58987.46677079983, ZTF_SNPY, 37.278968351822314, 0.02179243241531981, 10.979192644467481, 0.0047669442378859665,  58695.359439134234, 0.09455737514976047, 0.7388695417002615, 0.012363748939798296,  0.1546156160240858, 0.014102900856244147, 18.845891894607025, 0.03328966313634356, SNPY
2019noh, 346.419825, 27.6659805555556, 0.0249, 0.022717122995000637, 58426.24295140011, 58967.492083299905, ZTF_SNPY, 35.00928981079442, 0.059982533742509246, 10.77252153435704, 0.0007017531518671983,  58714.21636319845, 0.21669689828282968, 0.36371749893675825, 0.018935973021332854,  0.679997424464916, 0.05015170646642312, 18.73625953199779, 0.0641839928485195, SNPY
2019op, 35.424387026612415, -25.927123010010185, 0.04, 0.03872130026317916, 58491.28400175, 58679.57638905, ATLAS-ZTF_SNPY, 36.53733454004119, 0.12262430710886679, 8.40685425462122, 0.0035269244904225774,  58496.67978335786, 0.3928137859569366, 0.495468037312265, 0.03638535099211949,  -0.03376595100883557, 0.04063477834707753, 18.287011165302467, 0.14609974877166979, SNPY
2020abpe, 24.102259033033917, 22.049853890014997, 0.05, 0.04819889426180836, 59185.43413395, 59613.26274815, ATLAS-ZTF_SNPY, 36.807858634302754, 0.06042547377333696, 10.649515955931236, 0.0029270517243323553,  59192.91426791558, 0.19568278498727576, 0.42250084359562207, 0.01652506486728237,  -0.04844057812620875, 0.02871187360048598, 19.06340799419177, 0.10461692141906183, SNPY
2020acbx, 131.588323927133, -12.656028038917848, 0.051, 0.05259510797396794, 59187.55942165, 59503.64067935, ATLAS-ZTF_SNPY, 37.63606085913742, 0.11818041938612013, 10.202182551202336, 0.003249982662315169,  59194.50334813579, 0.43098707534645536, 0.46918619624526064, 0.034591937829418426,  -0.08361060099052889, 0.05512104155942516, 19.354721229625678, 0.18354329799792587, SNPY
2020acoo, 145.30888148708254, 26.088601383976407, 0.044125, 0.04462430835039662, 59193.56125295, 59231.46868865, ATLAS-ZTF_SNPY, 37.40900370844861, 0.09651813005304719, 10.685674382711474, 0.0012919791233251478,  59200.039778347746, 0.32888074218505925, 0.5645855321021996, 0.03641307604027109,  -0.46507752772202154, 0.04782861645049448, 18.43610948549813, 0.06073639349728336, SNPY
2020fhs, 240.27615202948147, 19.45021417211042, 0.01438, 0.014869383798894492, 58937.52926285, 59053.30164045, ATLAS_SNPY, 34.554185047846744, 0.023399378971764154, 10.047730738592216, 0.0007263629335600534,  58950.399059640484, 0.08612137011860843, 0.5104713766696481, 0.00847724108319155,  -0.19305193631928305, 0.02485238914333048, 16.193749999999998, 0.051875, SNPY
2020mfd, 259.0307883569117, 40.786711283988375, 0.048, 0.04727664093002547, 59010.44736155, 59062.36462975, ATLAS-ZTF_SNPY, 36.21566147833425, 0.02139570902303882, 10.501635412079967, 0.0016352035078946753,  59013.24351517764, 0.13045942807033284, 0.3197619911491216, 0.007260205885833736,  0.33706563244158017, 0.022215701925229068, 19.452819885395414, 0.08916960954493053, SNPY
2020nta, 241.8473002365691, 13.892682894778675, 0.033953, 0.035602302911498414, 59031.35212645, 59123.23882185, ATLAS-ZTF_SNPY, 36.653014758461815, 0.17727207785894816, 10.968085313226508, 0.0006007041323623824,  59035.02285766995, 0.6260801962189604, 0.38839736897932325, 0.0473118002389008,  0.17390294816631263, 0.13949447764891948, 18.809960903060734, 0.15039438230036548, SNPY
2020vae, 270.744675, 52.115075, 0.04846, 0.04783724267661762, 58854.57377310004, 59401.25732639991, ZTF_SNPY, 36.464237171911705, 0.04085256339705993, 10.61938683424752, 0.015165662741275331,  59133.99906617325, 0.15832062592691126, 0.5047133576887215, 0.01756751043326504,  0.19695727866112053, 0.028418482573986943, 18.885407206937703, 0.08979492667693015, SNPY
2021aare, 90.91673359893066, -26.663158950760224, 0.0404, 0.04008174516121867, 59487.59772895, 59599.88216685, ATLAS-ZTF_SNPY, 32.7361523147582, 1.439777076104292, 11.555710081329153, 0.0012623597722101504,  59501.170655380665, 0.9782984127771256, 0.8903693691103239, 0.12004489217761848,  4.368419746681447, 1.2139861964110574, 18.82469405045663, 0.16969250356710489, SNPY
2021abzd, 10.8995375, 30.592322222222222, 0.018086, 0.015988893991432624, 59217.20123839984, 59803.38336810004, ZTF_SNPY, 34.526124573193066, 0.015211830139409372, 10.78600418510209, 0.0005559682094218451,  59519.076726683874, 0.0773127850387733, 0.5759388529926055, 0.009352486979509227,  0.08256881216536072, 0.015407440278770664, 16.387379115171175, 0.00795553717295239, SNPY
2021afur, 155.55415833333333, 17.861225, 0.028, 0.02895868326802631, 59251.35032409988, 59749.20917819999, ZTF_SNPY, 36.275378498838734, 0.05510997068613901, 10.30385583831088, 0.0010795880607671832,  59544.73147813051, 0.337558787346439, 0.5086855994155375, 0.03247718835600157,  0.7002202197270794, 0.0816105682298214, 19.39132588600632, 0.1233408115851951, SNPY
2021agej, 22.491984809554648, 19.43918211115813, 0.04, 0.038606370583705, 59557.27892655, 59615.23565325, ATLAS-ZTF_SNPY, 37.944683816718246, 0.2389312823552902, 10.009293562787725, 0.0023065127158425625,  59603.31197467422, 3.4902296993586917, 1.3282765761573452, 0.12360960795492495,  0.45661058926884684, 0.21457437246219319, 19.268749999999997, 0.21750000000000003, SNPY
2021agnf, 97.9791536881518, 35.55658245184793, 0.027, 0.025793625194638896, 59571.58672475, 59616.34750125, ATLAS-ZTF_SNPY, 38.92696305337128, 0.18604219747880515, 6.650223900139206, 0.2459859956584919,  59598.80484581456, 4.962661932050917, 1.1974578802946279, 0.16592140455797338,  -0.3368193878051134, 0.19427202671604907, 18.95, 0.238, SNPY
2021bls, 250.83634089611053, 61.594851830280966, 0.019, 0.018644898621909906, 59238.63045375, 59298.56669435, ATLAS-ZTF_SNPY, 34.68716878351524, 0.026593995852660084, 10.690134763061476, 0.00042944945706021567,  59246.6866728085, 0.10732737530885923, 0.27051055916390776, 0.007441075947170043,  0.010742429007086225, 0.01962918626376757, 17.45313684494441, 0.023032245897305684, SNPY
2021bmu, 19.51915847593583, 14.553705080213907, 0.053, 0.05122797187748989, 59231.23734385, 59257.24554225, ATLAS-ZTF_SNPY, 37.47214604899939, 0.149050761559473, 10.270301179807593, 0.004885489470990093,  59249.70543542506, 0.8790974007849753, 0.9130237577824969, 0.08097742291718976,  0.6535539721533221, 0.07645987073001483, 19.4413009718022, 0.15930343242055084, SNPY
2021cad, 163.93951567951174, 24.02772392247501, 0.041546, 0.04219663739599958, 59249.64870315, 59662.43854885, ATLAS-ZTF_SNPY, 36.441771056262084, 0.05050632034323741, 10.358143010854041, 0.0015162175022677541,  59249.84032129054, 0.23178250874710685, 0.27046074513518437, 0.014173244713848612,  -0.23956779795527555, 0.032778680637301966, 18.82186028382441, 0.07969261385874916, SNPY
2021diu, 240.66641094775812, 15.76214896375523, 0.037372, 0.036574475016254694, 59267.54879655, 59347.47490155, ATLAS_SNPY, 37.070634711396714, 0.8756494917267252, 10.646105484522206, 0.0012154080245486674,  59268.79760788114, 2.6556201559688595, 0.5182435444905424, 0.37308649681405753,  0.07739444130874087, 0.32782015372800166, 18.83285714285714, 0.15714285714285717, SNPY
2021fnr, 219.50783765468793, 10.184075515070733, 0.026949, 0.028493218937518137, 59287.61540915, 59336.39578095, ATLAS-ZTF_SNPY, 35.9382350177199, 0.04773718246923002, 10.287436116011223, 0.0011406832616291658,  59292.82985675432, 0.15052189005321964, 0.41922600673428345, 0.013940457859259152,  0.09149287430545945, 0.02187945954375723, 18.173327250240323, 0.04123353230622344, SNPY
2021gel, 186.63443073399623, 31.42834243488069, 0.06, 0.061134503843421346, 59291.50269805, 59641.42775205, ATLAS-ZTF_SNPY, 38.04353586765018, 1.453161241724345, 11.188940278116904, 0.0013298191181140184,  59285.38177317995, 13.768127705163652, 0.46433287170090115, 0.41158372828381673,  -0.8599945747608791, 0.4040267114425258, nan, nan, SNPY
2021jvp, 215.1956051172468, -19.78613155067654, 0.044, 0.04436986490741191, 59319.52496935, 59624.06991465, ATLAS-ZTF_SNPY, 36.782912290707614, 0.07921758227767638, 10.95457116086164, 0.0010071414066509068,  59326.583134148976, 0.19629321295644345, 0.3929294307817404, 0.015661050551898325,  -0.13500692876373246, 0.04073763790746833, 18.881124068352786, 0.14776933323514096, SNPY
2021mab, 178.79425241592884, -7.843156338771086, 0.021, 0.02171286129914082, 59304.44045585, 59692.37141005, ATLAS-ZTF_SNPY, 35.30673574034999, 0.1505727110355974, 10.713022716938031, 0.00037423560637777904,  59338.472256008135, 0.3698905442649717, 0.4668402825277321, 0.03249749447067213,  -0.003782568819202603, 0.07460630155604629, 17.34310344827586, 0.04379310344827587, SNPY
2021oyx, 358.86536871987545, -34.87484410425709, 0.049921, 0.04929318533171918, 59377.58692185, 59465.45057245, ATLAS_SNPY, 37.73709828278872, 0.30000957988026344, 10.493743273271779, 0.020040484026090783,  59361.48491605864, 0.0008951015630501081, 1.9481145820523251, 0.14529820971282714,  -0.9818982795175475, 0.163148549818433, nan, nan, SNPY
2021pom, 184.5078288184616, -20.85760188127875, 0.032269, 0.033530661561311695, 59373.29040705, 59560.64036735, ATLAS-ZTF_SNPY, 37.09787912953541, 0.313197186583686, 10.663880527855868, 0.000928960190165358,  59383.689005678396, 0.8001834667718281, 0.7749386214149483, 0.12225275363133714,  0.17390758089193661, 0.12284035476937755, 18.46, 0.152, SNPY
2021qqr, 257.3738166666666, -22.44768611111111, 0.0309549998, 0.02955232369457374, 59320.46214119997, 59455.16781250015, ZTF_SNPY, 35.793072676418554, 0.037712279588201614, 8.573645842354992, 0.09099381995104013,  59391.88251638803, 0.2291138587690242, 0.58785853846259, 0.02468225445738987,  -0.19914879593056567, 0.04826914793009807, 18.41973019223912, 0.07645269859633017, SNPY
2021twa, 32.76230999624126, 36.48174990615482, 0.012128969342354, 0.01322415937407682, 59414.58889275, 59632.25733915, ATLAS-ZTF_SNPY, 36.47656133303236, 0.06393198334339345, 9.602104848459891, 0.0012216131463648687,  59418.95788011719, 0.2025922480311708, 0.46390136853131286, 0.020130834413926556,  -0.19545965310430358, 0.041568332718936445, 18.270684684381852, 0.10372937696123892, SNPY
2021uef, 297.40179583333327, 42.23985277777778, 0.0304, 0.028759726927420775, 59125.12267359998, 59689.47050930001, ZTF_SNPY, 35.46078008932021, 0.0810549059955542, 10.32612457784449, 0.004322392798212673,  59431.61856189066, 0.1812735339022277, 0.5233623123089945, 0.027219017442772237,  0.2758011454393515, 0.03234435048086563, 19.206938838163595, 0.039692787929864144, SNPY
2021uve, 29.135696203526695, 3.8604084062493347, 0.055, 0.05335311633514992, 59428.58149315, 59596.26493355, ATLAS-ZTF_SNPY, 37.472164896438954, 0.05856112953323076, 7.813528673239915, 0.07763466766209964,  59440.35086596107, 0.27654168169556814, 0.7548083862296219, 0.026946861425925627,  0.09930975844015234, 0.03484728316761521, 18.828655841282103, 0.07386328046622533, SNPY
2021wzb, 72.76727135859213, -5.956928904982985, 0.0478, 0.04667527520538065, 59447.62130585, 59614.29573955, ATLAS-ZTF_SNPY, 36.94888373689717, 0.026280654697082337, 11.289712997692881, 0.0007520392347699466,  59456.02977374455, 0.1448751876767237, 0.5096692265188896, 0.012950142754530875,  -0.08053643388276042, 0.026767545938527537, 18.635776133168424, 0.09379491672131539, SNPY
2021xfm, 318.7536126075913, 21.91020380379556, 0.04, 0.03891714552012141, 59445.35794685, 59465.45646065, ATLAS-ZTF_SNPY, 36.42231146896544, 0.07886246955642749, 10.643884474652957, 0.0019805168293122876,  59449.06455261696, 0.39332890667827863, 0.3390281337547472, 0.02979281547113173,  0.3295301836262351, 0.08207814865458683, 19.584577429563044, 0.22506661774695394, SNPY
2021zqs, 45.879972978556346, 27.68219875824718, 0.036465, 0.03508888319738731, 59485.61957435, 59529.44588875, ATLAS-ZTF_SNPY, 36.026662057006185, 0.1101985307400158, 11.368436726427328, 0.0012292703565977665,  59486.10335656337, 0.5232065345912218, 0.4805537616394666, 0.047064663352163645,  0.38914276094879086, 0.08342749372861626, 18.80507783334488, 0.10568856967424702, SNPY
2021zsz, 92.63879631704842, -14.538870149377928, 0.035746, 0.035856816942636906, 59481.57166765, 59518.52807375, ATLAS-ZTF_SNPY, 36.51574446960576, 0.08950060706563663, 10.964851218836822, 0.005379263240545481,  59488.66479757173, 0.3629085183443227, 0.6254481148071553, 0.04811266678959754,  0.016146211767493913, 0.1062826872869225, 18.452992662704517, 0.11938226266764088, SNPY
2022aaok, 138.75348383900604, 22.589561981475406, 0.027214, 0.028056130920204717, 59896.60439125, 59966.44071105, ATLAS-ZTF_SNPY, 35.90067831313319, 0.0501998077819098, 10.475026394544468, 0.000842787923706665,  59906.352888398265, 0.1980094621256678, 0.3742760519120285, 0.013441153901833562,  -0.07750903722330578, 0.028643388393074235, 18.176144048768847, 0.05389434998997794, SNPY
2022abom, 55.288120413239035, -2.8485375859548903, 0.036, 0.03468012512222381, 59907.15666375, 59996.79349255, ATLAS-ZTF_SNPY, 36.6198491146325, 0.05228809414547709, 10.316452277637097, 0.0025523463538686332,  59923.50346968548, 0.8630947519154183, 1.2378027775599072, 0.035332488350519574,  0.1587077252004757, 0.04012279754207466, 17.842823291463798, 0.06308899816254761, SNPY
2022aecb, 74.75937846380604, -0.4419266446851301, 0.015, 0.014564146427853262, 59935.17999835, 60000.27427125, ATLAS-ZTF_SNPY, 34.03440976334343, 0.09948536716789541, 9.343034383797137, 0.0029055562056948775,  59941.77697946602, 0.1537242853573424, 0.2607285887739537, 0.00712125773194807,  0.6491320191121153, 0.06657462018403286, 17.439667732220748, 0.04185869402385778, SNPY
2022bsi, 228.61520416666664, 50.31702777777778, 0.0369, 0.03712213829560759, 59324.2861227002, 59847.138553199824, ZTF_SNPY, 40.23097697988947, 0.3431613684576805, 8.100583359671944, 0.1587618649984901,  59415.32565079646, 1.3537425320188181, 1.0924505254809682, 0.2075889499154,  0.2791084705271555, 0.1594790147439582, 20.461270154693104, 0.6354998316310929, SNPY
2022dsu, 211.37838920703345, 15.720950635018797, 0.07, 0.07061669273813125, 59610.62636385, 59688.50373495, ATLAS-ZTF_SNPY, 37.79923406332656, 0.07306123003991219, 10.258346269556945, 0.0036019101922798984,  59646.73019791314, 0.19163536607815362, 0.7757519039325795, 0.024026663334149274,  0.10151887436879035, 0.035634436931228426, 19.19761904761905, 0.18047619047619048, SNPY
2022fjx, 160.87564546077388, 19.082951470611572, 0.046, 0.04650666388353145, 59660.42957935, 59757.32658285, ATLAS-ZTF_SNPY, 36.91647024052359, 0.0515542066970654, 7.902232705509368, 0.09912341714318443,  59674.905833173056, 0.28939614387238516, 0.957392633012995, 0.02856958366913683,  0.35403787726136954, 0.03001407525785673, 18.469984504995605, 0.08850386248713, SNPY
2022ihz, 145.70094821679152, -3.607061832271141, 0.006, 0.0072601731576070585, 59694.31112255, 59766.98077765, ATLAS-ZTF_SNPY, 32.950988971828025, 0.05171316137443639, 5.0000001, 1e-07,  59703.78561938627, 0.1445619031155541, 0.4495189214902924, 0.013737150743080751,  0.15665849879827268, 0.02188573392973757, 15.434582067063987, 0.035121709623792914, SNPY
2022kbc, 181.1954625, 9.438255555555555, 0.0687, 0.07039180302106046, 59525.53990740003, 60016.350312499795, ZTF_SNPY, 38.10341772766326, 0.18647526559920286, 10.001102966465442, 0.006605906576879489,  59716.99047494603, 1.1924546833522602, 0.7049265376897482, 0.14006825683021487,  -0.0895854473675725, 0.2140990143692007, 19.339191069369214, 0.13654151512645535, SNPY
2022omn, 341.8629271758788, -25.66482783660629, 0.05, 0.049494772872738714, 59767.04287225, 59825.21797725, ATLAS-ZTF_SNPY, 37.04439757623399, 0.12119694310664762, 8.002245848661948, 0.06677605996871594,  59766.72999199172, 1.4414153062122297, 1.0900454537003628, 0.073084675614798,  0.5346526922222161, 0.07499581265148506, 18.34035676841968, 0.07713389460842972, SNPY
2022oux, 334.1940942600142, 86.93250326590747, 0.019, 0.017624587158952612, 59773.48685265, 59811.56165795, ATLAS-ZTF_SNPY, 34.91966841498158, 0.11114971542722223, 10.768114423095657, 0.0017432402130689096,  59777.52540511355, 0.38328955543586213, 0.4054755526156122, 0.031121430420254156,  0.560345605521967, 0.09730972243377105, 18.672410391129755, 0.13286179803172934, SNPY
2022rey, 268.3069708333333, 42.788525, 0.04, 0.03925605753464476, 59540.13131939992, 60099.42224540003, ZTF_SNPY, 36.61888071723889, 0.06250748561155427, 10.665653521436408, 0.0016239326144556986,  59810.17355648282, 0.24688670224418058, 0.4372843903921762, 0.024762079553749258,  0.2565322421112994, 0.04919150033105239, 19.272114572584588, 0.09273057014783993, SNPY
2022rjs, 244.12571260124486, 21.251364192883027, 0.037, 0.03694676748087407, 59799.26134245, 59843.27370145, ATLAS-ZTF_SNPY, 36.2367042405917, 0.04477010260054519, 10.48999877821179, 0.0018017453246977574,  59815.14330301588, 0.1581838983354227, 0.4476502977429933, 0.01418512642161056,  -0.03170226695653707, 0.0252055423542772, 18.47039449084592, 0.08960899701467534, SNPY
2022ubt, 289.1201163647384, 41.889354239490345, 0.052, 0.051257701839249416, 59833.34053935, 59843.35851895, ATLAS-ZTF_SNPY, 37.29588461025306, 0.049176072132401216, 10.387851541544412, 0.0032791740061456085,  59843.54675518007, 0.17180276317226878, 0.6650984153284885, 0.024251772304480647,  -0.0754875734060943, 0.025362991973970874, 18.783932077587014, 0.0965518207737394, SNPY
2022xhh, 64.17339308094819, -12.18356267210426, 0.0315, 0.031030433523826992, 59838.59263395, 60014.10670815, ATLAS-ZTF_SNPY, 36.450175704858935, 0.06386475092435351, 10.79645631191364, 0.0017011828138871884,  59868.03976808777, 0.23315690794296903, 0.439670754247899, 0.019380500215535945,  -0.20942599356709998, 0.04272915288958343, 18.091696873925237, 0.08785477337706983, SNPY
2022xnq, 1.1623692719153491, -8.099926680164582, 0.0286, 0.026503387965732046, 59864.40824955, 59911.05907035, ATLAS-ZTF_SNPY, 36.107547836173524, 0.1828936027911306, 11.059889467732273, 0.0005005721852298015,  59869.082199262426, 0.9042604380537499, 0.8771787695473002, 0.09372996282169997,  1.2300920419781698, 0.13465958761105146, 18.72804581649099, 0.11196366508457725, SNPY
2022ydr, 264.7369415088767, 74.82995898557314, 0.024931, 0.0244274878352953, 59871.27977755, 59907.21929055, ATLAS_SNPY, 35.441792418707905, 0.13797822248577335, 10.627211602301852, 0.0011031908574760728,  59882.94844684592, 0.2649383198867213, 0.41849104126562725, 0.05011301957867688,  -0.1824259281710634, 0.0897311140638788, 17.24875, 0.04375, SNPY
2022yv, 170.4280959305194, 34.358305929851426, 0.035426, 0.035685391996623586, 59591.49944235, 59734.27295425, ATLAS-ZTF_SNPY, 37.182507352377364, 0.08692838177218129, 10.917175755717277, 0.0010493485218829883,  59604.027810863874, 1.3067569879420904, 1.1650826544442199, 0.1086519339272809,  0.3677768567383581, 0.06849074875110814, 18.270666666666667, 0.13666666666666671, SNPY
2022ywc, 50.55047833824845, -42.884710249173125, 0.058, 0.059376709962812156, 59880.12562455, 59960.08117665, ATLAS_SNPY, 37.77251132726181, 0.08481546670392992, 10.869728464626363, 0.12569287012396524,  59889.381901007575, 0.5578874119390106, 1.4809648489093343, 0.04992818834999158,  -0.2521363625289871, 0.048415090120768126, 18.65857142857143, 0.14071428571428574, SNPY
2022zvu, 148.46274583333332, -7.792683333333334, 0.019323, 0.020483170027215395, 59625.31541670021, 60081.21770829987, ZTF_SNPY, 34.91564880919859, 0.034123877036642374, 10.542607440652626, 0.0012099832400037588,  59896.27906140747, 0.2095433138894693, 0.5869404195910862, 0.019055897336945904,  0.2453128968912344, 0.04003769885122546, 17.14666139688595, 0.025830557595690147, SNPY
2023abdv, 17.78523155404982, -13.944130611739116, 0.052, 0.0506256295072644, 60296.79734775, 60342.04917965, ATLAS-ZTF_SNPY, 37.37789328224516, 0.12689576759138615, 9.106052225138164, 0.04069200151682838,  60309.62014513592, 1.0736016821273027, 1.2043131578453672, 0.10199961332602167,  0.25296431218797516, 0.10010288163795046, 18.349511973003263, 0.12666964873835326, SNPY
2023bhm, 70.72920636772062, 0.6183744592240744, 0.015419, 0.014934993636862156, 59976.83921515, 60044.99866465, ATLAS-ZTF_SNPY, 34.35841530742277, 0.04734338637283754, 10.944880130229151, 0.0007042302707270253,  59991.90371828425, 0.12335482915720226, 0.9156853432492874, 0.027151230667909407,  -0.0344966840857586, 0.01920120742837218, 15.372934409564314, 0.009316446102170776, SNPY
2023cvq, 129.54407756604917, 25.101520167165358, 0.0286, 0.02856820267646943, 59998.33307715, 60047.36043675, ATLAS-ZTF_SNPY, 36.05695822264023, 0.12425787949433109, 10.547609098927339, 0.0009310322625326865,  60005.867624713035, 0.40213702647665145, 0.37767500568370715, 0.028373393096086986,  0.11541485514316353, 0.08981245699362377, 19.377499999999998, 0.2625, SNPY
2023dk, 77.7763019006191, -1.0802048956828456, 0.02844, 0.028159923757880626, 59931.29726615, 60050.97474375, ATLAS-ZTF_SNPY, 36.30595449654538, 0.061332564123877574, 10.658403563986226, 0.0008657073789887531,  59955.2706060914, 0.5387216314342079, 1.189061833037182, 0.042409332392498916,  -0.006840639439332847, 0.04137185468423634, 17.28849291995026, 0.06273596887270813, SNPY
2023ex, 194.72340272630746, 28.126949858724423, 0.023376, 0.02553174902354306, 59957.61866525, 60089.34519645, ATLAS-ZTF_SNPY, 35.894798550134354, 0.10174366734288398, 9.95839376038976, 0.0018200594393620363,  59956.17410160849, 0.7043962349543211, 0.6210663180679946, 0.08679275297598352,  -0.59896806244501, 0.14803444045073483, 16.568571428571428, 0.02142857142857143, SNPY
2023fot, 185.44815147159014, 10.59147506777273, 0.026467, 0.026167749448300436, 60048.15254185, 60088.80852305, ATLAS-ZTF_SNPY, 35.83432715114428, 0.05877901283222466, 10.60069767104924, 0.0010828350223605655,  60056.08436145768, 0.11260448860104644, 0.44811211796727085, 0.014757273811583909,  0.0610005972273215, 0.02357276392247923, 18.09830416288654, 0.054994791058271056, SNPY
2023fwb, 320.9141590918043, 39.58090292249856, 0.027, 0.025053746240515734, 60050.60428095, 60170.48626405, ATLAS-ZTF_SNPY, 35.52433085971676, 0.03794431684988267, 8.083420755485886, 0.029802813525155545,  60058.398187429746, 0.08521666134215218, 0.41994136308874896, 0.009238158807624174,  -0.17205295409978116, 0.020386269237271833, 17.9395, 0.07400000000000002, SNPY
2023jah, 307.78867051880843, -44.26245447262259, 0.03, 0.029357447202526005, 60077.25649245, 60151.28810605, ATLAS_SNPY, 36.734213881224996, 0.08529218969283207, 10.263562418656065, 0.08115201845918558,  60090.04894088893, 0.49925489553168906, 1.0001241509020269, 0.036639179509212964,  0.1929365114195645, 0.05222515938132844, 17.92625, 0.066875, SNPY
2023mkp, 204.8457138175562, 51.04977363195092, 0.015293, 0.015286343898829111, 60106.33883255, 60172.27178905, ATLAS-ZTF_SNPY, 35.67949553265711, 0.23402059478676107, 10.235440101474703, 0.0009147764240383092,  60131.57595359302, 0.5206157646108809, 0.4711097267908921, 0.06714821772793451,  -0.18549264167549173, 0.06723423142070518, 17.201176470588237, 0.08588235294117647, SNPY
2023sps, 356.06325290770553, -23.52918120588744, 0.049, 0.04830600445925663, 60184.21710425, 60313.06299895, ATLAS-ZTF_SNPY, 34.90307849123466, 0.8310430875624643, 10.404162102271735, 0.0019997084090541987,  60246.58944107905, 13.334523710452284, 2.6212991704903836, 0.21601153285736283,  -0.5065867032007486, 0.42713575726957576, 19.56221657650605, 0.4079269045821566, SNPY
2023vjh, 60.663261124483185, 25.233542294649613, 0.019, 0.018374405639106736, 60235.49047755, 60287.42146725, ATLAS-ZTF_SNPY, 34.57767429831183, 0.07506084516381252, 10.650404500305129, 0.002056533560023752,  60244.9128036722, 0.2074546129192334, 0.3972135540596646, 0.01843026267825561,  0.41148647816198436, 0.04519214752197179, 18.18116380654456, 0.10155652646887757, SNPY
2024bjb, 167.9824902652031, 3.1337018866174584, 0.0298, 0.030649386184095757, 60340.55316815, 60387.24992245, ATLAS-ZTF_SNPY, 36.72246087220329, 0.2224050154212899, 10.881913964858091, 0.000479011282422774,  60362.07035911222, 0.6953589071795517, 0.8129015210860131, 0.10790832918791404,  0.5489869527631721, 0.11604138112144363, 18.456605811163154, 0.11808218530942036, SNPY
2024fid, 186.078606372614, 10.446274608993297, 0.06, 0.06146324928515769, 60396.48231675, 60444.91561425, ATLAS-ZTF_SNPY, 37.196859342247585, 0.07181780100293268, 10.486180726114952, 0.0015869039746378127,  60392.00205412488, 3.5227309549013293, 1.7119416495943156, 0.09577027425269256,  0.24875743232609832, 0.18236471844528257, 19.18789357381657, 0.214685459546421, SNPY
2024jhk, 162.8512114449619, 8.558299085325991, 0.02315, 0.02398089196783998, 60452.33804475, 60490.97549505, ATLAS_SNPY, 35.116919449240136, 0.09265027696752057, 10.717597614530817, 0.0005467162453691708,  60461.12951480467, 0.28353804983171765, 0.39714385323543716, 0.01832750600457972,  0.2915919915055173, 0.043456743160908806, 17.794444444444444, 0.0725925925925926, SNPY
2005bl, 181.051083, 20.406889, 0.0241, 0.02475539637032309, 53476.61, 53512.57, CSP_SALT, 35.669306482214154, 0.01890091467511694, 8.920765377315602, 0.01764662955965954,  53483.11222365715, 0.0176518696025596, -4.899815930005387, 0.06432932701254845,  0.5696528027948085, 0.0049809304376775025, 18.498909090909088, 0.03206060606060605, SALT
2007N, 192.255208, -9.452833, 0.0129, 0.015195347623445987, 54123.82, 54213.67, CSP_SALT, 34.41346399200956, 0.016936799634550224, 9.587336481996891, 0.0008157243912581323,  54113.0241032369, 0.051206244781496935, -2.9930357885059595, 0.016325234088099938,  0.5465739724968736, 0.004874157915976528, nan, nan, SALT
2007al, 149.827, -19.473833, 0.0122, 0.013181781463286774, 54170.77, 54246.58, CSP_SALT, 34.42287610596678, 0.01822693484122173, 9.351354001759011, 0.0018110245506318002,  54160.12616537994, 0.06796969760034699, -2.784987780671373, 0.014838371259122685,  0.3604629026498609, 0.005098007191982908, nan, nan, SALT
2008bi, 128.972458, 0.706417, 0.0134, 0.014116608699185886, 54551.52, 54628.47, CSP_SALT, 34.700525422416234, 0.022286807240980692, 10.75710146506393, 0.0018382741615164645,  54536.251197979014, 0.0668439364162623, -2.7917306105330155, 0.018631324883082723,  0.19199344415520198, 0.006191412115140773, nan, nan, SALT
2017fzw, 95.3950462707182, -27.214862455932412, 0.0054, 0.005529280941996305, 58019.61932805, 58193.28602715, ATLAS-ZTF_SALT, 29.12904786500548, 0.44528352862639453, 10.436333572851673, 0.00018793949258456236,  58020.20353836999, 0.9289569352113176, -2.362715827289963, 0.8744563433084671,  1.1229314674053745, 0.1227145363490026, 15.41, 0.013750000000000002, SALT
2017hle, 16.88778656365311, 32.4082286103301, 0.015, 0.01503724071944435, 58045.41592735, 59042.61059785, ATLAS_SALT, 28.71122613511104, 1.5075043789891338, 10.811153814339129, 0.0002551265260945248,  58336.923089417614, 298.78586637224, 0.0, 7.362983953515597,  0.0, 0.29628934441969823, 15.55, 0.11, SALT
2018efn, 221.2905622978074, 9.273927894946588, 0.024, 0.026353085521198305, 58300.40534135, 59044.34511415, ATLAS_SALT, 28.54164159881023, 2.7507029677804358, 10.432550861391366, 0.0007579384058977742,  58694.768032719, 3.7410745048400713, -3.6508884625295006, 1.4956795263820528,  -0.04580930864043397, 0.8104923796947084, nan, nan, SALT
2018gro, 332.955, 38.7004166666667, 0.0217, 0.019183614914777533, 58338.39035880007, 58443.30398150021, ZTF_SALT, 36.173637927375594, 0.34504841009208576, 10.817750899221942, 0.0005965220878086435,  58388.325328967214, 0.8369650587374053, 1.5783803591541845, 1.7543198025535554,  0.6476871921502525, 0.04658350047032171, nan, nan, SALT
2019ecx, 139.17509236444656, 18.965033597613104, 0.029, 0.030162971247978645, 58595.31241675, 58845.50873145, ATLAS-ZTF_SALT, 32.586895102243986, 0.6472538325379948, 10.885391744707425, 0.0007733096933051221,  58602.7941887999, 2.5990135327447206e-05, -3.511054720981373, 2.5686307092501366,  0.09339951351443661, 0.15854160380219642, 17.914210526315788, 0.06210526315789475, SALT
2020abmg, 123.85227076813287, -6.9577406494725675, 0.04, 0.0411573804641745, 59160.58267665, 59676.79681605, ATLAS-ZTF_SALT, 38.962194651981854, 0.10182106964861914, 11.273524100202275, 0.0013318939814542631,  59191.27495089836, 0.2634588106557203, -0.5518277544155514, 0.28516377900124346,  -0.2985152704636201, 0.029061047460623723, 18.792017242525567, 0.11034992416519433, SALT
2020aclx, 9.472744000000002, -21.471927999999995, 0.06, 0.05897415008790121, 59193.29478435, 59603.78402655, ATLAS-ZTF_SALT, 29.99878191738857, 2.9292204872526253, 10.830670491282186, 0.00202550586383922,  59602.92456709054, 19.363929532992188, 0.0, 7.468054991111634,  0.0, 0.8911776441617278, 16.0, 0.03, SALT
2020ecn, 179.863879166667, -20.4447916666667, 0.021, 0.02209094745461007, 58801.55142359994, 59193.544652800076, ZTF_SALT, 34.44406600809913, 1.7560557935889871, 10.294633396564496, 0.0008196759922236717,  58911.19631672812, 1.5766630456637358, -3.8053906242994238, 0.7002787693116979,  1.5463105803209283, 0.5215898331905988, 17.86039839404699, 0.0403058778290355, SALT
2020yo, 46.5270791666667, 13.9134527777778, 0.09, 0.08899677798929909, 58695.48211809993, 59157.43604170019, ZTF_SALT, 40.32701767979392, 1.2406754310074015, 10.32668108601848, 0.008382045035894648,  58862.79034678569, 1.4221796492383874, 4.999937377597736, 7.839739394468879,  0.38998987500486126, 0.10320549596920618, 20.98546217093637, 0.308921122674904, SALT
2022skw, 28.936148073710967, -25.248763345321876, 0.07, 0.0687716661111591, 59809.30440545, 59842.23453745, ATLAS-ZTF_SALT, 28.29208187462556, 1.3874905140369922, 9.753736398646302, 0.06527938593441808,  59808.26929223754, 1.2149804759428662, 4.805762280842398, 8.353366359564847,  4.509063070605567, 0.16275077806700672, 19.624444444444443, 0.21777777777777776, SALT
2022vxf, 317.81558333333334, 37.88565, 0.028, 0.026018700118422475, 59862.1973611, 60092.3051041998, ZTF_SALT, 37.17603577094944, 2.649694480613262, 10.82765611602084, 0.0013501579910295306,  59863.68334538901, 16.222597757143376, -0.05432040046245201, 6.847685225047251,  -0.0007390268041935472, 0.8130154773123983, 17.724691119159782, 0.027675535969150837, SALT
2024luo, 10.074032578559928, 2.7566803332949923, 0.017, 0.015846099868343514, 60479.40416445, 60491.40606065, ATLAS_SALT, 15.991764174422983, 2.9963730905092145, 9.94823443519893, 0.0014830329374277173,  60493.35108423317, 1.1974705053180514, 4.999991532745602, 1.2581100405155572,  15.952745676622662, 0.8319307695919429, 16.974444444444444, 0.05333333333333333, SALT
