ATLAS-ZTF 2020acoo 1094114161260519800 145.30888148708254 26.088601383976407 0.044125 0.04462430835039662 59194.53200000012
++++++++++++++++++++++++++++++++++++++++++++++++++++++++++++++++
t0, 59201.11136504872, 0.18034066660766257
x0, 0.0014053994543452583, 0.0003896618908676995
x1, -3.4702970560152195, 0.49211088104637857
c, -0.339073927877299, 0.2076587285757511
mu, 37.60498540404451, 0.6922652201449989
hostMass, 10.685674382711474, 0.0012919791233251478
++++++++++++++++++++++++++++++++++++++++++++++++++++++++++++++++
0.032522770221496994, -4.428374451429579e-05, 0.061036031273104564, 0.023908992238650218
-4.428374451429579e-05, 1.5183638919459096e-07, -0.00016711409138566775, -8.080834580631327e-05
0.061036031273104564, -0.00016711409138566775, 0.2436971186151784, 0.08867723739787862
0.023908992238650218, -8.080834580631327e-05, 0.08867723739787862, 0.04312214755369747
++++++++++++++++++++++++++++++++++++++++++++++++++++++++++++++++
zp, 22.292, 22.292, 22.294, 22.294, 22.24, 22.241, 22.25, 22.25, 22.249, 22.385, 22.386, 22.396, 22.372, 22.371, 22.377, 22.394, 22.249, 22.249, 22.249, 22.251, 22.166, 22.164, 22.166, 22.167, 22.285, 22.292, 22.292, 22.298, 22.169, 22.168, 22.169, 22.157, 22.154, 22.165, 22.111, 22.045, 22.295, 22.297, 22.296, 22.237, 22.406, 22.243, 26.2272, 26.2164, 23.6327, 26.144, 26.1394, 26.1261, 26.195, 26.2069, 26.3372, 26.3271, 26.2888, 26.2864, 26.4319, 26.4275
filters, o, o, o, o, c, c, c, c, c, c, c, c, c, c, c, c, c, c, c, c, o, o, o, o, o, o, o, o, o, o, o, o, o, o, o, o, o, o, o, c, c, c, ZTF_r, ZTF_r, ZTF_r, ZTF_r, ZTF_r, ZTF_r, ZTF_r, ZTF_r, ZTF_g, ZTF_g, ZTF_g, ZTF_g, ZTF_g, ZTF_g
time, 59193.56125295, 59193.56309485, 59193.56587005, 59193.57146025, 59195.52525265, 59195.52845405, 59195.55565815, 59195.55992715, 59195.66179675, 59197.50863525, 59197.51239705, 59197.53445735, 59205.46308685, 59205.46631265, 59205.46959605, 59205.50225415, 59207.51824015, 59207.52148815, 59207.52468885, 59207.53070215, 59208.51408815, 59208.51834155, 59208.53370695, 59208.54065385, 59209.47332845, 59209.49766075, 59209.50227805, 59209.52073185, 59211.52309845, 59211.52619675, 59211.52894335, 59211.66075575, 59211.67231435, 59212.48123555, 59212.49741725, 59219.56232336, 59221.49199075, 59221.49479235, 59221.50803185, 59227.60151895, 59229.53811465, 59231.46868865, 58899.264050900005, 58939.16032409994, 59131.53751160018, 59180.43496529991, 59194.35155089991, 59194.35202550003, 59204.414212999865, 59204.41468749987, 59228.38961810013, 59228.39008100005, 59250.41344910022, 59250.413912000135, 59250.41532409983, 59250.41579859983
flux, 109.3, 631.2, 338.8, 517.5, 1609.4, 1313.0, 937.5, 1595.6, 1021.0, 607.7, 2075.5, 1127.1, 1278.3, 2647.6, 1445.9, 1530.9, 879.6, 710.5, 1276.8, 1100.8, 1519.0, 636.0, 529.6, 1629.4, 2309.1, 587.0, 553.6, 1302.7, 3616.5, 481.6, 2851.2, 522.3, 295.7, 1735.0, 4644.7, 1793.3, 887.7, 471.3, 658.0, 230.8, 785.7, 235.1, 26.3175390962902, 37.2648035178409, 163.844075280697, 87.9151552850655, 886.486680134098, 862.120738586345, 1583.01037987937, 1475.15717320188, 108.975193455288, 166.178909815501, 105.121632867503, 90.6755248121476, 127.178220605655, 93.9326332425657
dflux, 495.9, 405.0, 448.4, 477.4, 437.8, 440.7, 355.5, 454.8, 572.5, 388.5, 366.3, 434.9, 407.1, 457.0, 479.2, 450.5, 427.8, 498.6, 382.4, 386.4, 785.5, 662.3, 744.9, 560.9, 865.9, 847.6, 824.9, 748.4, 1092.6, 1224.5, 999.1, 713.3, 1159.4, 1671.5, 1946.5, 686.8, 648.7, 645.5, 776.0, 349.8, 390.4, 477.2, 23.9321674915984, 30.3264932969471, 145.893749342956, 76.6405186732042, 37.6265698128861, 35.1379902431513, 34.2346383366858, 32.4497821234148, 27.8721245271431, 30.2065110581581, 39.3552259756632, 39.2500377516981, 36.1385352274408, 36.1880899250408
mag, 18.92, 18.87, 18.97, 18.95, 18.71, 18.52, 18.66, 18.54, 18.45, 18.42, 18.34, 18.24, 18.45, 18.34, 18.39, 18.36, 18.65, 18.65, 18.68, 18.71, 18.61, 18.53, 18.43, 18.58, 18.52, 18.31, 18.69, 18.55, 18.55, 18.65, 18.49, 18.71, 18.66, 18.59, 18.65, 19.32, 19.31, 19.43, 19.44, 20.28, 20.07, 19.93, 22.676586808054477, 22.288152910714842, 18.096623145994243, 21.28384063116269, 18.770219463715804, 18.787179769226398, 18.196290593593393, 18.28480426138787, 21.24388087834992, 20.775660236156302, 21.234569754453158, 21.392674805322496, 21.170868139184428, 21.495458756953024
dmag, 0.09, 0.09, 0.1, 0.1, 0.09, 0.07, 0.08, 0.07, 0.09, 0.06, 0.05, 0.05, 0.07, 0.06, 0.06, 0.06, 0.08, 0.09, 0.08, 0.08, 0.11, 0.1, 0.09, 0.1, 0.13, 0.09, 0.12, 0.1, 0.15, 0.17, 0.14, 0.12, 0.18, 0.23, 0.29, 0.23, 0.15, 0.16, 0.18, 0.28, 0.21, 0.25, 0.9873271436565086, 0.8835836668276809, 0.9667858019184027, 0.9464964897720894, 0.046083635572054416, 0.04425202464338127, 0.023480443824908392, 0.023883491147925078, 0.2776941590391829, 0.1973553846979585, 0.40647574169767275, 0.4699745285566449, 0.30851914656905066, 0.4182861488750722
