ATLAS-ZTF 2021bmu 1011804611143313100 19.51915847593583 14.553705080213907 0.053 0.05122797187748989 59245.21400000015
++++++++++++++++++++++++++++++++++++++++++++++++++++++++++++++++
t0, 59241.1627623219, 0.254120230791159
x0, 0.00025085918712062713, 2.4176979624599678e-05
x1, -3.1847633718851998, 0.37353271765730645
c, 0.5147236602104449, 0.06806965024318291
mu, 36.975279670032684, 0.23529294962875255
hostMass, 10.270301179807593, 0.004885489470990093
peak_mag, 18.982, 0.188
++++++++++++++++++++++++++++++++++++++++++++++++++++++++++++++++
0.06457710955711178, -2.720400786841967e-06, 0.049792832029193886, 0.00450263954579436
-2.720400786841967e-06, 5.845263437683079e-10, -4.192188855774311e-06, -1.4346267343539435e-06
0.049792832029193886, -4.192188855774311e-06, 0.13996566323696008, 0.0025069128839203644
0.00450263954579436, -1.4346267343539435e-06, 0.0025069128839203644, 0.004633477284229251
++++++++++++++++++++++++++++++++++++++++++++++++++++++++++++++++
zp, 22.23, 22.149, 22.142, 22.295, 22.284, 22.282, 22.176, 22.169, 22.159, 22.14, 22.338, 22.325, 26.2503, 26.2677, 26.2511, 26.218, 26.1902, 26.1542, 26.2556, 26.2527, 26.192, 26.1166, 26.1092, 26.1768, 26.1183, 25.4311, 26.2388, 25.8445, 26.1143, 26.1741, 25.4793, 25.9935, 26.2659, 26.1553, 25.295, 26.1632, 26.1614, 26.1608, 26.1887, 25.409, 26.1964, 26.1719, 26.117, 26.1026, 26.0234, 26.0625, 25.7446, 26.0636, 26.1122, 26.1155, 26.1228, 26.1087, 26.1002, 26.1154, 26.1255, 26.1114, 26.1126, 26.1043, 26.1213, 26.1174, 26.097, 26.095, 26.0827, 26.095, 26.0713, 26.0856, 26.076, 26.052, 26.0533, 26.0842, 26.0422, 26.061, 26.0626, 26.0557, 26.0367, 26.0473, 26.0484, 26.035, 25.825, 25.9676, 25.9697, 25.9333, 26.0441, 26.0296, 26.0117, 22.2806, 26.1211, 26.1717, 26.2139, 25.9933, 26.1586, 26.1613, 26.2467, 26.2326, 26.1459, 26.2296, 26.2022, 25.9842, 26.1038, 26.2845, 26.2887, 26.1028, 26.0835
filters, c, o, o, o, o, o, c, c, c, c, c, c, ZTF_g, ZTF_g, ZTF_g, ZTF_g, ZTF_g, ZTF_r, ZTF_g, ZTF_g, ZTF_g, ZTF_r, ZTF_g, ZTF_g, ZTF_r, ZTF_g, ZTF_g, ZTF_r, ZTF_r, ZTF_r, ZTF_i, ZTF_g, ZTF_g, ZTF_r, ZTF_r, ZTF_r, ZTF_g, ZTF_r, ZTF_g, ZTF_i, ZTF_g, ZTF_g, ZTF_r, ZTF_r, ZTF_r, ZTF_r, ZTF_r, ZTF_r, ZTF_r, ZTF_r, ZTF_r, ZTF_r, ZTF_r, ZTF_r, ZTF_r, ZTF_r, ZTF_r, ZTF_r, ZTF_r, ZTF_r, ZTF_r, ZTF_r, ZTF_r, ZTF_r, ZTF_r, ZTF_r, ZTF_r, ZTF_r, ZTF_r, ZTF_r, ZTF_r, ZTF_r, ZTF_r, ZTF_r, ZTF_r, ZTF_r, ZTF_r, ZTF_r, ZTF_r, ZTF_r, ZTF_r, ZTF_r, ZTF_r, ZTF_r, ZTF_r, ZTF_r, ZTF_g, ZTF_g, ZTF_g, ZTF_g, ZTF_r, ZTF_r, ZTF_g, ZTF_g, ZTF_r, ZTF_g, ZTF_g, ZTF_r, ZTF_g, ZTF_g, ZTF_g, ZTF_r, ZTF_r
time, 59231.23734385, 59243.25955685, 59243.26597075, 59245.21399555, 59245.23717455, 59245.24143075, 59251.25241855, 59251.25653675, 59251.26250015, 59251.27255715, 59257.23581505, 59257.24554225, 59048.463993099984, 59049.491238399874, 59052.463634300046, 59053.420347199775, 59056.44296299992, 59057.46148149995, 59060.467384300195, 59072.45400460018, 59076.47224539984, 59077.466250000056, 59089.41325230012, 59090.366712999996, 59090.487696799915, 59109.3502894002, 59117.31203699997, 59127.385254600085, 59138.32199069997, 59164.28236109996, 59184.317256900016, 59193.18307870021, 59199.205347199924, 59220.12381940009, 59221.124525499996, 59230.12490739999, 59230.163263900205, 59232.16234950023, 59232.196678199805, 59232.243495400064, 59248.13062500022, 59250.14421299985, 59250.15199070005, 59252.15592590021, 59254.15589120006, 59256.15210650023, 59260.16179399984, 59264.16179399984, 59267.11806710018, 59267.121053200215, 59267.124027799815, 59267.12700230023, 59267.1299883998, 59268.11893519992, 59268.121956000105, 59268.12498839991, 59268.128020800184, 59268.13107640017, 59269.11959489994, 59269.122523100115, 59269.125451399945, 59269.12836810015, 59269.131284699775, 59270.119965299964, 59270.12288190005, 59270.125798599795, 59270.1287153, 59271.12146990001, 59271.1244212999, 59271.12736110017, 59271.13030089997, 59275.114618100226, 59275.11700229999, 59275.11937499978, 59275.12174770003, 59276.11278939992, 59276.11517360015, 59276.119907400105, 59279.11344909994, 59279.115868099965, 59279.11829859996, 59279.120729200076, 59280.11640049983, 59280.11884259991, 59280.123680599965, 59408.45587959979, 59414.4358680998, 59427.467175900005, 59434.455972199794, 59450.43034720002, 59454.43293979997, 59462.41258100001, 59468.42388889985, 59470.39342590002, 59472.395590300206, 59472.43607639987, 59476.4756018999, 59490.30023150006, 59504.406990699936, 59517.25450230017, 59529.26429399988, 59531.24633099977, 59537.34660879988
flux, 240.8, 2551.6, 310.7, 795.3, 1379.4, 776.4, 918.5, 1579.2, 274.6, 621.1, 345.0, 924.5, 43.4209629703877, 71.0446936160483, 27.9815312099311, 46.0561412485275, 40.4899407002705, 43.2499761801937, 30.6309134098547, 49.6868798936075, 28.3032513135276, 45.2676027927597, 27.5529527962676, 62.8197943202141, 27.9696693089574, 31.7432089262973, 39.1507643462598, 193.281222550242, 54.554802079113, 51.4695527839833, 60.9274310552922, 40.8692599114926, 74.9726015288055, 43.6455843901501, 54.0331348554628, 161.295090989888, 105.272398374419, 256.693288813387, 177.061868927152, 84.7349999157334, 321.44701530901, 271.939767074628, 510.598424912599, 599.875999592428, 595.048355260411, 488.244761505708, 242.464313547569, 216.19302305107, 197.065184682356, 108.033151403904, 180.030599327584, 170.578190433708, 181.421007310795, 205.884540429955, 146.024377126506, 132.850843353807, 215.132185349768, 150.327627718432, 236.854899608046, 220.719515974543, 146.309769617452, 233.844072602778, 185.090120777312, 102.337840096774, 144.974887848406, 191.998857363385, 258.051981860248, 198.96691602382, 117.079628755553, 102.764412486707, 264.544819208733, 139.282633194852, 264.497957305382, 148.858037054055, 182.952119823839, 90.7106559461008, 175.149244098596, 128.667270159702, 136.385064167519, 149.48622407989, 255.940502321937, 160.808706108987, 109.588634130028, 111.644329329064, 74.9925648115656, 42.7841897629301, 38.9231956043571, 55.3302882561501, 48.619743867882, 198.50090589405, 42.944757194917, 28.0985188906051, 32.9663293814437, 28.8486044276178, 36.9368768181759, 40.705715152964, 104.552006768477, 42.4223936477349, 93.8989953327526, 46.8902203406318, 92.5690256487817, 59.7235362276294, 39.6146519849854
dflux, 479.5, 1099.8, 1122.1, 1103.8, 564.4, 587.1, 503.4, 567.9, 597.7, 541.4, 572.4, 567.7, 26.9966626050636, 43.6227112285545, 22.7899642847154, 20.2698971991756, 21.1469426449125, 25.1278751288408, 23.2501011008347, 35.2200172666938, 22.3156058480728, 20.9059599418894, 22.9112311913749, 39.4461823333866, 24.132392506173, 21.8129864840993, 22.9413599902981, 72.4327992744197, 27.4140982875035, 38.5764381817906, 47.4936100892091, 27.0421857100172, 32.9635850178366, 30.3344173558032, 43.4874134186273, 39.9270437606461, 36.4092071162323, 29.8584692792008, 31.900602047111, 25.5872047706122, 31.2153375713545, 43.7081894442181, 55.2019204725684, 39.5636942424043, 39.8494189824583, 40.3597558401253, 70.8330629582244, 73.3786086082363, 78.1429574239335, 78.3831269560098, 66.1216205913954, 61.2799406862183, 67.3637243272936, 59.192203961809, 59.1432635188318, 65.7543368983512, 69.3107158732294, 63.5595614780569, 54.9003026072488, 54.4229325995641, 55.4013386497921, 57.9467590646894, 57.9360527338956, 67.2223852254897, 75.3545384419505, 74.5733518536371, 78.3391295859112, 86.1885873719723, 79.1498617703065, 70.101126272017, 82.3852458944588, 71.8798725656733, 86.119598542493, 80.4277476900621, 77.5131854259318, 76.2642736013748, 58.6528060689537, 57.0271715275989, 117.786950764756, 119.418977801167, 97.4050813783445, 98.4042658975407, 73.2580498092767, 68.0597501798434, 56.9710068200354, 25.9298053979936, 23.369240011824, 35.4984248733419, 20.545490626739, 121.206510904798, 37.2040801069996, 22.0340588975083, 18.7716613553027, 24.2091475763718, 27.2177492037841, 24.8659551243929, 54.086907431361, 26.0614611706358, 61.1774103282513, 24.2114336573689, 35.6921299456604, 40.6325029525375, 32.3711779249279
mag, 19.84, 18.96, 18.67, 19.08, 19.24, 18.96, 19.77, 19.74, 19.6, 19.3, 20.01, 19.54, 22.15605137297276, 21.638870885802596, 22.633921309150473, 22.059781129057637, 22.171832148197772, 22.064235318464004, 22.54020013098839, 22.01209568521071, 22.562409180940325, 21.977131258871335, 22.508779629561573, 21.681558724672755, 22.501581670873474, 21.67697293115041, 22.256949386816977, 20.12902584008293, 21.77221753868951, 21.89522401323372, 21.017267832714072, 21.96500806679669, 21.57864354748115, 22.05544921792547, 20.96334958786428, 20.644147125365876, 21.105613706533553, 20.137263714272052, 20.568387390044954, 20.588842916599713, 19.928626505957386, 20.085718196935744, 19.346801323089224, 19.15744628345058, 19.087019352193465, 19.34090601916002, 19.7829804320343, 20.226495814107942, 20.37567523833598, 21.031607387612965, 20.484434181829272, 20.528891242707033, 20.453481065089946, 20.331340656743283, 20.714436593967, 20.802989210722853, 20.280836527795284, 20.66170298993282, 20.185094067442144, 20.257798162277865, 20.683816683844444, 20.17268408489896, 20.414241902961063, 21.0699093833001, 20.66806804636724, 20.3773533897288, 20.04673200291053, 20.305047828860037, 20.88209665832004, 21.054593140795117, 19.98595184795588, 20.701257578248065, 20.00654419408547, 20.62376928054116, 20.380856385196616, 21.15315423144675, 20.43987933162817, 20.761329782637635, 20.488082969081447, 20.531097069883188, 19.949352455045094, 20.41752610612161, 20.944686214779104, 20.910008327106958, 21.324154482233332, 18.202391720412642, 22.145578778128538, 21.814292668051767, 21.996868333448823, 20.248893767291342, 22.076324620926304, 22.539591429293345, 22.45152351613739, 22.582287978284878, 22.227249572318943, 22.20546152698949, 21.153869067323527, 21.915212076071832, 21.17214763604867, 22.106794316185738, 21.372535768720013, 21.662436214077214, 22.088860387502287
dmag, 0.27, 0.26, 0.23, 0.19, 0.14, 0.12, 0.25, 0.25, 0.23, 0.19, 0.29, 0.19, 0.6750484556963352, 0.6666614284607657, 0.8842936129356938, 0.4778463991837766, 0.5670544548219432, 0.630803671715424, 0.824117654989196, 0.7696125810395584, 0.856045156509153, 0.5014261017550958, 0.9028271265166189, 0.6817619949631215, 0.9367794792997367, 0.7460855395784236, 0.6362140189040458, 0.40688335652424124, 0.5455886172665151, 0.8137594620346074, 0.8463434462190428, 0.7184049856736663, 0.477371159100016, 0.7546049762809094, 0.8738315725391591, 0.26876352339010784, 0.3755095824083054, 0.12629243742601443, 0.19561319896854482, 0.3278569024097344, 0.10543455229299405, 0.17450762804791733, 0.1173813327755741, 0.07160769102650949, 0.07270998490361494, 0.08975016546160239, 0.3171849078429455, 0.36851241032906057, 0.4305308325209212, 0.787752626601282, 0.3987690851534185, 0.3900489860949118, 0.40314644634465474, 0.3121512608312569, 0.43974837444042786, 0.5373835979376976, 0.34979960566593077, 0.45905678219476126, 0.25166144458742273, 0.2677105739003846, 0.4111225061834413, 0.269046350265671, 0.33985212041520046, 0.7131846572159444, 0.5643401543097273, 0.4217055722605608, 0.3296065723954495, 0.4703197477095532, 0.7339950718941387, 0.740638991127659, 0.3381228348119405, 0.5603180974393805, 0.35351186462670875, 0.5866214499570022, 0.4600049009776123, 0.912824211390726, 0.36358407018863387, 0.4812137904668527, 0.9376800727717511, 0.8673542229875633, 0.413206282009388, 0.6643985687900438, 0.725795312620371, 0.6618780846394505, 0.8248215657320973, 0.6580217753095265, 0.6518691377879332, 0.6965791488110707, 0.4588050294675381, 0.6629606880092408, 0.9405994904947752, 0.8514034343225765, 0.618239056011451, 0.91112719424588, 0.8000485766052766, 0.6632451399769835, 0.5616737106899509, 0.6670031912123622, 0.7073827475092501, 0.5606122108189703, 0.41863071837909194, 0.7386732657196287, 0.8872111227215382
