ATLAS-ZTF 2023mkp 1133923001510301000 204.8457138175562 51.04977363195092 0.015293 0.015286343898829111 60132.30095000006
++++++++++++++++++++++++++++++++++++++++++++++++++++++++++++++++
t0, 60183.83452329214, 0.12457365225418471
x0, 0.1391025501388102, 0.2583662609244792
x1, -4.9843713814206385, 0.16659260790088615
c, 4.139633370627332, 0.5814439232497213
mu, 19.737964327481926, 2.606903073118144
hostMass, 10.235440101474703, 0.0009147764240383092
++++++++++++++++++++++++++++++++++++++++++++++++++++++++++++++++
0.015518666421449091, -0.013578668334222197, 0.005943761779528233, 0.034484952844182015
-0.013578668334222197, 0.06675312478409605, 0.0007502498880766924, -0.09634740437836525
0.005943761779528233, 0.0007502498880766924, 0.010489404822655556, -0.030856830278385674
0.034484952844182015, -0.09634740437836525, -0.030856830278385674, 0.3380770358840277
++++++++++++++++++++++++++++++++++++++++++++++++++++++++++++++++
zp, 22.12, 22.117, 22.108, 22.109, 22.099, 22.097, 22.092, 20.442, 19.524, 21.499, 22.075, 22.089, 22.088, 22.086, 22.083, 20.785, 21.006, 21.202, 21.251, 21.32, 21.38, 21.29, 21.426, 21.295, 21.94, 21.404, 21.24, 21.607, 22.111, 22.109, 22.107, 22.1, 22.092, 22.086, 22.085, 22.075, 22.08, 22.08, 22.078, 22.074, 22.064, 22.061, 22.064, 22.056, 22.067, 22.063, 22.059, 22.056, 22.074, 22.072, 22.066, 22.074, 22.073, 22.054, 22.047, 22.075, 22.072, 22.068, 22.065, 22.075, 22.074, 22.072, 22.069, 22.087, 22.08, 22.064
filters, c, c, c, c, c, o, o, o, o, o, o, o, o, o, o, c, c, c, c, c, c, c, c, c, c, c, c, c, c, c, c, c, c, c, c, c, o, o, o, o, o, o, o, o, o, o, o, o, o, o, o, o, o, o, o, o, o, o, o, o, o, o, o, c, c, c
time, 60106.33883255, 60106.35037285, 60112.33473675, 60114.32783425, 60116.36451945, 60124.30468535, 60124.32457625, 60130.29937615, 60130.30333425, 60130.30929035, 60130.32179265, 60132.30095865, 60132.30399875, 60132.31069425, 60132.32236315, 60134.29969035, 60134.30287925, 60134.30851325, 60134.30941805, 60134.31226925, 60134.31747565, 60134.31847525, 60134.33201505, 60136.28985985, 60138.27417575, 60138.27858175, 60138.28377275, 60138.29513145, 60140.28256915, 60140.28819155, 60140.29099385, 60140.30224265, 60146.27842015, 60146.28707445, 60146.29045075, 60146.30280425, 60148.25811105, 60148.26195625, 60148.26757205, 60148.27736335, 60150.27156835, 60150.27474785, 60150.28026635, 60150.29057835, 60152.28147035, 60152.28464315, 60152.29136685, 60152.30189495, 60154.25636685, 60154.26526225, 60154.28010655, 60156.26583145, 60156.27283275, 60156.28857145, 60156.30456865, 60158.25036775, 60158.25334245, 60158.26091045, 60158.27080535, 60160.25359635, 60160.25743795, 60160.26332565, 60160.27309495, 60172.24792845, 60172.25705165, 60172.27178905
flux, 5171.5, 5836.9, 641.9, 17.6, 330.0, 5425.0, 2201.3, 3184.6, 27.8, 4029.3, 3125.0, 3294.1, 3612.6, 3679.1, 2802.4, 614.0, 1274.1, 1698.6, 1506.2, 1837.6, 876.6, 3229.4, 993.7, 2939.3, 2851.4, 1245.3, 1866.9, 1189.3, 2538.3, 1663.6, 1457.5, 1833.5, 888.8, 836.5, 549.3, 2065.5, 1539.5, 1275.0, 1935.1, 1403.0, 2262.3, 699.6, 1703.6, 988.8, 1129.7, 1280.6, 208.5, 565.5, 703.5, 565.6, 1785.1, 1137.3, 618.4, 8947.2, 9184.4, 925.8, 113.3, 1100.3, 2528.4, 742.0, 765.6, 2209.5, 179.4, 488.7, 419.8, 949.2
dflux, 877.4, 579.7, 500.3, 486.2, 845.4, 997.9, 914.4, 959.6, 777.1, 749.4, 777.9, 593.7, 447.7, 489.8, 493.6, 546.2, 714.1, 670.3, 586.0, 680.1, 782.2, 605.9, 615.2, 548.1, 545.5, 579.8, 673.7, 608.2, 491.7, 477.5, 519.8, 556.4, 468.1, 528.7, 535.3, 548.9, 781.9, 697.7, 664.4, 607.9, 611.7, 683.1, 650.5, 591.6, 705.1, 701.2, 779.9, 695.3, 888.8, 832.2, 753.7, 1125.9, 1206.0, 1704.8, 1677.4, 942.8, 1090.0, 983.8, 1337.3, 630.8, 566.1, 520.1, 565.7, 588.3, 433.5, 491.5
mag, 18.29, 18.15, 19.78, 19.86, 19.45, 19.21, 19.16, 17.36, 17.02, 17.18, 17.36, 17.2, 17.29, 17.1, 17.1, 17.33, 17.18, 17.13, 17.16, 17.11, 17.34, 17.12, 17.46, 16.98, 17.14, 17.39, 17.49, 17.54, 17.65, 17.64, 17.48, 17.65, 18.27, 18.25, 18.06, 18.12, 17.88, 17.76, 18.04, 18.1, 18.0, 17.92, 18.34, 18.15, 18.16, 18.83, 18.35, 18.49, 18.48, 18.41, 18.59, 18.73, 18.61, 18.05, 17.65, 18.68, 18.88, 18.98, 18.48, 18.61, 18.61, 18.76, 18.81, 19.48, 19.26, 19.53
dmag, 0.11, 0.08, 0.26, 0.26, 0.28, 0.21, 0.22, 0.23, 0.29, 0.07, 0.05, 0.03, 0.03, 0.03, 0.03, 0.12, 0.09, 0.07, 0.07, 0.07, 0.08, 0.06, 0.08, 0.06, 0.05, 0.1, 0.11, 0.08, 0.04, 0.04, 0.04, 0.05, 0.07, 0.07, 0.06, 0.06, 0.07, 0.06, 0.07, 0.07, 0.08, 0.08, 0.11, 0.12, 0.1, 0.21, 0.16, 0.15, 0.13, 0.12, 0.15, 0.23, 0.2, 0.16, 0.11, 0.18, 0.21, 0.22, 0.16, 0.11, 0.1, 0.11, 0.11, 0.25, 0.16, 0.2
