ZTF 2018ciw req00381098 224.878291666667 28.1830166666667 0.056
++++++++++++++++++++++++++++++++++++++++++++++++++++++++++++++++
t0, 58276.69273398272, 0.3675206017214805
x0, 0.0008816448725212003, 0.00023418613992398619
x1, -3.9234543006911, 0.41479244883188926
c, -0.27303902539145153, 0.20333453487369876
mu, 37.845133572456604, 1.0880342518896557
hostMass, 12.38697996711908, 0.004384734224813007
++++++++++++++++++++++++++++++++++++++++++++++++++++++++++++++++
zp, 23.8079, 26.2248, 26.1936, 25.5907, 26.2144, 26.1995, 25.9147, 25.5728, 26.275, 26.275, 25.5518, 26.275, 26.275, 26.275, 26.2124, 26.275, 25.5503, 26.2122, 26.217, 25.5778, 26.1866, 26.0645, 26.0433, 25.9537, 26.2108, 25.4863
filters, ZTF_i, ZTF_r, ZTF_r, ZTF_i, ZTF_r, ZTF_r, ZTF_r, ZTF_i, ZTF_r, ZTF_r, ZTF_i, ZTF_r, ZTF_r, ZTF_r, ZTF_r, ZTF_r, ZTF_i, ZTF_r, ZTF_r, ZTF_i, ZTF_r, ZTF_r, ZTF_r, ZTF_r, ZTF_r, ZTF_i
time, 58214.36912039993, 58219.32472220017, 58222.36043980019, 58227.37807870004, 58231.309375000186, 58232.35771990009, 58245.337256900035, 58249.29827550007, 58276.2775347, 58276.27846059995, 58277.169803199824, 58277.274455999956, 58279.25512730004, 58279.25607640017, 58280.29565969994, 58283.226736099925, 58290.17393520009, 58291.25548609998, 58294.27019680012, 58294.33912040014, 58297.27008099994, 58306.192569400184, 58311.17101849988, 58330.29703699984, 58336.20740740001, 58350.22145830002
flux, 85.0601648682419, 12.7645797040608, 131.79393976045, 49.711298785954, 2.96983763686379, 236.362726200982, 222.168783498246, 229.438535905513, 1161.04465333238, 1209.51815214471, 323.128905391176, 1130.09017419284, 1147.23861965433, 1132.19317222443, 1031.49815931968, 1073.27643703298, 357.367721365763, 561.52967769001, 476.054453962572, 48.3235427549151, 332.289299924815, 154.45039227359, 55.6831744382401, 69.4674807510892, 24.9682719321041, 2.35685333986568
dflux, 61.9815281267867, 30.1048028295203, 34.7804055884366, 30.9161701858493, 36.3389776953653, 48.1040901569366, 50.8762563504158, 56.5044918633224, 30.1591103537056, 29.7105318601488, 34.8566764224396, 29.0780996286754, 31.134268079021, 34.3026886326766, 32.7343024622009, 33.4245042010707, 40.2367131281972, 51.8510581798775, 52.5393067091805, 46.4394996895512, 59.224016113632, 28.5365711530648, 29.4317582080267, 58.0307322456816, 29.8466232914641, 34.5974997430184
mag, 18.983584449619933, 23.459783701309572, 20.893861398275853, 21.34956222521403, 25.032568233055112, 20.265552523808108, 20.047992407444404, 19.67113409331466, 18.61287769285225, 18.568469023676656, 19.278360476432326, 18.64221725281386, 18.625865604285565, 18.640198671222173, 18.678728856691976, 18.698221012848926, 19.167511692431344, 19.33876821419463, 19.52285841807875, 21.367403084223252, 19.88280910812151, 20.59252746084661, 21.678990035069138, 21.349246126491206, 22.71732878592398, 24.555468603796047
dmag, 4.480655698427488, 3.6965894678853424, 3.8533366054514446, 3.725464223289659, 3.900931763435353, 4.20545501198797, 4.2662878673431885, 4.38020743432349, 3.6985463159572824, 3.6822760658824594, 3.855714937126633, 3.658915050537284, 3.7330966513777963, 3.8383204030641997, 3.7875077273542415, 3.8101624347986967, 4.011556241713306, 4.286894059816133, 4.301210844214022, 4.1672188306789595, 4.431244636341808, 3.6385044718095916, 3.672040517399557, 4.409145126577298, 3.6872380104526896, 3.8476117869353392
