ZTF 2018gro req00381106 332.955 38.7004166666667 0.0217
++++++++++++++++++++++++++++++++++++++++++++++++++++++++++++++++
t0, 58388.5086291352, 6.395385127198097
x0, 7.857765281578438e-05, 0.00011112536861825855
x1, 1.9420776645741245, 6.586421919578744
c, 0.6417050675295998, 0.38628459266227055
mu, 38.64160915167166, 1.4825049220478506
hostMass, 10.817750899221942, 0.0005965220878086435
++++++++++++++++++++++++++++++++++++++++++++++++++++++++++++++++
zp, 26.2253, 26.2379, 26.0914, 26.2256, 26.2509, 26.2486, 26.2481, 26.2879, 26.2866, 26.2091, 26.1922, 26.201, 26.1935, 26.2626, 26.2872, 26.2853, 26.2884, 26.2412, 26.2837, 26.291, 26.2794, 26.2974, 26.281, 26.2797, 26.2695, 26.2892, 26.2646, 26.0845, 26.1859, 26.1849, 25.845, 26.1439, 26.1232, 26.1802, 26.1805, 26.2144, 26.2171, 26.1869, 26.2174, 26.2088, 26.201, 26.1964, 26.1983, 26.1363, 26.1617, 26.1074, 25.9706, 26.1685, 26.1995, 26.162, 26.1676, 26.1472, 26.1442, 26.1614, 26.1169, 26.1462, 26.1559, 26.1498, 26.1545, 25.5481, 26.1609, 26.1583, 26.1367, 26.1728, 26.1637, 26.1617, 26.1502, 26.1707, 26.182, 26.1828, 26.1777, 26.168, 26.1654, 26.1585, 26.1381, 26.2161, 26.3278, 26.3341
filters, ZTF_r, ZTF_r, ZTF_r, ZTF_r, ZTF_r, ZTF_g, ZTF_g, ZTF_r, ZTF_r, ZTF_g, ZTF_g, ZTF_g, ZTF_g, ZTF_r, ZTF_r, ZTF_r, ZTF_r, ZTF_r, ZTF_r, ZTF_r, ZTF_r, ZTF_r, ZTF_g, ZTF_r, ZTF_g, ZTF_r, ZTF_r, ZTF_g, ZTF_r, ZTF_r, ZTF_r, ZTF_r, ZTF_r, ZTF_r, ZTF_r, ZTF_r, ZTF_r, ZTF_g, ZTF_r, ZTF_r, ZTF_r, ZTF_r, ZTF_r, ZTF_r, ZTF_r, ZTF_r, ZTF_r, ZTF_r, ZTF_r, ZTF_g, ZTF_r, ZTF_g, ZTF_g, ZTF_g, ZTF_g, ZTF_g, ZTF_r, ZTF_r, ZTF_g, ZTF_r, ZTF_r, ZTF_r, ZTF_r, ZTF_r, ZTF_r, ZTF_g, ZTF_g, ZTF_g, ZTF_r, ZTF_r, ZTF_r, ZTF_g, ZTF_g, ZTF_g, ZTF_g, ZTF_g, ZTF_g, ZTF_r
time, 58327.38572920021, 58330.41351850005, 58332.3823958002, 58333.34604169987, 58334.41384259984, 58336.28717589984, 58336.28762729978, 58336.37026620004, 58336.370729200076, 58338.39035880007, 58344.3714815001, 58348.37543979986, 58350.31149310013, 58353.31744210003, 58354.29736110009, 58356.3192245001, 58357.329201399814, 58359.33216439979, 58360.31215280015, 58361.323958300054, 58362.35452549998, 58372.32690969994, 58374.289791699965, 58378.26908560004, 58379.20708330022, 58379.271006899886, 58443.07101849979, 58443.30398150021, 58632.48056709999, 58632.48101849994, 58686.39202550007, 58695.3433333002, 58695.34378470015, 58700.433553200215, 58700.43400460016, 58706.34876159998, 58706.34921299992, 58708.395937500056, 58711.390150499996, 58712.392777800094, 58715.39048610022, 58716.40456019994, 58716.40501159988, 58719.39019680023, 58722.330578700174, 58728.262881900184, 58728.26333330013, 58745.37416670006, 58757.250740699936, 58762.26538190013, 58763.299872700125, 58765.28583330009, 58765.286284700036, 58766.25956019992, 58768.29748839978, 58771.20520830015, 58771.28156250017, 58771.28201390011, 58772.19959490001, 58773.2141435002, 58774.24951389991, 58774.24996529985, 58777.32836809987, 58779.24839119986, 58779.24885419989, 58781.1900231, 58781.19047449995, 58783.19065969996, 58787.19391199993, 58790.18166670017, 58790.182118100114, 58796.16032409994, 58798.14386569988, 58798.144317099825, 58811.080277800094, 59867.289745400194, 59878.2083796002, 59880.16687500011
flux, 3.0453306677349383, 0.1219765504175696, 0.3081777740680821, 3.350748241289076, 0.21715339827668217, 3.0787531353261275, 1.6172527217780233, 2.76088687617783, 2.4539882414913747, 4.897422446014776, 2.770354965707551, 1.9930920056518981, 4.924648457541676, 3.563779471775393, 2.175773702641992, 1.7443416620345358, 0.03841292037370792, 0.03667337495341252, 12.778515549140694, 0.4944842528665047, 0.7938113797178586, 45.31361755033818, 48.88080404086131, 190.21327734190413, 122.6087213837331, 218.03296189869104, 14.964702995908944, 13.124424660106557, 0.7526967726075354, 2.2980233445593075, 12.460040176786025, 0.890730557482057, 1.8949943295647278, 2.3413854704510184, 2.495524391173304, 2.846568996032135, 4.455061765855628, 0.8659236995141658, 0.823761638873076, 1.1549554340101529, 2.06362963891197, 3.2310410045957068, 1.7805978719281415, 2.3779606979223793, 0.8133742918228613, 2.513944329299885, 0.7668754899959049, 1.8313178110038186, 3.318264554151805, 0.32837740471899207, 2.7948215873882822, 5.517869167481692, 2.9210347068355915, 4.219367247341189, 5.787816655475006, 8.086151881685048, 7.124025669612909, 6.140287764787776, 1.7059708264538065, 6.642729290517408, 11.59352685702351, 7.091069450434061, 5.040285738150682, 2.970521678442546, 3.8868202956071864, 2.739174146793156, 8.670027298022552, 3.3050632132675752, 3.621097793165126, 3.8312615282018347, 5.364015174821082, 4.565761339778641, 11.262185893952168, 0.1075862834989238, 1.2638427452323775, 3.1475077202057586, 3.8703472570281754, 3.2907592977189712
dflux, 64.7866480601858, 43.1087514498038, 36.7986657766816, 35.6658381332327, 27.5682183706683, 29.2181542130793, 27.1958558694829, 28.6804462755474, 26.9914310415973, 28.37649600739, 26.6461963726496, 20.9773658855792, 47.0553026583555, 42.116081500218, 40.2558970827442, 52.9492092655696, 61.003392643681, 54.0986969948029, 70.1941017181873, 33.93543257041, 31.1167792916495, 32.3185808368843, 28.6756593962704, 40.5550171259551, 33.7500191633139, 37.3732749694743, 40.5399053806585, 89.9142297868469, 32.1943441747229, 35.3948766336962, 44.9862960433961, 25.7710668382492, 27.1623602676474, 22.8343092023926, 23.0725293646478, 31.9076475771508, 29.9530728694392, 46.7868557757538, 46.5957590995716, 50.4608988040001, 34.3424062906475, 33.7672942979937, 32.2782814552338, 27.9372082305855, 24.3052622883071, 29.222497483351, 30.024798197546, 44.4931703910296, 29.3374113960851, 31.1245664222299, 35.0467360630508, 40.5495332334258, 41.1154760516069, 56.6299615548539, 82.8213069066854, 70.0813485919093, 63.9941673075707, 61.0078299664495, 66.8712572298222, 55.5606150869224, 53.5992961720325, 54.2695815119945, 54.5656012515804, 28.6610997624928, 34.1548537240623, 42.7585865596429, 45.2482662397725, 26.2899255612302, 48.0458101411053, 33.7579300222769, 39.1567512609465, 62.6053293964657, 63.2635733460688, 63.6377471079409, 30.2887041183244, 46.7669857708294, 31.2059075600058, 35.2725559140747
mag, 22.6909138598965, 26.18430913239329, 25.17799671504703, 22.58714550421543, 25.558083424719804, 22.67906283219461, 23.378055273212258, 22.797378469148153, 22.925318806414186, 22.175081081561505, 22.793661452996467, 23.15118163204376, 22.16906191464125, 22.52022294533809, 23.055965691557574, 23.295921115877274, 27.43880668496565, 27.48912280307788, 21.133798985604727, 24.66461883550611, 24.150706698841578, 19.759428162835214, 19.677154147480582, 18.20189792886627, 18.678696591385048, 18.053694613596434, 20.9623297454253, 21.104799314551222, 24.208449865294092, 22.996613909569948, 21.161201393283545, 24.0256341212086, 23.205980213108415, 22.976317702507046, 22.907095452492836, 22.76419571289748, 22.27786567610238, 24.056300934909988, 24.110496090592274, 23.743586933665274, 23.11342060798214, 22.626643825973648, 23.273585375010633, 22.95948831880182, 24.124273895958137, 22.899110859729333, 24.188187856089783, 23.24309070179615, 22.597722480206436, 25.10906683460212, 22.78411477721301, 22.045571502897957, 22.736158207105976, 22.33688168159594, 21.99371308692701, 21.630645263999106, 21.76818631084092, 21.929528187891826, 23.32007099977127, 21.844133614730108, 21.239461068947264, 21.773220652734658, 22.14386210581846, 22.717918184641714, 22.426013845508475, 22.805950889986594, 21.55494883780835, 22.60205057425012, 22.502899365630434, 22.441645503376783, 22.076275005494544, 22.251216983935574, 21.270943271147765, 26.32060773664736, 23.645767400431712, 22.655082989953627, 22.43062516817279, 22.606759707432907
dmag, 4.528713777358969, 4.08641361162829, 3.9145801814440335, 3.880631085567287, 3.601021750521114, 3.664131942377458, 3.586256827168726, 3.6439647619716005, 3.5780647768779072, 3.632396916967951, 3.5640880603985776, 3.3043773830019085, 4.181521427830116, 4.061119893581965, 4.012073772809438, 4.30964869703114, 4.463384971357161, 4.3329670123606085, 4.615751551732496, 3.8266334736407828, 3.732486598666135, 3.7736307048044826, 3.6437835332047577, 4.020111472837328, 3.820685059400507, 3.9314028903862095, 4.019706826808493, 4.884571071070138, 3.7694489564559035, 3.8723510074131, 4.13270059226405, 3.527830993251007, 3.5849187629421824, 3.3964696939929766, 3.4077380184760333, 3.7597369664597666, 3.6911034576133543, 4.175309650535347, 4.170865978234268, 4.257387454640431, 3.839576804678546, 3.821240657323815, 3.7722760104180626, 3.615457512084133, 3.4642507802256217, 3.6642933247595098, 3.693700242769646, 4.120733381996155, 3.6685544774156913, 3.7327582756213635, 3.861618944785844, 4.019964648506394, 4.035013307653525, 4.382615666978186, 4.795355198290917, 4.614006126178787, 4.51535098099206, 4.463463943797254, 4.563098720847124, 4.3619176124343575, 4.322897717207233, 4.33639118156375, 4.342297362506043, 3.643232127018148, 3.8336310742745123, 4.07755835152115, 4.1390048579179695, 3.549473391055871, 4.204138801971005, 3.8209395214640063, 3.9820166307100093, 4.491528262297635, 4.502884296828286, 4.5092869910791835, 3.7032017318382366, 4.174848449077386, 3.7355920441686328, 3.8685923264554316
