ZTF 2018hkw 39.5949166666667 -11.7391611111111 0.027
++++++++++++++++++++++++++++++++++++++++++++++++++++++++++++++++
t0, 2458419.7655675053, 19.45726342801936
x0, 0.0004049624821853896, 0.00044640596779465375
x1, 1.672188474494254, 8.126132946692751
c, 0.35725405246201064, 0.7696213912117137
mu, 37.6676907857711, 1.6548351643984816
hostMass, 10.363890745262498, 0.0009738245140280028
++++++++++++++++++++++++++++++++++++++++++++++++++++++++++++++++
zp, 26.2057, 26.1369, 26.2686, 26.3037, 26.2381, 26.1614, 26.153, 26.1302, 26.1225, 26.1161, 26.246, 26.244, 26.3316, 26.3168, 26.243, 26.2819, 26.243, 26.2486, 25.6484, 26.0744, 26.3082, 26.2907, 26.3245, 26.3224, 24.6238, 24.9927, 26.2558, 26.2563, 26.3293, 26.326, 26.3257, 26.1562, 26.2858, 26.2763, 26.2523, 26.2597, 26.3977, 26.3299, 26.2995, 26.2847, 26.3849, 26.4361, 26.3752, 26.4088, 26.4012, 26.4026, 26.4159, 26.3229, 26.3155, 26.3671, 25.9731
filters, ZTF_g, ZTF_r, ZTF_r, ZTF_g, ZTF_r, ZTF_g, ZTF_g, ZTF_g, ZTF_g, ZTF_g, ZTF_g, ZTF_g, ZTF_g, ZTF_g, ZTF_g, ZTF_g, ZTF_g, ZTF_g, ZTF_g, ZTF_r, ZTF_g, ZTF_g, ZTF_g, ZTF_g, ZTF_g, ZTF_g, ZTF_g, ZTF_g, ZTF_g, ZTF_g, ZTF_r, ZTF_r, ZTF_g, ZTF_g, ZTF_g, ZTF_g, ZTF_r, ZTF_g, ZTF_g, ZTF_g, ZTF_g, ZTF_r, ZTF_r, ZTF_r, ZTF_r, ZTF_r, ZTF_r, ZTF_g, ZTF_g, ZTF_g, ZTF_r
time, 2458384.8957986, 2458439.8099421, 2458443.6711111, 2458443.7688079, 2458745.9675231, 2458746.9696644, 2458746.9701157, 2458749.9742014, 2458749.9746528, 2458768.9411227, 2459084.9772222, 2459084.9776968, 2459091.9261343, 2459091.9313079, 2459092.9372222, 2459121.8860185, 2459122.9046644, 2459122.9051389, 2459128.8484954, 2459128.914919, 2459129.8748611, 2459129.8753356, 2459130.9155208, 2459130.9159954, 2459131.8951042, 2459131.8955787, 2459135.8010995, 2459135.8034375, 2459136.9079514, 2459136.9093519, 2459138.8333912, 2459139.788206, 2459140.8907523, 2459140.8912153, 2459141.8112384, 2459141.8117014, 2459143.8318981, 2459143.8737963, 2459144.8472801, 2459145.7648843, 2459151.7823611, 2459153.8692245, 2459157.8528588, 2459165.740787, 2459165.74125, 2459168.798588, 2459169.8109838, 2459169.8655208, 2459169.8659954, 2459172.8106366, 2459176.7867708
flux, 90.5917856265623, 506.357083995388, 564.259953532144, 250.489799996845, 96.5483232960543, 48.0564513720221, 10.7655700085397, 89.2941579749106, 48.5610104112184, 31.0444646146859, 61.7398113770082, 90.042139481428, 79.7399042697457, 27.4168267202747, 8.21069445962772, 0.871042587638608, 51.6085864075363, 21.4427589824985, 263.406821796651, 43.6368840678785, 87.195821525328, 94.6688472966005, 64.9189131945002, 24.7045301820129, 49.342991940975, 53.5093731191952, 108.339555153678, 88.8829139630475, 8.56045818689247, 33.0934921777534, 80.8987961498917, 52.1134746461538, 119.743932761272, 55.531579763242, 65.1481816064113, 43.0465786633316, 43.7863741943542, 30.073999305799, 34.0811538728364, 54.5108675457823, 28.0855338659976, 297.007804521641, 5.37524186580305, 45.2000737506991, 43.3765538895117, 70.4739080999128, 115.535235610402, 5.77094973536872, 64.9654668697981, 43.0769843752772, 4.42445906016105
dflux, 69.4235525281633, 47.6538839239141, 96.850495510143, 92.8177744911126, 62.4799476187186, 56.2305811780549, 51.7082363921237, 37.1598460037202, 33.695166794496, 94.9504931350023, 26.4420216044105, 25.1468671782088, 43.0305688095762, 40.2744756341868, 62.3364403964874, 70.0848512130535, 85.6978329901819, 81.5926650333559, 90.9252763096834, 83.4083329151326, 50.7009032548994, 48.7795062543105, 46.1182449442434, 43.7149165433395, 46.4618087207708, 47.3881765147286, 26.760379557419, 25.2998234694258, 28.4348061868033, 27.1434789618008, 36.2586233601604, 30.4423550671836, 34.8395749622419, 31.9211264107304, 25.6825434398813, 25.7511102750859, 26.192005576792, 27.4579961911026, 22.2234135515755, 28.4498663305623, 103.535805778078, 107.218195789211, 65.5495713754576, 34.9685272203818, 35.753687403043, 44.657657093918, 43.7656728933085, 42.2364331037459, 45.1207782547162, 34.6666374046539, 70.3716058403562
mag, 21.312977950035073, 19.375757774527507, 19.389901928095778, 20.30672488502353, 21.276238159957305, 21.95702075478583, 23.572907426210683, 21.253142384196714, 21.906780713632894, 22.38613956372703, 21.76958675419221, 21.357885485813085, 21.577410725143622, 22.72175703192839, 23.957050271869722, 26.431801526590235, 21.961195090932673, 22.920398339683924, 19.596832454317536, 21.974765670440657, 21.456960815534767, 21.35018227722804, 21.79357189823829, 22.840458502210083, 20.390736300874302, 20.671625342264843, 21.16883237993692, 21.384254289496077, 23.998057474196806, 22.52664350416865, 21.555844852624112, 21.863824923620065, 21.09016620595372, 21.91494992883885, 21.717544254150273, 22.17485340127393, 22.294352539541904, 22.63442203658708, 22.468214274777836, 21.943492265195488, 22.76369329097456, 20.254180346268, 24.54920497335863, 22.27095214142865, 22.308062385197044, 21.782529110558468, 21.259113864160106, 24.419781770885365, 21.78379359044062, 22.28148676825278, 24.358449547753104
dmag, 4.603767083836265, 4.195245756558847, 4.965254617536387, 4.919077877622514, 4.48935164192539, 4.374931430590948, 4.283899313960708, 3.9251847638507584, 3.8189190262870305, 4.943743061578172, 3.555736639333259, 3.501209719805552, 4.084442717357648, 4.012574736746658, 4.4868549977273835, 4.614060389226425, 4.832424600540055, 4.779127796433677, 4.89671157372816, 4.803023602561945, 4.262539241288184, 4.220593500188557, 4.159681929040743, 4.101574134021268, 4.167740281318746, 4.189174993692603, 3.5687306724520598, 3.5077937271962907, 3.6346256810582354, 3.5841637753214144, 3.8985282777746595, 3.7086956177101134, 3.855182120095742, 3.760195520084362, 3.5240950783992853, 3.5269898966418762, 3.5454218863442355, 3.5966721011065266, 3.3670269201249656, 3.635200575594371, 5.037726419474091, 5.075671237185389, 4.541424640527417, 3.859193353468952, 3.883302096895988, 4.1247398365903525, 4.102834025234196, 4.064218086505593, 4.135941454655295, 3.8497792949812535, 4.618493653739024
