ZTF 2020mfd req00381117 259.030995833333 40.7865361111111 0.048
++++++++++++++++++++++++++++++++++++++++++++++++++++++++++++++++
t0, 58261.45380676698, 1.0521570122036792
x0, 1.6840217312697905e-05, 2.528290781226476e-06
x1, 4.999999681280515, 0.5330599325164429
c, 0.7210853202964453, 0.11870943173582452
mu, 40.545296467991804, 1.088946609955498
hostMass, 10.501635412079967, 0.0016352035078946753
++++++++++++++++++++++++++++++++++++++++++++++++++++++++++++++++
zp, 26.3804, 26.3802, 26.275, 26.3741, 26.3569, 26.3633, 26.3211, 26.3608, 26.3627, 26.3105, 26.3121, 26.3311, 26.3221, 26.3429, 26.2792, 26.2696, 26.3163, 26.3558, 25.8651, 25.9716, 26.2411, 26.2157, 26.3378, 26.3446, 23.9436, 26.3102, 26.3304, 26.3225, 26.2986, 26.3071, 26.313, 26.1971, 26.275, 26.275, 23.1074, 26.275, 26.325, 26.325, 26.325, 26.275, 26.325, 25.704, 26.3236, 26.319, 26.325, 26.1697, 26.1417, 26.325, 26.325, 26.325, 26.325, 26.325, 26.3038, 26.325, 26.325, 26.231, 26.325, 26.325, 26.3182, 26.325, 26.275, 26.275, 26.275, 25.7108, 24.5914, 23.8641, 24.2309, 26.3072, 26.3114, 26.325, 26.315, 26.325, 26.275, 26.275, 26.275, 26.325, 26.325, 25.7804, 26.3311, 26.275, 26.275, 26.3366, 26.275, 26.275, 26.3025, 22.4341, 26.1814, 26.1884, 26.275, 26.275, 26.275, 26.3004, 25.7656, 26.1855, 26.325, 26.275, 26.275, 26.325, 26.325, 26.275, 26.275, 26.275, 26.325, 26.325, 26.3108, 26.275, 26.275, 26.275, 26.325, 26.325, 26.325, 26.325, 26.275, 26.275, 26.275, 26.181, 26.325, 26.325, 26.275, 26.275, 26.275, 26.325, 26.275, 26.275, 26.325, 26.325, 26.325, 26.275, 26.275, 25.7596, 26.325, 26.325, 26.275, 26.275, 26.275, 26.275, 26.3259, 26.325, 26.325, 26.325, 26.275, 26.325, 26.325, 26.325, 26.275, 26.275, 26.325, 26.325, 26.325, 25.7736, 26.275, 26.275, 26.275, 26.275, 26.325, 26.325, 26.275, 26.275, 26.275, 26.325, 26.325, 26.325, 26.325, 26.325, 26.275, 26.275, 26.275, 26.325, 26.325, 26.275, 26.275, 26.275, 26.325, 26.325, 26.275, 26.275, 26.275, 26.325, 26.275, 26.275, 26.275, 26.275, 26.325, 26.3614, 26.3496, 26.3489, 26.3331, 26.3311, 26.3282, 26.3369, 26.3265, 26.2691, 26.278, 26.2904, 26.3289, 26.3315, 26.3381, 26.3323, 26.3369, 26.3298, 26.3094, 26.2897, 26.3465, 26.3473, 26.3417, 26.3196, 26.3534, 26.3518, 26.3523, 26.3458, 26.3419, 26.3516, 26.3464, 25.7932, 26.3096, 26.3251, 26.3211, 28.6047, 26.3443, 26.3309, 26.3342, 26.1714, 26.3176, 26.2922, 26.2911, 26.2556, 26.2589, 26.2415, 26.254, 26.2862, 26.2882, 26.2911, 26.2834, 26.2902, 26.2812, 26.2969, 26.2879, 26.2154, 26.292, 26.2888, 26.1634, 26.1356, 26.2208, 26.2122, 26.1326, 26.2191, 26.2157, 26.2297, 26.2241, 25.8816, 25.5491, 26.1473, 26.1882, 26.1851, 25.7819, 25.8069, 25.659, 26.1814, 26.2328, 26.0581, 26.2292, 26.1956, 26.0743, 26.3282, 26.3152, 26.288, 26.3262, 26.3318, 26.2882, 26.3355, 26.3159, 25.7472, 26.3316, 26.3345, 26.3245, 26.3222, 26.3679, 26.3518, 26.2001, 26.1412, 26.2008, 26.251, 26.2477, 26.242, 26.3186, 26.295, 25.7326, 26.2862, 26.3156, 26.3258, 26.2033, 26.2057, 26.2672, 26.2747, 26.2824, 24.4418, 26.2375, 25.6301, 26.2152, 26.2061, 26.1773, 26.2361, 26.2534, 26.2175, 26.2671, 26.2827, 26.2653, 25.882, 26.1899, 26.2458, 26.233, 26.2593, 25.3656, 26.2758, 25.647, 26.3458, 26.0812, 25.329, 26.2855, 26.2356, 26.28, 26.2409, 26.2333, 26.2828, 26.2693, 26.2499, 26.3104, 26.3259, 26.3079, 26.2516, 26.2243, 26.2169, 26.34, 26.3296, 26.2708, 25.6927, 26.1869, 26.2722, 26.2633, 26.2834, 26.3295, 26.3405, 26.3325, 26.3224, 26.3176, 26.304, 26.3291, 26.3349, 26.2444, 26.3195, 26.3136, 26.3198, 26.3351, 26.3414, 26.3135, 26.3506, 26.3458, 26.3388, 26.3429, 26.1433, 26.2087, 26.3121, 26.3229, 26.3142, 26.3344, 26.3279, 26.356, 26.3561, 26.3573, 26.3193, 25.7677, 26.2701, 26.2962, 26.2977, 26.3025, 26.2964, 26.2145, 26.2848, 26.2819, 26.2611, 26.2155, 26.2903, 26.2564, 25.7443, 26.2997, 26.2131, 26.3227, 26.3251, 26.3234, 26.2475, 26.3202, 26.3064, 26.2967, 26.2337, 26.196, 26.1922, 26.3414, 26.3397, 26.3309, 26.3149, 26.35, 26.3458, 26.3448, 26.3041, 26.2875, 25.7526, 26.3476, 26.2987, 26.3434, 26.3493, 26.3507, 26.3084, 26.3067, 26.2957, 26.3539, 26.3372, 26.315, 26.3388, 26.3291, 26.2719, 26.2416, 26.3229, 26.3299, 26.3222, 26.3152, 26.2802, 26.2675, 26.1989, 26.3251, 26.3266, 26.32, 26.2311, 26.3441, 26.2857, 25.7807, 26.2906, 26.3218, 26.319, 26.2991, 26.3562, 26.3445, 26.3346, 26.3385, 26.2692, 26.197, 26.3414, 26.339, 26.2899, 26.2897, 26.223, 26.2804, 26.2477, 26.1241, 26.2616, 26.3018, 26.3097, 26.2863, 26.28, 26.282, 26.2578, 26.3312, 26.3086, 26.3173, 26.2561, 26.3172, 26.1864, 26.2993, 26.2842, 26.2786, 26.26, 26.2625, 26.1674, 26.2034, 26.2106, 26.3183, 26.2954, 26.285, 26.2917, 26.2107, 26.2299, 25.6722, 26.1732, 26.0844, 26.2299, 26.2479, 26.2405, 25.6831, 25.4202, 22.6494, 25.0697, 26.2917, 26.3083, 26.3412, 26.2916, 26.34, 26.3392, 22.8038, 26.206, 22.4968, 26.0502, 26.1842, 26.334, 26.326, 26.2608, 26.3286, 26.2436, 26.1912, 26.018, 26.3277, 26.3304, 26.3121, 26.3182, 26.3287, 26.3192, 26.3407, 26.2474, 26.2732, 26.2122, 24.3658, 24.6, 26.3001, 25.6451, 26.1337, 25.7421, 22.5797, 25.2918, 26.2515, 26.2697, 26.2927, 26.2978, 26.2902, 26.2915, 26.2766, 26.2707, 26.2902, 26.2629, 26.3027, 24.8554, 26.0903, 26.0301, 24.8565, 25.0499, 26.3137, 26.303, 26.2913, 25.4249, 25.5963, 25.2854, 25.0193, 25.8779, 25.7877, 26.0722, 26.0878, 26.0206, 26.3053, 26.3217, 26.3144, 26.2766, 26.1895, 26.2749, 26.2746, 26.2701
filters, ZTF_r, ZTF_r, ZTF_r, ZTF_r, ZTF_r, ZTF_r, ZTF_r, ZTF_g, ZTF_g, ZTF_g, ZTF_g, ZTF_g, ZTF_g, ZTF_g, ZTF_g, ZTF_g, ZTF_g, ZTF_g, ZTF_g, ZTF_g, ZTF_g, ZTF_g, ZTF_g, ZTF_g, ZTF_g, ZTF_r, ZTF_r, ZTF_r, ZTF_r, ZTF_r, ZTF_r, ZTF_r, ZTF_r, ZTF_r, ZTF_r, ZTF_r, ZTF_g, ZTF_g, ZTF_g, ZTF_r, ZTF_g, ZTF_i, ZTF_g, ZTF_g, ZTF_g, ZTF_g, ZTF_g, ZTF_g, ZTF_g, ZTF_g, ZTF_g, ZTF_g, ZTF_g, ZTF_g, ZTF_g, ZTF_g, ZTF_g, ZTF_g, ZTF_g, ZTF_g, ZTF_r, ZTF_r, ZTF_r, ZTF_r, ZTF_i, ZTF_g, ZTF_g, ZTF_g, ZTF_g, ZTF_g, ZTF_g, ZTF_g, ZTF_r, ZTF_r, ZTF_r, ZTF_g, ZTF_g, ZTF_i, ZTF_g, ZTF_r, ZTF_r, ZTF_r, ZTF_r, ZTF_r, ZTF_r, ZTF_r, ZTF_r, ZTF_r, ZTF_r, ZTF_r, ZTF_r, ZTF_g, ZTF_i, ZTF_r, ZTF_g, ZTF_r, ZTF_r, ZTF_g, ZTF_g, ZTF_r, ZTF_r, ZTF_r, ZTF_g, ZTF_g, ZTF_r, ZTF_r, ZTF_r, ZTF_r, ZTF_g, ZTF_g, ZTF_g, ZTF_g, ZTF_r, ZTF_r, ZTF_r, ZTF_r, ZTF_g, ZTF_g, ZTF_r, ZTF_r, ZTF_r, ZTF_g, ZTF_r, ZTF_r, ZTF_g, ZTF_g, ZTF_g, ZTF_r, ZTF_r, ZTF_i, ZTF_g, ZTF_g, ZTF_r, ZTF_r, ZTF_r, ZTF_r, ZTF_r, ZTF_g, ZTF_g, ZTF_g, ZTF_r, ZTF_g, ZTF_g, ZTF_g, ZTF_r, ZTF_r, ZTF_g, ZTF_g, ZTF_g, ZTF_i, ZTF_r, ZTF_r, ZTF_r, ZTF_r, ZTF_g, ZTF_g, ZTF_r, ZTF_r, ZTF_r, ZTF_g, ZTF_g, ZTF_g, ZTF_g, ZTF_g, ZTF_r, ZTF_r, ZTF_r, ZTF_g, ZTF_g, ZTF_r, ZTF_r, ZTF_r, ZTF_g, ZTF_g, ZTF_r, ZTF_r, ZTF_r, ZTF_g, ZTF_r, ZTF_r, ZTF_r, ZTF_r, ZTF_g, ZTF_r, ZTF_r, ZTF_r, ZTF_g, ZTF_g, ZTF_r, ZTF_r, ZTF_g, ZTF_g, ZTF_g, ZTF_g, ZTF_r, ZTF_r, ZTF_r, ZTF_r, ZTF_r, ZTF_r, ZTF_g, ZTF_g, ZTF_r, ZTF_r, ZTF_r, ZTF_g, ZTF_r, ZTF_r, ZTF_r, ZTF_g, ZTF_g, ZTF_r, ZTF_r, ZTF_i, ZTF_g, ZTF_r, ZTF_r, ZTF_g, ZTF_g, ZTF_r, ZTF_r, ZTF_r, ZTF_g, ZTF_g, ZTF_g, ZTF_g, ZTF_g, ZTF_r, ZTF_r, ZTF_g, ZTF_r, ZTF_r, ZTF_r, ZTF_r, ZTF_g, ZTF_r, ZTF_r, ZTF_g, ZTF_r, ZTF_r, ZTF_r, ZTF_g, ZTF_r, ZTF_g, ZTF_g, ZTF_g, ZTF_g, ZTF_r, ZTF_r, ZTF_r, ZTF_r, ZTF_g, ZTF_r, ZTF_r, ZTF_r, ZTF_r, ZTF_i, ZTF_r, ZTF_r, ZTF_g, ZTF_r, ZTF_r, ZTF_g, ZTF_r, ZTF_r, ZTF_g, ZTF_r, ZTF_r, ZTF_g, ZTF_r, ZTF_r, ZTF_g, ZTF_r, ZTF_r, ZTF_g, ZTF_g, ZTF_r, ZTF_r, ZTF_g, ZTF_r, ZTF_g, ZTF_g, ZTF_g, ZTF_g, ZTF_r, ZTF_r, ZTF_i, ZTF_g, ZTF_r, ZTF_r, ZTF_g, ZTF_g, ZTF_r, ZTF_r, ZTF_r, ZTF_r, ZTF_r, ZTF_i, ZTF_g, ZTF_g, ZTF_g, ZTF_r, ZTF_r, ZTF_r, ZTF_r, ZTF_r, ZTF_r, ZTF_g, ZTF_g, ZTF_g, ZTF_g, ZTF_r, ZTF_r, ZTF_g, ZTF_i, ZTF_r, ZTF_r, ZTF_g, ZTF_r, ZTF_g, ZTF_r, ZTF_g, ZTF_g, ZTF_r, ZTF_r, ZTF_r, ZTF_r, ZTF_r, ZTF_r, ZTF_g, ZTF_g, ZTF_g, ZTF_r, ZTF_r, ZTF_g, ZTF_i, ZTF_g, ZTF_r, ZTF_r, ZTF_r, ZTF_r, ZTF_r, ZTF_r, ZTF_r, ZTF_r, ZTF_r, ZTF_r, ZTF_r, ZTF_r, ZTF_r, ZTF_r, ZTF_r, ZTF_r, ZTF_r, ZTF_r, ZTF_r, ZTF_r, ZTF_r, ZTF_r, ZTF_r, ZTF_r, ZTF_r, ZTF_g, ZTF_g, ZTF_r, ZTF_r, ZTF_r, ZTF_r, ZTF_r, ZTF_g, ZTF_i, ZTF_r, ZTF_r, ZTF_r, ZTF_r, ZTF_r, ZTF_g, ZTF_r, ZTF_r, ZTF_r, ZTF_g, ZTF_g, ZTF_g, ZTF_i, ZTF_r, ZTF_g, ZTF_r, ZTF_r, ZTF_r, ZTF_g, ZTF_r, ZTF_r, ZTF_r, ZTF_g, ZTF_g, ZTF_g, ZTF_r, ZTF_r, ZTF_r, ZTF_g, ZTF_r, ZTF_r, ZTF_r, ZTF_g, ZTF_g, ZTF_i, ZTF_r, ZTF_g, ZTF_r, ZTF_r, ZTF_r, ZTF_g, ZTF_g, ZTF_g, ZTF_r, ZTF_r, ZTF_g, ZTF_r, ZTF_r, ZTF_g, ZTF_g, ZTF_r, ZTF_r, ZTF_r, ZTF_r, ZTF_g, ZTF_g, ZTF_r, ZTF_r, ZTF_r, ZTF_r, ZTF_g, ZTF_r, ZTF_r, ZTF_i, ZTF_g, ZTF_r, ZTF_r, ZTF_r, ZTF_g, ZTF_g, ZTF_r, ZTF_r, ZTF_g, ZTF_g, ZTF_r, ZTF_r, ZTF_r, ZTF_r, ZTF_g, ZTF_r, ZTF_r, ZTF_g, ZTF_g, ZTF_r, ZTF_r, ZTF_r, ZTF_g, ZTF_g, ZTF_r, ZTF_r, ZTF_r, ZTF_r, ZTF_g, ZTF_g, ZTF_g, ZTF_r, ZTF_r, ZTF_r, ZTF_r, ZTF_g, ZTF_g, ZTF_r, ZTF_r, ZTF_g, ZTF_g, ZTF_g, ZTF_r, ZTF_g, ZTF_r, ZTF_r, ZTF_g, ZTF_g, ZTF_r, ZTF_g, ZTF_r, ZTF_r, ZTF_i, ZTF_g, ZTF_g, ZTF_g, ZTF_g, ZTF_r, ZTF_g, ZTF_r, ZTF_r, ZTF_r, ZTF_g, ZTF_i, ZTF_g, ZTF_g, ZTF_r, ZTF_r, ZTF_g, ZTF_r, ZTF_g, ZTF_g, ZTF_r, ZTF_g, ZTF_g, ZTF_r, ZTF_r, ZTF_r, ZTF_r, ZTF_g, ZTF_r, ZTF_r, ZTF_r, ZTF_i, ZTF_g, ZTF_g, ZTF_i, ZTF_r, ZTF_g, ZTF_r, ZTF_i, ZTF_r, ZTF_r, ZTF_r, ZTF_g, ZTF_g, ZTF_g, ZTF_g, ZTF_r, ZTF_r, ZTF_g, ZTF_r, ZTF_r, ZTF_g, ZTF_r, ZTF_r, ZTF_r, ZTF_r, ZTF_r, ZTF_r, ZTF_g, ZTF_g, ZTF_g, ZTF_r, ZTF_g, ZTF_g, ZTF_r, ZTF_r, ZTF_g, ZTF_r, ZTF_r, ZTF_r, ZTF_g, ZTF_g, ZTF_r, ZTF_r, ZTF_r
time, 58198.45320599992, 58198.467523099855, 58198.49097219994, 58198.49192130007, 58198.50756940013, 58198.50851849979, 58198.53642359981, 58204.46784720011, 58204.52054399997, 58205.45119210007, 58205.46494209999, 58205.49457179988, 58205.519895799924, 58206.45518520009, 58206.518622700125, 58206.52053239988, 58207.40391199989, 58207.49776619999, 58208.41122689983, 58208.44321760023, 58208.49567130022, 58208.516099500004, 58209.47392359981, 58210.51988429995, 58214.40662040003, 58217.40767360013, 58217.42157409992, 58217.49843750009, 58218.39184030006, 58218.41113429982, 58218.433263900224, 58218.473217600025, 58222.38119209977, 58222.46170140011, 58224.41046300018, 58229.426400499884, 58230.3844792, 58230.405729200225, 58230.48440970015, 58231.29567130003, 58231.40396990022, 58232.35097219981, 58232.47282409994, 58232.47377309995, 58234.359849500004, 58234.45081020007, 58234.497002299875, 58235.41083330009, 58235.45347219985, 58236.3059605998, 58236.45730319992, 58236.473865699954, 58236.49100690009, 58237.327442099806, 58237.35055560013, 58237.353773099836, 58237.36420139996, 58237.44714119984, 58237.46937499987, 58237.49766199989, 58242.35783560015, 58243.31996530015, 58243.32087960001, 58244.36240739981, 58244.40950229997, 58245.319317100104, 58245.44590280019, 58246.34234949993, 58246.36458329996, 58247.34304400021, 58247.368414400145, 58248.350844900124, 58252.38476849999, 58252.38568289997, 58252.406967599876, 58252.43056710018, 58252.47706020018, 58254.39447919978, 58255.4144444, 58255.4556481, 58255.477580999956, 58256.44413190009, 58256.476967600174, 58257.29684029985, 58257.31890049996, 58259.29815969989, 58266.308634299785, 58266.30909720017, 58266.31688660011, 58266.33240740001, 58266.36719910009, 58266.40333329979, 58267.25724539999, 58268.3934491002, 58269.32003469998, 58269.34431710001, 58269.39232640015, 58270.26724540023, 58270.284027799964, 58270.35162039986, 58270.38152780011, 58271.39041669993, 58272.25748840021, 58272.25843749987, 58272.27625000011, 58272.307963000145, 58272.30891200015, 58272.32895829994, 58272.415370400064, 58273.26885419991, 58273.286597200204, 58273.303946800064, 58273.35002310015, 58273.37293979991, 58273.38714119978, 58273.41119210003, 58274.26950229984, 58274.287465299945, 58274.299328700174, 58274.32613429986, 58274.34356479999, 58274.38369210018, 58276.30964120012, 58276.32660879986, 58276.350208300166, 58276.365879599936, 58276.382129599806, 58276.43170139985, 58277.28829859989, 58277.308958299924, 58277.34770830022, 58277.36261569988, 58277.386377300136, 58277.409293999895, 58278.30018519983, 58278.32234949991, 58278.32326389989, 58278.35155089991, 58278.36392359994, 58278.39043979999, 58279.28207179997, 58279.32903939998, 58279.347395800054, 58280.26833330002, 58280.30846060021, 58280.32671299996, 58280.402048599906, 58281.25914350012, 58281.27699070005, 58281.305995400064, 58281.33096060017, 58281.34546299977, 58281.346469900105, 58281.37114580022, 58281.386655100156, 58281.387604199816, 58282.302824100014, 58282.32445599977, 58282.34293980012, 58282.368773099966, 58282.38401619997, 58282.41476849979, 58283.2865394, 58283.30619210005, 58283.32954860013, 58283.345972199924, 58283.36548609985, 58283.411863400135, 58284.2561458, 58284.30644680001, 58284.30736109987, 58284.319062499795, 58284.366238399874, 58284.36717589991, 58285.31157410005, 58285.3210880002, 58285.39133099979, 58286.24915509997, 58286.306909699924, 58287.27843749989, 58287.30666670017, 58287.31862269994, 58287.34240739979, 58288.28763889987, 58288.308009299915, 58288.320162000135, 58288.343020800035, 58288.36765050003, 58289.24311339995, 58289.264270800166, 58289.37317130016, 58290.20769680012, 58290.21679400001, 58290.238275500014, 58290.346180600114, 58290.365335599985, 58290.36628470011, 58290.39518520003, 58291.30351850018, 58291.32896990003, 58291.34777780017, 58291.43256939994, 58292.27660880005, 58292.30119210016, 58292.31881939992, 58292.35032409988, 58293.27957180003, 58293.2804744998, 58293.312268500216, 58293.34568289993, 58294.21537039988, 58294.28892360022, 58294.319583300035, 58294.34288189979, 58294.365833300166, 58295.269594899844, 58295.30791669991, 58296.22105319984, 58296.22828700021, 58296.286365699954, 58296.287766200025, 58297.34894679999, 58298.21643520007, 58299.19821760012, 58299.21939809993, 58300.21530089993, 58300.30326389987, 58300.32900460018, 58300.34496530006, 58301.30664349999, 58301.339780100156, 58301.36447919998, 58303.32462960016, 58303.346793999895, 58304.22383099981, 58304.32457179995, 58304.339884299785, 58305.22071760008, 58305.34019679995, 58305.34114579996, 58306.20247690007, 58306.332025500014, 58307.19711809978, 58307.21354170004, 58307.332361099776, 58308.221874999814, 58308.22329859994, 58308.24917820003, 58308.25008099992, 58308.327974500135, 58308.341319399886, 58310.33111110004, 58311.18787040003, 58311.19621529989, 58311.22313660011, 58311.224120399915, 58312.179837999865, 58312.22653939994, 58312.2473726999, 58312.341319399886, 58316.227291699965, 58316.2417708002, 58316.38295139978, 58318.34376160009, 58318.34467589995, 58319.19354170002, 58319.24252310023, 58319.25526619982, 58320.18201390002, 58320.25954859983, 58320.27947920002, 58320.405578699894, 58321.24336809991, 58321.27707180008, 58322.17244210001, 58322.1942245001, 58322.23499999987, 58322.2561458, 58323.364733799826, 58324.19763890002, 58324.257986099925, 58324.28871530015, 58325.175497699995, 58325.1969444002, 58325.2270717998, 58325.26188659994, 58325.30879630009, 58326.20114579983, 58326.29836810008, 58326.317569400184, 58327.183553200215, 58327.18451389996, 58327.28896989999, 58327.28991900012, 58327.31072920002, 58328.318171299994, 58329.32731480012, 58329.39609949989, 58330.17938659992, 58330.195081000216, 58330.27843749989, 58330.30828699982, 58330.329421299975, 58330.35174770001, 58331.17440970009, 58331.19906250015, 58331.214884299785, 58331.24736109981, 58331.286284700036, 58332.20039349981, 58332.21891199984, 58332.280729200225, 58332.29973379988, 58333.175162000116, 58333.37124999985, 58336.217731500044, 58340.179537000135, 58340.32612269977, 58343.158171299845, 58346.15503469994, 58346.179236100055, 58349.17153939977, 58349.192870399915, 58349.247789400164, 58349.257291700225, 58349.27605320001, 58350.16271989979, 58350.18284719996, 58350.20577549981, 58350.235046300106, 58350.267152800225, 58350.273287000135, 58351.16155089997, 58351.17603009986, 58351.23502309993, 58351.327326400205, 58352.1461920999, 58352.213356500026, 58352.21429400006, 58352.25664350018, 58353.18075230019, 58353.1949306, 58353.22624999983, 58353.244618100114, 58353.2548727002, 58353.28498840006, 58354.186782400124, 58354.19376160018, 58354.22570599988, 58354.2477545999, 58355.24957180023, 58355.26738430001, 58356.24664349994, 58357.253298600204, 58357.286886599846, 58358.20023149997, 58358.201180600096, 58358.225463000126, 58358.241169000044, 58359.21472219983, 58359.25401620008, 58360.26708329981, 58361.166203700006, 58361.19665510021, 58361.24500000011, 58361.26362269977, 58362.1380671002, 58362.15678239986, 58362.17446759995, 58362.20078699989, 58362.276713000145, 58363.21929399995, 58364.14258099999, 58364.15662040003, 58364.157569400035, 58364.17460650019, 58364.24018519977, 58365.13576389989, 58365.159293999895, 58365.17820600001, 58365.24379630014, 58366.19886570005, 58366.23671300011, 58366.28218750004, 58367.19488430023, 58367.24577549985, 58368.136701399926, 58368.15167819988, 58368.1755903, 58368.24712960003, 58369.14064810006, 58369.14962959988, 58369.17642359994, 58369.21936339978, 58369.24574070005, 58369.25326390006, 58370.141319400165, 58370.16208329983, 58370.16302079987, 58370.186122700106, 58371.13740740018, 58371.15186339989, 58371.18336809985, 58371.1964004999, 58371.23315969994, 58371.2875926001, 58372.18569440022, 58372.21295139985, 58373.13881940022, 58373.15054399986, 58373.152407399844, 58373.1979398001, 58373.2026157002, 58373.215706000105, 58374.14245369984, 58374.185069399886, 58374.20365739986, 58375.16208329983, 58375.203599500004, 58375.21402780013, 58375.237673600204, 58376.16217589984, 58376.163113399874, 58376.174363399856, 58376.19424769981, 58376.21472219983, 58376.21564809978, 58377.119004600216, 58377.13064809982, 58377.15182870021, 58377.175717600156, 58377.21472219983, 58378.14327549981, 58378.24689809978, 58379.139942099806, 58379.18284719996, 58379.21533560008, 58379.217164400034, 58379.24148150021, 58380.12464120006, 58380.16363430023, 58381.12156250002, 58381.12938660011, 58381.19460650021, 58381.225185200106, 58382.122789400164, 58382.12947920011, 58383.12504629977, 58383.15505790012, 58383.174097199924, 58384.14046300016, 58384.15905090002, 58384.21524310019, 58385.162754599936, 58385.184930600226, 58385.19148149993, 58385.21130790003, 58386.139953699894, 58386.15366900014, 58386.23688660003, 58387.111574099865, 58387.140393500216, 58387.156481499784, 58387.193935200106, 58388.11502309982, 58388.140173600055, 58388.174571800046, 58388.183888900094, 58388.19547449984, 58388.22078699991, 58389.14121530019, 58389.17818289995, 58389.214803200215, 58389.246712999884, 58390.10881939996, 58390.13313659979, 58390.15608800016, 58390.2029281999, 58400.12980319979, 58400.16427080007, 58427.0902315001, 58431.09310190007, 58436.13832180016, 58481.547673599795, 58506.529351899866, 58526.529097199906, 58538.50972220022, 58538.55802079989, 58539.47311339993, 58539.483657400124, 58540.455266200006, 58540.4769791998, 58540.53561339993, 58541.45592590002, 58541.50609950023, 58541.528807899915, 58543.4739351999, 58543.50994209992, 58543.55150459986, 58547.36518519977, 58547.41096059978, 58547.52870369982, 58547.52964119986, 58556.44673610013, 58556.51107640006, 58557.47162039997, 58557.491956000216, 58557.52614580002, 58558.47594910022, 58558.49712960003, 58560.4165856, 58560.43728009984, 58560.44361109985, 58560.444513900205, 58560.53337959992, 58561.38057869999, 58561.41476849979, 58561.43142359983, 58561.46703700023, 58561.49193290016, 58561.53321760008, 58568.469849499874, 58568.489687500056, 58569.414756900165, 58569.48645830015, 58572.401493099984, 58572.42883099988, 58572.451261600014, 58572.47075230023, 58572.48783560004, 58572.48876160011, 58572.50569440005, 58572.52465280006, 58573.4309605998, 58573.447743100114, 58573.4878934999, 58573.50881939987, 58574.3310647998, 58574.378911999986, 58574.44560190011, 58574.47101850016, 58574.494050899986, 58575.4337847, 58575.4527083002, 58575.4536342998, 58575.49542819988, 58575.49640050018, 58575.510277799796, 58577.410115700215, 58580.43258100003, 58580.44679399999, 58580.467951400205, 58581.4556828998, 58581.47101850016, 58582.43000000017, 58582.452430599835, 58582.47292819992, 58582.48943290021, 58583.409097199794, 58584.38312500017, 58584.4016435002, 58584.411840300076
flux, 41.1680981189004, 11.8365272614646, 147.45936386252, 23.2595414727362, 39.5133221086747, 5.93771050575957, 37.3625463716862, 44.154108314842, 26.1372919812895, 32.5479534083248, 15.7389359367246, 45.69277299153, 4.81800800357243, 97.8185651136016, 1.20662119867635, 56.6911164330172, 12.7103849035501, 34.6757081469918, 24.3505854607449, 29.4240541599396, 78.848691405604, 8.49731975903094, 8.67474473536411, 14.6961033264737, 8.63204855657701, 12.0153912608454, 28.1711065467743, 5.54983440499601, 2.39531780305654, 23.1025833874882, 34.2917267338948, 1.48842880610303, 32.3730029815756, 0.17218746941654, 52.9672296018615, 60.8918676866827, 352.182506837655, 76.7816617176889, 40.7951084432581, 11.0552488888918, 28.5246305153753, 29.5129960133394, 13.8686251809403, 2.02453765023938, 95.5716690309059, 45.8286075077176, 8.02918347922314, 88.9816315807422, 10.3735921629293, 44.0451266227006, 34.4524878568188, 88.4844063116958, 92.7293995877732, 65.3823376428704, 6.94498365997181, 36.5196299937869, 17.8626538787374, 80.7602247389475, 12.3682885611324, 198.778190218387, 2.89539892280493, 73.8861737962284, 15.4636612846004, 76.5596714704868, 79.6232105445742, 7.50698599231779, 46.8198230552747, 6.31573283563153, 3.35809364896157, 27.6055407483191, 49.0648193409023, 43.6545990935069, 87.3387166864618, 84.2352158026188, 65.4348820957336, 31.5608647629093, 8.68803562719044, 23.1007338599643, 17.4940228623695, 84.0133966839256, 25.3308727185256, 9.13303704073573, 21.4612742987936, 0.231695289466314, 7.96733885524875, 11.7623289384834, 45.7673637137549, 56.4051774953008, 70.8115163334728, 15.4400504868229, 6.76471644658038, 149.244803482418, 113.677358077723, 18.8273396185579, 33.0078871712767, 95.1349217904673, 108.727195316337, 123.304060532222, 18.8576336551102, 37.0870147235453, 121.718932722208, 42.3235099518681, 9.06929745168084, 22.3685196067291, 53.0884225837432, 67.8612548594814, 122.436533766914, 57.796624633712, 24.7265184383037, 40.1851410248571, 40.7843733451578, 31.1845142040353, 30.6328155093506, 61.386221865717, 75.1188736393376, 0.319912566909274, 4.40827252193439, 20.8023002800651, 87.7846142942705, 39.1310680908573, 6.81074584982518, 38.7132326979263, 26.7957711671095, 66.4859817474361, 39.4132256315416, 59.950457477701, 13.1360837970938, 41.1826291596051, 67.9381461353153, 23.073175667721, 16.0729374023915, 17.2002761677554, 88.2679292296583, 16.4330449588643, 15.379214195287, 90.0703926887081, 1.24325281712593, 58.1773936019154, 16.19572083671, 20.5833015877467, 76.462319352139, 73.6078541476983, 8.50580769272065, 31.1309124619864, 41.6475201818224, 61.8628221651963, 0.46150940645406, 7.68665631239646, 57.9732195214433, 0.669914826268223, 86.4193683797553, 90.4933721681129, 110.221194611244, 101.809181036798, 42.2338958318056, 19.2372097328802, 9.24758809201939, 65.3333418123964, 78.3629587771346, 24.8456563367545, 11.0753668933417, 28.6325207788038, 10.9279344822875, 6.04688087705489, 47.5526934422476, 77.1952450713597, 116.668630923227, 26.5951365480959, 4.28655333059596, 94.0259955505177, 96.0204716994578, 33.9758993575701, 76.5891961481615, 174.422146845558, 53.0235515186894, 65.5775057758599, 78.77787141193, 35.5432685510747, 45.3133799600411, 27.0835576765947, 24.3614795787904, 45.6882054956098, 19.9684291462233, 37.8244294133354, 4.64495276146981, 92.988712993483, 20.6389564093203, 3.08692152788383, 38.0968685366398, 50.3728629626024, 25.9385042071753, 26.3123102559769, 80.2600069106512, 21.3957812919107, 1.76478977223541, 77.9312046514015, 19.3240442912068, 26.9289116687727, 27.8120430871773, 18.6058302167897, 20.1608978560226, 3.8278833746152, 89.1589348248395, 52.7543962337897, 43.4314369704522, 51.2384360092032, 31.2425475222544, 10.9691325582591, 80.1799833325593, 28.3113032823729, 31.7601134116068, 86.8981293362375, 91.8780287570246, 54.4310874630681, 52.7363552321826, 113.914040571216, 68.5625280200936, 213.776242075441, 46.1197180482969, 23.4553948531249, 39.1155265194077, 58.2391782612102, 42.6321330076747, 19.9427850566262, 69.1404934750067, 20.0317771540094, 12.5471843769682, 31.1483676658479, 27.4866592570603, 20.2666752552472, 0.121966048303494, 31.6362258286319, 27.9059298524948, 92.1003725792831, 8.27825775315324, 61.4723838556677, 27.4077678006863, 15.1124589138789, 85.7275128852483, 32.1217955834109, 102.933428080952, 5.268469523187, 51.1340712155424, 32.3367662046047, 11.8091217422931, 15.6634796696412, 59.080597654904, 0.0459842417003191, 27.1871195304789, 39.4936270446224, 4.02462696887665, 5.26772955731593, 24.6073572091662, 17.1703125613733, 43.8175927371373, 55.0563497980448, 66.4132118479842, 46.9778348591458, 59.1473617549001, 12.6410106565473, 2.31072868067637, 70.4795192019827, 21.7965206193136, 64.7279251172071, 94.7248901059976, 40.1339594097902, 44.7216733709896, 84.8812297140666, 14.4312156755732, 21.4206579212195, 65.029227649921, 27.7841821443771, 78.1944851548261, 97.5542644764147, 1.81849761899539, 60.109231403155, 79.3429325254239, 48.8537942087856, 1.53431394221853, 35.7576015393086, 76.085779654061, 3.18899402543338, 38.4320859545754, 15.4876433813703, 66.7928160256174, 59.196973455267, 60.1041147900436, 54.5841391712639, 90.4146392594995, 1.73122463007085, 25.0582142064103, 78.0261645121662, 124.672419484242, 55.6697960994314, 13.5132893170449, 133.423559963564, 50.8624447916696, 29.2589816534122, 18.1936513397924, 11.1059811598301, 56.4088617412097, 153.488813428404, 16.1449224437009, 80.8694069730577, 107.396555024486, 59.1309491221714, 65.9158069736986, 113.819903854023, 6.72437271091155, 18.5753463495574, 41.9688632821571, 64.2746702385288, 36.8245059112331, 4.14130511479289, 26.3770180948214, 42.8572317801797, 79.583994519308, 17.5855957108102, 30.8766297749096, 22.4787907369564, 39.5511185798947, 54.1278816005644, 35.4231589547997, 38.531895344354, 26.3067828315566, 41.9402360102245, 7.43743608460148, 43.9705288554744, 33.1920169129057, 74.2816927222137, 27.095012531931, 7.32978377427249, 100.276074330963, 56.4299902119283, 30.9980819829241, 43.4088872065732, 68.6246593478263, 0.370330124581832, 68.5992820850371, 4.83085464675521, 64.1557403410616, 21.1067592609139, 22.5604616651891, 48.4413595802042, 80.0864633998888, 21.0833443005506, 34.086745160268, 40.9786646207435, 24.6339888124182, 28.9051606858217, 10.7419353152587, 37.0192140624401, 88.9353021716375, 75.0664048796872, 76.3461342207905, 23.1978090522603, 56.2565243354786, 22.1915405632759, 15.3276447807754, 117.239541610037, 27.5790444479744, 28.1402858617208, 22.7801233742684, 74.2955415362983, 152.940275134952, 6.42853383458781, 98.6307969543347, 48.7687928111986, 88.5029010257152, 51.796976206366, 54.4411271400499, 47.6598513639233, 22.3710885233115, 9.77176293189589, 23.5787052938319, 69.7686379619377, 33.7616096195428, 37.9909988662158, 29.5506589277383, 57.2328176793773, 0.104160367627304, 49.9534056175445, 4.56313483091078, 7.28934623045652, 52.9478624536068, 20.3114223609505, 98.5531305765239, 71.3791150410549, 12.6427272790701, 35.6784861222852, 55.5839896959578, 60.6754744335885, 7.46000608693498, 52.1858950615166, 40.5384707668771, 4.50945000787998, 15.4183166771392, 43.4108077839361, 109.822744191565, 22.6997569190097, 49.6168262943712, 20.6951324763601, 49.6145618220556, 40.4482768860235, 2.85819362240693, 14.9557147701705, 88.4920540486312, 5.11913839483033, 26.6929863193196, 5.36690869940113, 3.4147621762585, 14.171076306175, 9.59313647035197, 18.1480625069591, 66.1831455058321, 35.7587715542468, 31.3435538184121, 35.5059551687805, 20.0908963874727, 25.5721752186274, 19.6814945603718, 106.28980934654, 40.5071566320728, 16.2471079358237, 55.4071709356069, 27.6055461174997, 33.5575614245342, 50.9678240417055, 94.6884035611908, 92.0902580458028, 31.4985703039072, 2.1542428779713, 7.56670065373871, 41.514033071795, 39.6721143593794, 56.9474972520266, 12.4482669450301, 75.8416030630217, 97.5801403823884, 23.1955317270912, 46.4518804962347, 72.0635324083308, 92.8345305685364, 45.2956610202639, 53.5079174292422, 24.1793646441573, 12.7419632465427, 88.1969379831046, 81.1604829939152, 50.5868246002287, 85.5655798407439, 50.8241972371408, 41.2471272324712, 38.4120649469345, 98.9664831309738, 3.30417576454969, 57.3487508847214, 62.3104804634945, 15.3258537802944, 39.881964002746, 2.59891333290774, 31.0846071932746, 87.8038010995832, 57.4022373607379, 31.0792171286262, 12.4813389352359, 86.8200740010963, 14.0363491401004, 15.9047478955615, 140.406971443365, 28.5007119909932, 31.0796788703882, 28.8229197537322, 14.8037539701907, 31.4340213299465, 34.2942668731867, 32.1165777028867, 76.5928300251794, 10.8273627390479, 33.8248264424753, 55.5374961926171, 145.920023166511, 159.416477776099, 27.2232055008172, 3.73467680693123, 51.1484153629209, 18.8362134782899, 33.7338000887284, 91.8946258401573, 29.8028257162634, 16.848654597582, 24.9654927383598, 34.4730816179694, 17.5041328120303, 91.6830049104041, 7.644858591701, 27.9971748987279, 31.3964883614883, 46.6057183480942, 20.4053396659769, 28.8903130655333, 18.0414466462235, 63.0863843665038, 2.51086516705677, 40.3380361236346, 29.6576544423293, 3.87646619706554, 21.4561290911933, 4.67770999168945, 5.53104704776972, 1.63219006382176, 50.9600445705543, 65.5994241575226, 70.9158053693381, 28.0713112991454, 10.0318826674781, 68.3824674844929, 49.4439061177409, 139.953465105655, 88.4208119157629, 51.7652470850638, 41.3432019169095, 90.3442097652421, 52.3681991269553, 11.6538366125005, 38.0542445875751, 10.8431463985768, 40.2685750069464, 33.8830719646519, 21.3839769122954, 43.50267752683, 27.8960749388154, 14.2769975818289, 41.0134171461561, 39.7804862667258, 31.3602623222657, 85.2215619339695, 37.4178590136327, 70.5855366171156, 14.9612238700826, 28.4010396507103, 14.6311177228764, 8.97711204268385, 70.368632161667, 45.7451925896036, 70.4809664047686, 24.9484470239835, 26.2576474902626, 8.75842582173035, 25.81708521503, 14.1040356475505, 19.2701414062056, 16.4619505340602, 1.59493152887066, 6.51402425060635, 97.1494036589825, 8.0158545261508, 21.3810158037413, 0.150005884046286, 54.9106476080981, 7.94098733298925, 45.8444485843043
dflux, 23.0676177438239, 22.7204440807064, 38.1865679291329, 23.2771269764964, 23.6419488923999, 24.4135366589673, 32.3923691464742, 26.22658090002, 26.9760644994441, 41.3312224877738, 40.9069178976523, 32.1600230531386, 22.8296048022005, 47.2717065039373, 32.123703418507, 31.3825997250895, 67.4675263753365, 57.0398627656441, 127.240245780245, 122.746137036021, 101.656814895644, 88.6694982060661, 82.2244777264371, 72.0515561372434, 91.1818427585891, 24.2408571813347, 27.0615405216958, 28.8627897100933, 25.3296180809621, 25.6325922516983, 26.0627190583439, 28.2611425645657, 29.2398562371437, 31.5414355108585, 56.0096749927093, 25.2049199621616, 47.1181402045277, 20.3470647397012, 25.8693689420631, 29.579371962869, 23.3553037647333, 29.5227955124357, 24.0081405130229, 24.2433171467792, 65.550919616958, 43.3098457375732, 31.298959048279, 59.3737057304717, 66.5565557217893, 74.0900534318032, 73.765432935556, 73.030179576413, 61.0638753847792, 102.350029797492, 86.15823544045, 70.7951221942139, 86.6679128697066, 91.3995839163098, 82.6892310901152, 86.6527707666963, 33.6197171980983, 32.0706001163519, 34.276133489232, 52.7934759263389, 55.0548294348541, 30.9248087234563, 56.5424206303959, 23.644741267977, 25.60773023958, 18.4105668618693, 20.1723482158538, 25.8126477319324, 20.1167324203961, 20.2540190004037, 20.9075080469511, 20.0363996276658, 22.2638232746295, 21.6966775771514, 25.368004392618, 21.7665094346145, 23.2311312699428, 26.9923922780577, 22.1618324319743, 25.0568821026855, 24.7657683680658, 45.1559606097171, 44.2143187433229, 42.7890138924249, 49.2944462402548, 53.5956833080707, 54.3641220339909, 78.5240463152005, 40.0120962767368, 46.9244297000853, 87.1082425331639, 116.974957912394, 38.7477144267421, 59.0382444042548, 49.5164491767001, 39.6337956925843, 41.8039841320141, 41.8435851687921, 22.2285817060953, 22.6390591568082, 31.9510155800769, 30.4704111914389, 33.1397223480789, 30.2541671078004, 40.5520456851539, 18.7038747486059, 23.4551275003595, 23.2438035663082, 27.8965656474555, 24.642277430724, 27.5582663321346, 31.5917611396035, 18.6929497754362, 19.7595700049519, 19.3227720111719, 20.4405575891214, 24.2049801979015, 26.5643053158771, 19.6995547647696, 19.8768968837342, 17.9619585076317, 17.8827939112168, 23.7934247740974, 25.8925625297903, 22.4513774423918, 23.5528115339261, 22.4781755807723, 20.2638348986155, 22.7130257771141, 24.0462213832446, 21.5353877801852, 20.9715533263609, 25.3165126787064, 19.79947316432, 17.8348710102321, 20.6967550906002, 21.4493209580274, 22.5192662458485, 19.7629767504201, 17.494629516916, 21.7242535449232, 21.4165979344619, 18.7577093909336, 20.0913393681569, 17.5211899669581, 21.7619699716399, 24.4403644731017, 20.2967206123426, 22.8916184272409, 23.4014305196809, 20.6865508816238, 22.3354070256262, 23.9680350176465, 21.2173489058947, 24.0371982781642, 21.6267944735405, 22.1906862873044, 24.0478079122612, 17.3116800700248, 18.3528141062474, 22.0509696599053, 22.5482609875835, 20.9146625069428, 19.7830805250721, 21.1140554262095, 62.3902885970464, 54.3451998345297, 27.1639873418493, 41.6830917125017, 39.4482404957561, 20.6594634332569, 18.5241023593153, 18.1942388241407, 18.9067422003188, 20.3925813694638, 18.9757417623804, 20.2381445984872, 22.4093375584956, 17.0087359922021, 24.8693419421349, 20.1215174498988, 20.2487684177295, 18.2493220319595, 21.6613998141967, 27.1096665321962, 27.0581163181242, 22.2983162353857, 34.9708688700023, 31.576542938022, 31.818920484364, 23.2024636412654, 19.8174223842662, 19.5194492177276, 22.0473949195776, 33.207142020504, 31.8301822900023, 29.5240628578494, 17.3698921969547, 31.7112641322576, 32.6190765503947, 34.6807598856592, 36.2685098475974, 41.7291459026227, 41.5686102375492, 36.737170430311, 40.01856012899, 45.736993602683, 41.3113958963123, 37.3977456266288, 32.5408788401017, 51.6343510749461, 40.7821972868758, 41.3163221077342, 165.523090038251, 66.600498483195, 45.8099026888387, 49.3409308303842, 59.7906486775645, 51.1031018953448, 32.1928736020471, 42.5583805382131, 28.3475514387898, 38.4751252405391, 45.2474659886082, 43.3735701031262, 31.1170525206441, 33.1973359472956, 43.0066521154163, 25.4865818472709, 24.2077089234135, 17.8669679697562, 23.8038075342897, 24.7331125222863, 17.2045626827336, 26.8441063910599, 31.011452051934, 24.7686174889651, 18.9943557571918, 23.1104747890331, 17.6508321505918, 19.1728077865693, 17.9766976274892, 16.9043483702662, 22.1093993267314, 22.1373853216658, 29.7939837690162, 35.6808452786921, 18.3060748989383, 20.782817385702, 20.8268927644124, 27.6175648858501, 27.4635877589237, 23.4044247227589, 23.581354562115, 21.351806115283, 17.3674237077478, 21.7393146693068, 21.2072745741087, 22.0228379670402, 24.7186249599563, 22.7190561751702, 39.4750818840615, 30.9758392614016, 30.8868147417486, 37.6164908504803, 26.8793316486424, 32.5340616802804, 30.5532411226209, 35.3464960415446, 34.690497289968, 52.130693128871, 40.9316814585243, 30.808890265917, 35.2020847734854, 57.7621587086433, 57.8512280731453, 66.7029363628677, 63.70011222417, 68.4172633513752, 75.9605666143277, 42.8016058733332, 57.1505398179639, 41.0959534372838, 76.1951637788244, 56.3065775701697, 59.2447972089075, 76.7008034371045, 63.2757006260521, 56.1206410416441, 55.9974332903003, 61.4181861759359, 111.285283011077, 43.2418146709256, 43.4680300637606, 22.4286317710445, 25.0937494736182, 43.7395840894124, 37.3027370333963, 41.0505877115983, 41.9489972910247, 24.3374445853326, 22.9224707469917, 23.1616811422602, 33.4940669797532, 41.6378577641891, 22.6081412669788, 21.674621953491, 29.7909436320915, 42.5106297711794, 21.4119861412806, 27.3230720186529, 19.7132544630276, 24.5882427376423, 22.943914950196, 25.1827895401689, 34.1994191056253, 24.5973292877507, 36.1584858762512, 34.4049263015619, 31.9956557503092, 30.5654900019925, 31.8973162643152, 29.6737814715207, 30.7337761274615, 30.2298180539564, 38.0864490788798, 38.5247031146847, 35.9583439792886, 28.9653337870886, 32.3329033911587, 44.3057374375946, 28.4846938928583, 45.6398684678718, 36.0925187293546, 38.3111070189809, 36.2658262165441, 39.5687036719991, 37.4154302743083, 39.0671767918779, 35.2996020349317, 38.7028680259044, 40.0417253688431, 38.1034505633858, 42.1844593490527, 42.7309548722785, 41.3611635708782, 41.0117054215154, 43.3413460889006, 53.0745848238596, 56.0722727206861, 55.4604261193571, 42.1173321842316, 43.2618307120314, 46.7350882991527, 45.742437533848, 47.3940693404533, 41.5040694284696, 42.3506664336739, 24.6248060619548, 23.3979581306399, 33.3964023035397, 34.4025229258973, 30.5793499227991, 22.9545742781199, 20.5418034665803, 24.0651534650012, 28.8802864340925, 28.4463379173914, 26.454252772843, 21.7890443978238, 22.0796019244774, 22.356434225644, 24.3275068282469, 28.8116582510107, 25.1959101796915, 23.1109669596295, 19.2272802954196, 21.5573016461625, 22.0658819635943, 37.3305863789401, 29.5060862170257, 27.3866477953013, 23.8106234261701, 25.1661098736503, 26.4004063780614, 25.634047153349, 20.1274102513549, 23.1143206117836, 23.7259504262624, 23.4329634125735, 20.6295792608917, 21.5205682564979, 31.9696793763044, 28.3198546825189, 27.9864446523836, 23.1849516200313, 24.7039558318564, 23.2326516250696, 23.694316332355, 21.1602835500928, 22.978799066561, 35.3430996602732, 24.5497465671932, 19.4562772331054, 27.0849600965006, 27.2701950133692, 29.410113364653, 26.4752354992157, 25.2990517334856, 22.5242187791876, 23.4192818528563, 29.5216904903363, 24.9372035479097, 28.3312640115359, 25.8025225237498, 24.5675522497313, 24.0986375352229, 27.8762306471811, 29.2079143734525, 28.2014778625806, 30.0196934682631, 26.1869601675849, 27.0561088691248, 36.1505267669617, 29.3053169886805, 29.5100539504618, 28.1319151610613, 28.9401967333493, 27.3885567638054, 33.2291819933846, 24.0357258554164, 30.5329409904023, 31.7312259023402, 34.3698264230552, 34.5540560698971, 31.5644049333244, 39.0175327157319, 35.677677061654, 34.2338340819636, 47.0000328245944, 50.5214427668236, 35.1796479319476, 32.4829936281447, 40.3250588923901, 40.8272426096959, 47.8484188672531, 41.8524274789242, 46.2762644508892, 52.1019865113472, 63.9210957371346, 56.5151848839295, 56.7641197337858, 56.4470619098921, 56.6656632631114, 58.909618471283, 78.4084668691879, 35.6062754554127, 41.8833671644592, 43.7887107958691, 80.8279638220598, 25.3745140367175, 43.3933945397786, 41.1294524804848, 52.3498769703999, 48.2198643027247, 57.3325700350971, 18.9715646805083, 40.9831368130879, 50.0153627294617, 47.5370499883178, 28.3715740414023, 20.9717449143855, 21.2347562465525, 36.5626397883363, 21.3661610827193, 30.1276810991518, 55.7810835880135, 54.5174159288843, 114.641330500642, 54.7491955997647, 100.417609544982, 32.0382639399566, 67.3131851534776, 47.3190196086148, 70.8962829485178, 50.92986188697, 31.4247713250059, 30.4813940199326, 29.7203182303759, 25.3105167680022, 25.9193055728171, 28.3608901005081, 33.5688925445132, 20.0168576918021, 43.9807667379039, 30.4238897456497, 30.2867564874179, 27.6609952230014, 23.4268065943974, 31.0643690472031, 30.6720475393626, 35.6203989535735, 41.6887312221593, 39.6012613143746, 24.8686059046784, 24.5389064763548, 42.1561909712028, 41.512821793006, 38.4937715111548, 36.7868459933418, 25.264826754252, 58.0154429985594, 55.5641216362527, 60.7716881254202, 103.790027455467, 86.4361341938904, 56.0283872600409, 33.1013762188969, 33.4314507222842, 35.8859096363539, 78.6692512775516, 29.5985758661229, 28.3024017981915, 24.8015290161843, 26.8949739342277, 21.1707695565933, 23.7326290394534, 22.8993885366011, 29.0612876694128, 24.8348854824583, 30.3291671793749, 23.4958515115176, 30.0960956855041, 38.1223990505138, 22.0877747486343, 25.351417966508, 35.7897693248324, 34.3380571235285, 20.1845010267219, 22.5333311240608, 21.7381607512182, 24.5730652687302, 21.6764405962518, 26.9899787917847, 26.3502222428498, 24.7045372479385, 23.8099907624527, 31.3684774632155, 28.3959371103885, 21.4811782486701, 26.174927484109, 24.0595256678119, 26.5068792458882, 20.2824364247582, 26.8115706702745, 27.4487442482894, 27.3670723429109, 27.2553296235413
mag, 22.343997990117757, 23.697139243274037, 20.85331910992187, 22.957597127482305, 22.365041137969698, 24.42925245084118, 22.39000883234369, 22.24837220329321, 22.81954852644358, 22.529190785897306, 23.319661580900096, 22.181481211975196, 24.614931207240797, 21.366846780177546, 26.07527262248835, 21.885812475624334, 23.555903244197825, 22.505736652515527, 22.398826481470984, 22.299843721782356, 21.49911377486246, 23.892495096720584, 23.992158239946143, 23.426594508052638, 21.603315313365535, 23.610855206415806, 22.705890234530624, 24.46179993772006, 25.350192144081426, 22.89794863379791, 22.475026614412894, 25.765279833775995, 22.49954253185836, 28.184996141515732, 18.79738185452569, 21.8136017624503, 19.958080548892845, 21.611856232662532, 22.298479770183263, 23.66607868905519, 22.68694993091792, 22.028966752087488, 23.46851647275385, 25.553185355661785, 21.3741770738872, 22.01685834624554, 23.880021544181268, 21.45174908806308, 23.785177075662098, 22.21525534287184, 22.481948529203915, 21.457833146687303, 21.38575638053722, 21.786348889901124, 24.220821929312827, 22.32468407815039, 23.195135042332566, 21.557006202938226, 23.58742597725665, 20.579078169406746, 25.120728978772878, 21.603592057118092, 23.301719179109394, 21.00079984713174, 19.838800787249014, 21.675435986264755, 20.05482557988036, 24.306140623854194, 24.996167991563915, 22.722509353268403, 22.088074489775526, 22.22492498953433, 21.42198298421058, 21.461265767944525, 21.735476689467347, 22.57712776424158, 23.97769601708015, 22.371335558249015, 23.223875775612353, 21.464128640737982, 22.765874618268324, 23.93506195246555, 22.94586123662136, 27.86270698910709, 24.04921677915361, 19.75786669884008, 22.03001025757842, 21.81010257450808, 21.649740264202393, 23.30337820978815, 24.199376007003053, 20.86565195381642, 20.626415070495256, 22.998527608164242, 22.52845568472273, 21.32915008628543, 21.184154536780248, 21.09755655348835, 23.13628201375348, 22.351945308244225, 21.061604660889998, 22.208545806973888, 23.931065885071835, 22.95090689356969, 21.9983004466468, 21.6959452846012, 21.055222434929707, 21.870243809907038, 22.842092572974295, 22.314836258074642, 22.29876551567909, 22.590152542624406, 22.559532711707032, 21.80482273823698, 21.585627331670082, 27.418421748710063, 24.71432891248128, 23.029721597244137, 21.416453986790078, 22.293695744442346, 24.19201331393078, 22.355351404933547, 22.704834349228573, 21.71817478491921, 22.33589505108435, 21.880518746205027, 23.528835224461677, 22.238214827086388, 21.69471577032775, 22.351831568524734, 23.309761866729957, 23.23616145000302, 21.410492654662324, 23.23570489142649, 23.30766463587633, 21.38854485953987, 26.089501370032508, 21.913114348563816, 23.30149929427519, 23.041212406497475, 21.56638133136407, 21.657689607124425, 24.00071110112011, 22.59202037437803, 22.226027131706193, 21.796425678710598, 27.16454860696646, 24.11065634193675, 21.916931451437584, 26.208551026207335, 21.433472280441205, 21.383458069562202, 21.169337215669316, 21.255532640120197, 22.260847138953864, 23.11464480027406, 23.859928807318337, 21.737162817499417, 21.539722936404722, 22.836873815502422, 23.714104695016296, 22.682851038596688, 23.728654793596853, 24.3711714671685, 22.08206219765885, 21.55602362425354, 21.10761474609624, 22.762994438820776, 24.744729421713252, 21.341880148890272, 21.31909041223747, 22.447072596175172, 21.614581221615527, 20.720995930931736, 21.96382796643598, 21.733112764088126, 21.53398939515072, 22.44810659267566, 22.134433855628632, 22.693235719074618, 22.80824084660543, 22.125489748691958, 23.074140245930426, 22.41696903661679, 24.68214674590745, 21.427824407704726, 23.04638066552048, 25.107286026262532, 22.37597680183125, 22.081408412833596, 22.791637679853064, 22.71870254651186, 21.51675201801998, 22.96457962530227, 25.7121675545798, 21.602221526089686, 23.122854939425622, 22.75675299558351, 22.72631776616255, 23.15567736603757, 23.04812532674271, 24.83230325621698, 21.47108782161167, 22.041653357586544, 22.247189503383858, 22.04561033758668, 22.616533902275783, 23.75136928795858, 21.592135095911495, 22.71590034466258, 22.58719488856992, 21.504073931366655, 21.438370827911356, 21.453582472378727, 22.004324722251855, 21.18365685822202, 21.730882943984913, 22.779801403908557, 22.184583391043255, 22.905293129123127, 22.35332704875936, 21.758361903568748, 22.243257344532267, 23.042735478869403, 21.691768812753935, 23.00130129951411, 23.512534300345106, 22.507911769164508, 22.65619510331877, 23.0192437285056, 28.57260261770947, 22.540638332497114, 22.669158754488137, 21.379546532303767, 23.98635263865627, 21.825199862297588, 22.6932158342925, 23.267062167106246, 21.459199439454913, 22.521800464976906, 21.132008908246718, 24.331388819733714, 21.949024070107388, 22.437958533253774, 23.452056000390186, 23.23187938068664, 21.78708780011848, 29.573177427051487, 22.63819200845733, 21.89028244844349, 24.037285917349674, 24.343241324015704, 22.71053756581481, 23.09815449761836, 21.677778713771644, 21.454881463609752, 21.103363790212775, 22.00166750776331, 21.80296155535183, 23.303645506389017, 25.319827612938525, 21.575442668152835, 22.72833206833169, 21.800470785660416, 21.374039724736186, 22.279219982237812, 22.19990488656356, 21.509770843084745, 23.389942706750833, 23.008417985584977, 21.78312851015822, 22.137705956474143, 21.598659688683004, 21.36138435288292, 25.675218158103927, 21.874847062939157, 21.61912937995737, 22.1295542533559, 25.735314421333783, 22.257779048598074, 21.49754126197839, 24.99186573601282, 22.285965107406902, 23.267036649973974, 21.75677561507655, 21.864251241861492, 21.285339486821865, 21.94353383605335, 21.42500311532452, 25.729916444593805, 22.705924706452898, 21.475099352317137, 21.02777403051016, 21.91065092342809, 23.45549731242536, 19.12871868956563, 21.971506921351747, 21.96445198346252, 23.065400330737724, 23.59220766899835, 21.798931659235492, 20.770908178208867, 23.233310092218417, 21.448039354053343, 21.18962412335679, 21.85316287500293, 21.717826066767294, 20.7414544639622, 24.12077055745743, 23.073457699463653, 22.175681983509996, 21.73920035707272, 21.450257678861977, 24.732956928097238, 22.093935756826554, 22.26573971047641, 21.329135665796528, 22.216107288507537, 22.561425273920204, 22.856167639162344, 22.28710307332308, 21.907347423829165, 22.360081780121767, 22.318249069905256, 22.71913065096909, 22.193322824897848, 24.131841883654, 22.217995777181518, 22.505315892213517, 21.57439552042365, 22.64207660945632, 24.054172091714157, 21.33700669101701, 21.950825062651404, 22.542462943640313, 21.59875336805927, 21.59569949592572, 27.350727396844206, 21.672501073274606, 24.57334007398284, 21.811411197524528, 23.029446108245054, 22.949130043570957, 22.109359190562024, 21.558702210649002, 22.994151247396825, 22.497636165629824, 22.303505495345338, 22.76556315036938, 22.667061530021446, 23.735893667862292, 22.398732014468905, 21.462414537533082, 21.652785957746495, 21.606532371276053, 22.93698257672164, 21.970367757771108, 22.97333136869828, 23.37921143238367, 20.970614720650122, 22.607251963072745, 22.688778737798906, 22.929009820416344, 21.636793118501668, 20.87309533215921, 24.30762016495015, 21.3709686442144, 22.135744986247854, 21.489906233458523, 22.033538981680366, 21.427882229537087, 22.074718291038142, 22.921982209163183, 23.822767694457905, 22.871200114215736, 21.68724938831638, 22.39344214028915, 22.335598219365185, 22.60548207667846, 21.866987181075512, 28.67124373989699, 22.043887245047024, 24.608241746403092, 23.587578552743242, 21.990078920021634, 22.943749157282824, 21.338523939102764, 21.691172101835214, 23.568798075717925, 22.36648395375311, 21.957825709353948, 21.8488670478698, 24.114852045419806, 21.939817158428777, 22.176331595572332, 24.556891058336326, 23.37130759647393, 22.245705331945405, 21.2291692714363, 22.924846983591863, 22.110927546296292, 23.056129472980714, 22.10577709956013, 22.28684993697298, 25.147270885420866, 22.815582065354164, 21.480339310197827, 24.52570782307756, 22.777407090311083, 24.524989481916354, 25.01729884425716, 23.429892908594265, 23.851798443213884, 23.148624333932087, 21.80203148961002, 22.453743523094648, 22.574629408929496, 22.463046999049787, 23.07160171519155, 22.752480821186868, 23.00645481371024, 21.256670929865784, 22.311070601763305, 23.295259835834944, 21.956285060370924, 22.677709142096553, 22.453024015492407, 21.93065976813988, 21.38435801389009, 21.416065775233417, 22.574272895146237, 25.397863335445212, 24.146833617043875, 22.240212682589462, 21.78448663202982, 21.901913394217623, 23.584027767725924, 21.61923123973976, 21.325696403578114, 22.94268916850169, 22.17699174978366, 21.690311133640552, 21.419226135799757, 22.129058495255393, 21.875954879459755, 22.882787787964563, 23.57590912987382, 21.42626623105155, 21.51633844275592, 21.962906452391817, 21.44965225569803, 21.982523680678735, 22.085615734181, 22.30043086376151, 21.31307965633075, 25.01204214646045, 21.88999009260995, 21.79359724993885, 23.318438305605877, 22.255858657084968, 25.294220507160805, 22.577236540771022, 21.45851670679393, 21.85877794955882, 22.58602482353558, 23.445747058069546, 21.45274962081557, 23.416064594207054, 23.27478302614229, 20.89152832054013, 22.625360726303533, 22.436208692948313, 22.554055068459256, 23.284670353098697, 22.57480014118096, 22.457346192126927, 22.518176846834663, 21.581229708628772, 23.624393283034074, 22.406811057799143, 21.310734258810516, 20.76291277516581, 20.57806697652515, 22.64255184612777, 24.81726743846315, 21.968419541722163, 22.495615990423847, 21.600036832721766, 17.741174715446867, 21.38405639225891, 23.225286931962955, 22.814949644877487, 22.49749973100293, 23.183748500347768, 21.43427790285541, 24.130776358497673, 19.186014474126033, 22.46379731059036, 18.325701984312456, 22.77584042898104, 22.53231937990864, 23.19332160416886, 21.826160905873714, 25.261241520463262, 22.314313123602027, 22.56325799832592, 24.720109996856404, 22.6891215663598, 24.652616767621772, 24.473381618381474, 25.78017317574641, 22.050125502077307, 21.786449932289052, 21.69234240147452, 22.720043249079964, 23.743943889938897, 21.685838080888434, 21.97691806717017, 19.000840860936037, 19.73361375385933, 22.015004271700725, 21.604089728742323, 21.24394919125475, 21.444430901635137, 19.91352768759572, 21.34079223697392, 23.663611696416467, 22.25728434649109, 22.46774305452982, 22.972578807868334, 22.193910030065055, 22.67764224740126, 23.390007785100856, 22.23838511190114, 22.291024781179722, 22.521950782966766, 21.476326275870253, 20.922702664295123, 21.468510698180566, 23.092682196278673, 21.223164404609307, 22.13670623828626, 23.930858385962054, 21.68455222696518, 22.1404363491583, 20.804720374238997, 22.10369120725633, 21.737260465967086, 22.663234859685456, 22.34813197938829, 22.914341507600874, 22.859987746092365, 23.046596769104724, 25.5137448916611, 24.27067657240878, 21.353099652313304, 24.054525432741244, 22.9515291636881, 28.249229263048893, 21.925758585638008, 24.024913741850654, 22.116883116460983
dmag, 3.407506865135314, 3.391042038979002, 3.9547765682677554, 3.417323439165734, 3.43420818542242, 3.4690767447551742, 3.776106782622927, 3.5468541907304147, 3.577446478346864, 4.040695627397505, 4.029491897812992, 3.7682908784751836, 3.396245983969881, 4.186503201434558, 3.7670640190933953, 3.7417222939123977, 4.572736968761769, 4.390446179899004, 5.261561248323875, 5.222519583141515, 5.017841245737285, 4.869435626835885, 4.787502809027753, 4.644108412372584, 4.899770912300299, 3.461369932149572, 3.5808812896921003, 3.650845762938973, 3.509071603909735, 3.5219813226864822, 3.5400493064953165, 3.6279742896992, 3.6649380825161404, 3.7472036375311557, 4.370657631489633, 3.5037133067021613, 4.182970350306528, 3.271254417282085, 3.5319645866422955, 3.6774723717556332, 3.4209638004991905, 3.675393696067103, 3.450896310575053, 3.4614801072153476, 4.541446972016776, 4.0914665921207245, 3.7388247346723524, 4.4339853892037535, 4.557977098195974, 4.674399769960781, 4.6696322391703395, 4.6587559213608944, 4.464460907735651, 5.025219933590216, 4.838241989584986, 4.62500833924157, 4.8446458451051715, 4.902360546685181, 4.793622383836959, 4.844456135150751, 3.8164851398152972, 3.765267716689018, 3.8374795638310584, 4.306450642307383, 4.3519885537241425, 3.7257675552634577, 4.380935992693645, 3.434336415300831, 3.5209277153910605, 3.1626679016228527, 3.261891140899793, 3.5295813864459307, 3.2588935981370213, 3.266278032643882, 3.300755681523904, 3.2545492128590325, 3.3689993650121193, 3.3409830880336733, 3.510715760549157, 3.3444719735180155, 3.41517589711479, 3.578103442135843, 3.364014167012974, 3.497317573883791, 3.484629516727384, 4.136787713813689, 4.113907344423057, 4.07833069482556, 4.23199498059276, 4.32282453062281, 4.338280946712342, 4.737506676348403, 4.005478262824552, 4.178497507729407, 4.850148129117965, 5.170232244012578, 3.9706152257426988, 4.4278335864310625, 4.236873734706238, 3.9951641657841646, 4.053044185543672, 4.054072219781787, 3.3672793835955788, 3.3871459357631046, 3.761211667489066, 3.7096957874247494, 3.8008721637084184, 3.7019630034450124, 4.020031918708557, 3.1798289638842006, 3.4255944952066715, 3.4157679913845636, 3.6138768511798784, 3.4792021067311656, 3.600629732465806, 3.748934592769536, 3.1791945977638276, 3.23944372379343, 3.2151735741944307, 3.2762318463885496, 3.459761829201657, 3.5607461578583144, 3.2361410266490553, 3.245871461790297, 3.1358842220704224, 3.131088428967624, 3.4411423948623336, 3.5329375843215916, 3.378107477744634, 3.4301068923341127, 3.3794026480969896, 3.2668040958606475, 3.3906874844673247, 3.4526171028832504, 3.3328817408941394, 3.3040764977278867, 3.5085097047158147, 3.2416340861496975, 3.12817493168425, 3.289755651478755, 3.3285338696410576, 3.381385589052777, 3.2396308993278042, 3.107261874697687, 3.3423621570606454, 3.3268762087657704, 3.182949507866743, 3.2575222237534995, 3.1089089958092964, 3.344245516752846, 3.4702691953621145, 3.268564684066939, 3.399191245466726, 3.4231060161550997, 3.289220214345793, 3.3724846779355584, 3.4490810763259194, 3.316727795347269, 3.4522096147283268, 3.337480382552926, 3.3654268344646954, 3.4526887355586187, 3.0958480437113627, 3.1592566642647455, 3.3585692292587392, 3.3827826324285843, 3.301127152263532, 3.240734796877956, 3.3114291432016474, 4.487792486347701, 4.337902975129353, 3.5849837985445037, 4.049899809790697, 3.9900690930064853, 3.2877975946286835, 3.1693429303137877, 3.1498347277954233, 3.191541756233062, 3.2736805097072406, 3.195496903712907, 3.2654267363810625, 3.376072546408808, 3.0766801003146482, 3.4891607343167124, 3.259151824069469, 3.265996533611308, 3.1531168372897196, 3.3392162959977068, 3.5828104387208755, 3.5807438985106996, 3.3706801758615725, 3.859266056806839, 3.7484114521537077, 3.756713603295524, 3.413835251990335, 3.242617914842297, 3.2261688974306284, 3.3583932034563357, 3.8030787489074926, 3.7570978145320404, 3.6754403032139615, 3.0994928077163375, 3.753033887527592, 3.7836791548856645, 3.8502215116970806, 3.8988242805791264, 4.051098739542633, 4.046913762477172, 3.9127642575901147, 4.005653646577328, 4.150669035095477, 4.040174674673581, 3.9321135582134943, 3.781073194662256, 4.282346808270762, 4.026176553106131, 4.040304136462642, 5.547146463205863, 4.55869369934057, 4.152398423079957, 4.233018345793, 4.441583162926467, 4.2711181551873745, 3.7693993610842984, 4.072462733796708, 3.6312888800699246, 3.962950105448948, 4.138985655649739, 4.093062926612134, 3.7324961322141426, 3.802758083521299, 4.08383908973841, 3.515778984082102, 3.459884221745353, 3.1301271471108216, 3.4416160752961824, 3.483196933260203, 3.089109094762405, 3.572122378459902, 3.7288052543048926, 3.48475441556935, 3.196561419793777, 3.409522169640983, 3.116912962679421, 3.2067142958780326, 3.136774783859522, 3.0699960855432753, 3.3614423593154386, 3.3628158110688187, 3.6853214420949727, 3.8810878356393697, 3.15648808734212, 3.294261053929236, 3.2965612022421933, 3.6029634575778813, 3.596893178767041, 3.423244926753946, 3.4314218706376707, 3.323586542984009, 3.0993384994148645, 3.343114622141357, 3.316212148250504, 3.357183208706523, 3.482560770723102, 3.3909757134568714, 3.9908075988705054, 3.7275577050260504, 3.7244328080303113, 3.938445697111148, 3.5735461645895876, 3.780845714246616, 3.712643218689214, 3.870865919784464, 3.8505263137980745, 4.292733748344918, 4.030148964176043, 3.7216901383541456, 3.866420961167613, 4.4041085386950325, 4.4057814566087625, 4.560362381572511, 4.510350493644296, 4.5879142467080305, 4.701470489048643, 4.078650159030816, 4.392550842246263, 4.034497651625834, 4.704818517232715, 4.376397827073861, 4.431625543132613, 4.71199978296481, 4.503092406556911, 4.3728065578535045, 4.370420302631313, 4.470742466387216, 5.116094336495234, 4.089759777786474, 4.095424896898521, 3.3770069520793973, 3.4989138946218725, 4.10218662276388, 3.929351746739612, 4.033298447979512, 4.056803960815288, 3.465687439177265, 3.4006535679191288, 3.411925196393837, 3.81241971116282, 4.048720943239115, 3.3856621455054685, 3.339878828237449, 3.685210649420603, 4.071243847110947, 3.326642384045519, 3.591323817112364, 3.236895819787806, 3.4768187296736035, 3.4016688103082404, 3.502759589926132, 3.83504682352016, 3.4772198878236473, 3.895525590642392, 3.8415515797141833, 3.762727538632083, 3.713078406126349, 3.7593853611986408, 3.6809322351525005, 3.7190398085947747, 3.7010888331777103, 3.9519262097217074, 3.96434825143195, 3.889499206455981, 3.6546963438307816, 3.7741117615400057, 4.116149923692268, 3.636528891818343, 4.148360960325139, 3.893542976282819, 3.958311753312472, 3.8987439402726114, 3.9933795559582475, 3.932626859844669, 3.979530069653329, 3.8694245230299384, 3.9693578726036414, 4.006281956610097, 3.9524107654871266, 4.06288121851812, 4.076856494336931, 4.041481869539162, 4.032269573167116, 4.092255988612209, 4.312216513952744, 4.37187039818495, 4.359958005178826, 4.061152135250798, 4.090262233857455, 4.174107668906944, 4.150798259186525, 4.189309999023784, 4.0452267022431, 4.067150622038118, 3.4784320470048815, 3.4229448987296607, 3.8092492101519015, 3.8414757323458226, 3.7135706215967317, 3.4021731065780307, 3.2815964244921276, 3.4534715888637644, 3.651503740606964, 3.6350659119210893, 3.5562387473847874, 3.3455954595242563, 3.3599780979643152, 3.3735063406547217, 3.4652440078165587, 3.648920636896671, 3.5033251286859874, 3.409545291699284, 3.2097946437442837, 3.333985996861703, 3.359303226723758, 3.9301620294057624, 3.674779017728782, 3.5938471915240076, 3.4419269163787503, 3.502040220935116, 3.5540265299010265, 3.5220429471430603, 3.2594697469707468, 3.409702832377106, 3.4380590465959266, 3.4245680360833193, 3.2862259266298772, 3.3321343370261935, 3.761845701892857, 3.63022755132769, 3.6173693249502663, 3.413015484979454, 3.481916255455675, 3.4152469505031706, 3.4366104555818873, 3.3138037074881597, 3.4033183188882288, 3.8707615883315043, 3.4751175328951636, 3.222649364781108, 3.581820500225041, 3.589220609148841, 3.6712417463703897, 3.5570995796971534, 3.5077606078177475, 3.3816243425493244, 3.423933933488637, 3.6753530567938455, 3.4921193754820976, 3.6306648779697333, 3.529155414577927, 3.475904720932557, 3.454981223899728, 3.6130851230089123, 3.6637513668913257, 3.625679668914218, 3.693515633348947, 3.545212719042703, 3.580663344458551, 3.8952865749835612, 3.667366058509263, 3.674925008701308, 3.6229982475449396, 3.653753697738265, 3.5939228694237495, 3.8037991258320556, 3.4521431048284064, 3.711921595940499, 3.7537171273308574, 3.8404433470946153, 3.846247584078975, 3.7479940155532026, 3.9781495079934173, 3.8809914253485673, 3.8361388537015677, 4.180245403112445, 4.258689361078146, 3.8657287221144716, 3.779140117330557, 4.013937525807884, 4.027375123832007, 4.199668978136257, 4.054301631338589, 4.163395735582417, 4.292135705296282, 4.514110527643453, 4.380412881728403, 4.3851847686162735, 4.379103354158726, 4.383299941213351, 4.4254655250816635, 4.735907405308837, 3.8788163682098094, 4.055103972521854, 4.103405397778095, 4.76890409601339, 3.510994333885147, 4.093559062649059, 4.035382320436755, 4.297289163406818, 4.208064959698112, 4.396003525596806, 3.1952578770487134, 4.031512989633344, 4.247758557032481, 4.192580567925751, 3.6322085772876678, 3.3040864165498887, 3.3176182002387167, 3.907593859621163, 3.3243162457050275, 3.6974142642482195, 4.36621736624333, 4.341338156313474, 5.148353044348436, 4.345944356764417, 5.004524696803641, 3.7641724372474, 4.5702503529277125, 4.1875893450155, 4.626558664922927, 4.267431246114501, 3.743180315127333, 3.7100870622890114, 3.682633638306498, 3.5082525307344996, 3.5340584044611263, 3.63179964241234, 3.814842534700283, 3.2534897540094003, 4.108156990889471, 3.708036846373108, 3.7031319143455335, 3.6046695041550474, 3.424282730353591, 3.730656342555046, 3.7168569216455816, 3.8792469482872654, 4.0500466944240445, 3.994272546451989, 3.4891286001998365, 3.4746380135542276, 4.062153408089478, 4.045455637799462, 3.963476160318944, 3.9142313854241078, 3.506290811360387, 4.408859032025622, 4.361986133407728, 4.459253251036629, 5.040389067087333, 4.841738337690063, 4.371020304422302, 3.799615125817546, 3.8103880568727337, 3.8873098980205394, 4.739512542145365, 3.6781770387652966, 3.629558230457431, 3.486196139850017, 3.574177819283407, 3.3143416122317575, 3.438364627263049, 3.3995597147224874, 3.658287133587988, 3.487655404340174, 3.704651212525114, 3.4274779722005992, 3.696275397437972, 3.952950557671228, 3.360379911784919, 3.5100056387402123, 3.8843972481211937, 3.839439296922389, 3.26254504463091, 3.3820634966043146, 3.343056989970478, 3.476148335467824, 3.3399699247953625, 3.5780063582406347, 3.551960706218309, 3.4819418083293225, 3.4418980672798813, 3.74123359947222, 3.633140514134807, 3.3301452471383763, 3.544713717921619, 3.4532176524926794, 3.5583964990695485, 3.267800308392879, 3.570805641209755, 3.5963062017910206, 3.5930708505471145, 3.5886285967861413
