ZTF 2021uef req00381160 297.40179583333327 42.23985277777778 0.0304
++++++++++++++++++++++++++++++++++++++++++++++++++++++++++++++++
t0, 59432.08291969632, 0.16764209206667147
x0, 0.00022663688800152762, 5.843679250088628e-06
x1, -1.0346080143250858, 0.1953951856529465
c, 0.7670672744543595, 0.021642897393401715
mu, 36.662518000521686, 1.0861527563753144
hostMass, 10.32612457784449, 0.004322392798212673
++++++++++++++++++++++++++++++++++++++++++++++++++++++++++++++++
zp, 26.3151, 26.2391, 26.2936, 26.2527, 26.3021, 26.2985, 26.2424, 26.0593, 26.2287, 26.2391, 26.2586, 26.2745, 26.224, 26.2881, 25.6007, 26.2877, 26.2799, 26.3112, 27.7777, 26.2164, 25.0165, 26.1424, 25.907, 26.2777, 26.011, 26.2389, 26.2675, 26.2245, 26.2196, 26.1522, 26.1656, 26.2514, 26.1919, 25.9533, 25.8814, 26.2142, 26.2569, 26.2402, 26.1899, 26.2689, 26.2854, 26.3118, 26.2879, 26.1638, 26.2811, 26.2399, 26.1881, 26.2757, 26.2859, 26.3039, 26.2485, 26.2491, 25.95, 26.2461, 26.2885, 26.2292, 26.2982, 26.2166, 26.3141, 26.3143, 26.3048, 26.3132, 26.3075, 26.3142, 26.3088, 26.3101, 26.3161, 26.3037, 26.3079, 26.3121, 26.3077, 26.3071, 26.306, 26.2903, 26.2966, 26.2972, 26.2971, 26.2898, 26.2953, 26.299, 26.2953, 26.2956, 26.2911, 26.2859, 26.2835, 26.2833, 26.2769, 26.2905, 26.2872, 26.2842, 26.2661, 26.2824, 26.2763, 26.2747, 26.2757, 26.2745, 26.2662, 26.2739, 26.2704, 26.2612, 26.2761, 26.2576, 26.2675, 26.2645, 26.2574, 26.253, 26.2496, 26.2564, 26.2458, 26.2409, 26.2512, 26.2402, 26.252, 26.2484, 26.2379, 26.2341, 23.8472, 23.9193, 23.718, 23.6127, 23.7787, 23.9353, 24.354, 24.7504, 24.6377, 25.0803, 25.4225, 25.2444, 25.2543, 25.251, 24.9001, 24.9742, 24.8142, 24.6528, 24.5868, 24.6126, 24.4125, 24.0717, 23.1968, 26.2515, 26.0562, 26.0644, 26.2067, 26.1585, 26.2152, 25.913, 26.203, 28.5232, 25.5103, 26.2173, 26.2349, 26.2182, 26.2145, 26.183, 26.2032, 26.1982, 26.2196, 26.2269, 26.2348, 26.0356, 26.2316, 26.2233, 26.2305, 26.2183, 26.2349, 26.2251, 26.2243, 26.2264, 26.252, 26.24, 26.2338, 26.1889, 26.2333, 26.2418, 26.248, 26.2014, 26.2178, 26.2333, 26.2253, 26.2309, 26.1944, 26.2389, 26.2377, 26.1676, 26.1419, 26.2062, 26.2167, 26.1677, 26.2077, 26.1999, 22.3128, 26.1393, 26.1727, 26.1775, 26.1318, 26.1409, 26.1387, 25.7098, 26.1274, 26.2025, 26.2183, 26.1882, 26.2283, 26.2043, 26.1834, 26.1788, 26.181, 26.1867, 26.1873, 26.1879, 26.1995, 26.2105, 26.218, 26.1997, 26.1485, 26.2121, 26.2237, 26.2079, 26.1813, 26.2217, 26.2318, 26.2295, 26.2209, 26.2275, 26.2288, 26.3066, 26.2117, 26.1972, 24.1654, 24.6267, 26.187, 26.2886, 26.1807, 26.1933, 26.1992, 26.1293, 26.1431, 26.0894, 26.0452, 26.0637, 22.7723, 23.4633, 26.1178, 26.1407, 26.1683, 26.0937, 26.1287, 26.1866, 26.0973, 26.1695, 26.1192, 26.1489, 26.178, 26.1729, 26.0835, 26.0763, 26.1723, 27.6802, 26.1446, 26.0892, 26.2031, 26.1839, 26.0699, 26.2043, 26.1983, 26.1605, 26.1586, 26.1624, 26.1752, 26.1741, 26.1654, 26.1618, 26.1537, 26.1325, 26.1603, 26.1909, 26.1744, 26.1535, 26.1916, 26.2023, 26.1414, 26.1382, 25.2446, 25.1377, 26.1983, 26.1579, 26.1418, 25.7802, 26.135, 26.2543, 26.0383, 26.2801, 26.3248, 26.3017, 21.5795, 26.2602, 26.2736, 26.3717, 26.3795, 26.287, 26.3065, 26.3199, 26.2507, 26.359, 26.3338, 26.3213, 26.326, 26.2767, 26.3543, 26.3384, 26.2989, 26.3188, 26.3379, 26.3433, 24.3783, 26.2059, 26.1663, 24.3749, 26.1809, 26.1673, 26.3015, 26.2491, 26.2645, 25.903, 26.326, 26.2779, 26.2607, 26.2593, 26.3186, 24.4827, 26.2212, 26.2018, 26.0327, 26.3469, 26.3348, 25.7388, 26.2335, 26.2719, 26.209, 26.3511, 26.1833, 26.1931, 26.2585, 26.203, 26.1721, 26.2616, 26.2956, 26.2443, 26.1761, 26.2141, 26.2918, 26.0423, 26.1783, 26.2761, 26.2889, 26.3017, 26.3324, 26.1731, 26.355, 26.2308, 26.3583, 26.2462, 26.2701, 26.2243, 25.9601, 26.1077, 26.2811, 26.2987, 26.2813, 26.3113, 26.3228, 26.3066, 26.3157, 26.2025, 26.0779, 26.1427, 26.1939, 26.2778, 26.2757, 26.2429, 26.2592, 26.051, 26.3285, 26.3412, 26.3308, 26.2724, 26.3291, 26.3275, 26.3334, 26.3099, 26.2485, 26.2597, 26.3226, 26.3401, 26.3076, 26.298, 26.3208, 26.2607, 26.313, 26.3189, 26.3151, 26.2295, 26.311, 26.2731, 26.3405, 26.0604, 26.3269, 26.3468, 26.3559, 26.2927, 26.256, 26.2741, 26.3537, 26.3659, 26.356, 26.3497, 26.3325, 26.2706, 26.3387, 26.3474, 26.2258, 25.6318, 26.3046, 26.3047, 26.1879, 26.2974, 26.2872, 26.1307, 26.2288, 26.2777, 26.3004, 26.3491, 26.3042, 26.3082, 26.346, 26.3183, 26.3244, 26.3135, 26.3121, 26.2769, 26.2134, 25.9165, 25.9142, 26.284, 26.3757, 26.3522, 26.2175, 26.265, 26.2514, 26.2411, 26.177, 25.6208, 26.3297, 26.3605, 26.09, 26.1964, 26.3004, 26.291, 26.2776, 26.2954, 26.2308, 26.2832, 26.2697, 26.2433, 26.2413, 26.2232, 26.3121, 26.2701, 26.3093, 26.3576, 26.1383, 26.1329, 26.2927, 26.3674, 26.2477, 26.3579, 26.3228, 26.3342, 26.3371, 26.3573, 26.3318, 26.3727, 26.3199, 26.3159, 26.3423, 26.3412, 26.3424, 26.2649, 26.0756, 26.3041, 26.2684, 26.3048, 26.2394, 26.2386, 26.0483, 26.1383, 24.3377, 26.0743, 25.8525, 26.1564, 26.2284, 26.0669, 26.3011, 26.2762, 26.3343, 26.3552, 26.3529, 26.3047
filters, ZTF_g, ZTF_r, ZTF_g, ZTF_g, ZTF_g, ZTF_r, ZTF_r, ZTF_r, ZTF_g, ZTF_g, ZTF_g, ZTF_r, ZTF_g, ZTF_g, ZTF_g, ZTF_r, ZTF_g, ZTF_g, ZTF_g, ZTF_g, ZTF_r, ZTF_g, ZTF_g, ZTF_r, ZTF_g, ZTF_r, ZTF_r, ZTF_g, ZTF_r, ZTF_g, ZTF_g, ZTF_r, ZTF_g, ZTF_r, ZTF_r, ZTF_g, ZTF_r, ZTF_r, ZTF_g, ZTF_r, ZTF_r, ZTF_r, ZTF_r, ZTF_g, ZTF_r, ZTF_g, ZTF_g, ZTF_r, ZTF_g, ZTF_g, ZTF_g, ZTF_g, ZTF_g, ZTF_g, ZTF_r, ZTF_g, ZTF_r, ZTF_g, ZTF_r, ZTF_r, ZTF_r, ZTF_r, ZTF_r, ZTF_r, ZTF_r, ZTF_r, ZTF_r, ZTF_r, ZTF_r, ZTF_r, ZTF_r, ZTF_r, ZTF_r, ZTF_r, ZTF_r, ZTF_r, ZTF_r, ZTF_r, ZTF_r, ZTF_r, ZTF_r, ZTF_r, ZTF_r, ZTF_r, ZTF_r, ZTF_r, ZTF_r, ZTF_r, ZTF_r, ZTF_r, ZTF_r, ZTF_r, ZTF_r, ZTF_r, ZTF_r, ZTF_r, ZTF_r, ZTF_r, ZTF_r, ZTF_r, ZTF_r, ZTF_r, ZTF_r, ZTF_r, ZTF_r, ZTF_r, ZTF_r, ZTF_r, ZTF_r, ZTF_r, ZTF_r, ZTF_r, ZTF_r, ZTF_r, ZTF_r, ZTF_r, ZTF_r, ZTF_r, ZTF_r, ZTF_r, ZTF_r, ZTF_r, ZTF_r, ZTF_r, ZTF_r, ZTF_r, ZTF_r, ZTF_r, ZTF_r, ZTF_r, ZTF_r, ZTF_r, ZTF_r, ZTF_r, ZTF_r, ZTF_r, ZTF_r, ZTF_r, ZTF_r, ZTF_r, ZTF_g, ZTF_r, ZTF_g, ZTF_g, ZTF_r, ZTF_g, ZTF_r, ZTF_g, ZTF_r, ZTF_g, ZTF_r, ZTF_g, ZTF_g, ZTF_g, ZTF_r, ZTF_g, ZTF_g, ZTF_g, ZTF_g, ZTF_g, ZTF_g, ZTF_r, ZTF_r, ZTF_r, ZTF_r, ZTF_r, ZTF_g, ZTF_g, ZTF_r, ZTF_r, ZTF_r, ZTF_g, ZTF_r, ZTF_r, ZTF_r, ZTF_g, ZTF_r, ZTF_r, ZTF_r, ZTF_r, ZTF_g, ZTF_r, ZTF_r, ZTF_g, ZTF_g, ZTF_g, ZTF_r, ZTF_g, ZTF_g, ZTF_g, ZTF_g, ZTF_g, ZTF_g, ZTF_g, ZTF_g, ZTF_g, ZTF_g, ZTF_g, ZTF_g, ZTF_r, ZTF_r, ZTF_g, ZTF_r, ZTF_r, ZTF_g, ZTF_g, ZTF_g, ZTF_g, ZTF_g, ZTF_g, ZTF_r, ZTF_r, ZTF_r, ZTF_r, ZTF_g, ZTF_r, ZTF_r, ZTF_r, ZTF_g, ZTF_r, ZTF_r, ZTF_r, ZTF_r, ZTF_r, ZTF_r, ZTF_g, ZTF_g, ZTF_g, ZTF_g, ZTF_r, ZTF_g, ZTF_g, ZTF_g, ZTF_r, ZTF_r, ZTF_g, ZTF_g, ZTF_g, ZTF_g, ZTF_g, ZTF_g, ZTF_r, ZTF_g, ZTF_g, ZTF_g, ZTF_g, ZTF_g, ZTF_g, ZTF_g, ZTF_g, ZTF_g, ZTF_g, ZTF_r, ZTF_r, ZTF_g, ZTF_g, ZTF_r, ZTF_g, ZTF_g, ZTF_g, ZTF_r, ZTF_r, ZTF_g, ZTF_r, ZTF_r, ZTF_r, ZTF_r, ZTF_g, ZTF_r, ZTF_r, ZTF_r, ZTF_r, ZTF_r, ZTF_r, ZTF_r, ZTF_r, ZTF_r, ZTF_r, ZTF_r, ZTF_r, ZTF_g, ZTF_g, ZTF_g, ZTF_g, ZTF_r, ZTF_g, ZTF_g, ZTF_r, ZTF_g, ZTF_g, ZTF_g, ZTF_g, ZTF_r, ZTF_g, ZTF_g, ZTF_r, ZTF_g, ZTF_r, ZTF_g, ZTF_r, ZTF_g, ZTF_g, ZTF_g, ZTF_g, ZTF_g, ZTF_g, ZTF_r, ZTF_g, ZTF_r, ZTF_r, ZTF_g, ZTF_r, ZTF_g, ZTF_g, ZTF_r, ZTF_g, ZTF_r, ZTF_g, ZTF_r, ZTF_g, ZTF_g, ZTF_g, ZTF_g, ZTF_r, ZTF_r, ZTF_g, ZTF_g, ZTF_r, ZTF_r, ZTF_g, ZTF_g, ZTF_g, ZTF_g, ZTF_g, ZTF_r, ZTF_g, ZTF_g, ZTF_g, ZTF_g, ZTF_r, ZTF_g, ZTF_r, ZTF_r, ZTF_g, ZTF_g, ZTF_g, ZTF_r, ZTF_r, ZTF_g, ZTF_r, ZTF_g, ZTF_g, ZTF_g, ZTF_r, ZTF_g, ZTF_g, ZTF_r, ZTF_g, ZTF_g, ZTF_g, ZTF_g, ZTF_g, ZTF_g, ZTF_g, ZTF_r, ZTF_g, ZTF_r, ZTF_g, ZTF_g, ZTF_r, ZTF_g, ZTF_r, ZTF_g, ZTF_g, ZTF_g, ZTF_r, ZTF_g, ZTF_g, ZTF_r, ZTF_g, ZTF_r, ZTF_r, ZTF_g, ZTF_g, ZTF_r, ZTF_g, ZTF_g, ZTF_r, ZTF_g, ZTF_g, ZTF_g, ZTF_r, ZTF_g, ZTF_g, ZTF_g, ZTF_r, ZTF_r, ZTF_g, ZTF_r, ZTF_g, ZTF_r, ZTF_g, ZTF_r, ZTF_g, ZTF_r, ZTF_g, ZTF_g, ZTF_r, ZTF_r, ZTF_g, ZTF_g, ZTF_g, ZTF_g, ZTF_g, ZTF_r, ZTF_g, ZTF_g, ZTF_g, ZTF_g, ZTF_g, ZTF_g, ZTF_g, ZTF_r, ZTF_r, ZTF_g, ZTF_r, ZTF_g, ZTF_g, ZTF_r, ZTF_g, ZTF_g, ZTF_g, ZTF_r, ZTF_r, ZTF_r, ZTF_g, ZTF_g, ZTF_g, ZTF_r, ZTF_g, ZTF_g, ZTF_r, ZTF_r, ZTF_g, ZTF_g, ZTF_r, ZTF_g, ZTF_g, ZTF_g, ZTF_g, ZTF_g, ZTF_g, ZTF_g, ZTF_r, ZTF_g, ZTF_g, ZTF_r, ZTF_g, ZTF_g, ZTF_g, ZTF_g, ZTF_r, ZTF_g, ZTF_r, ZTF_g, ZTF_g, ZTF_g, ZTF_g, ZTF_g, ZTF_r, ZTF_g, ZTF_g, ZTF_g, ZTF_g, ZTF_g, ZTF_g, ZTF_g, ZTF_g, ZTF_g, ZTF_r, ZTF_g, ZTF_r, ZTF_g, ZTF_g, ZTF_g, ZTF_g, ZTF_g, ZTF_r, ZTF_g, ZTF_r, ZTF_g, ZTF_g, ZTF_g, ZTF_g, ZTF_g, ZTF_g, ZTF_r, ZTF_g, ZTF_r, ZTF_g, ZTF_r, ZTF_g, ZTF_g, ZTF_g, ZTF_r, ZTF_r, ZTF_g, ZTF_r
time, 58204.5143519002, 58226.45445600012, 58242.49578699982, 58244.44673610013, 58252.471793999895, 58255.44586810004, 58266.354328699876, 58267.372777800076, 58270.482476899866, 58270.48292820016, 58272.40599540016, 58272.45487269992, 58274.434201399796, 58278.40568289999, 58284.3912037001, 58290.38666669978, 58290.43292819988, 58293.42644680012, 58295.47155090002, 58299.45258100005, 58308.36518519977, 58314.367858800106, 58317.36353009986, 58320.36314810021, 58320.41594910016, 58323.470046299975, 58326.33952549985, 58326.42918979982, 58329.34350690013, 58329.41461810004, 58332.23960650014, 58332.32009259984, 58338.18149309978, 58340.30582180014, 58341.319317100104, 58343.30732640019, 58343.32746529998, 58344.30611110013, 58344.34762729984, 58351.21565969987, 58354.26486109989, 58357.30471060006, 58360.2760648001, 58363.19700230006, 58366.18496529991, 58381.220127299894, 58384.26859949995, 58387.13120369986, 58387.17572919978, 58390.159826400224, 58397.10934029985, 58400.12245369982, 58426.161886599846, 58429.15943290014, 58432.092997699976, 58432.1546180998, 58435.09082179982, 58435.16057869978, 58437.07692130003, 58437.07785880007, 58437.08252310008, 58437.083449100144, 58437.08717590012, 58437.08997689979, 58437.09184029978, 58437.09370370023, 58437.0946411998, 58437.09836809989, 58437.09930559993, 58437.101168999914, 58437.10395829985, 58437.10489579989, 58437.10582179995, 58437.1114236, 58437.11234949995, 58437.11607640004, 58437.117013900075, 58437.117939800024, 58437.12913190015, 58437.13193289982, 58437.13379629981, 58437.13472220022, 58437.13752309978, 58437.14032409992, 58437.14126159996, 58437.143124999944, 58437.14405089989, 58437.14498839993, 58437.146851900034, 58437.150578700006, 58437.15337960003, 58437.158969900105, 58437.16177080013, 58437.16456020018, 58437.16549770022, 58437.16642360017, 58437.167361100204, 58437.16828700015, 58437.16922450019, 58437.17016200023, 58437.17108799983, 58437.17667819979, 58437.17947919993, 58437.18134259991, 58437.1832059999, 58437.185080999974, 58437.18694439996, 58437.188807900064, 58437.18973380001, 58437.19067130005, 58437.192534700036, 58437.193460599985, 58437.19439810002, 58437.19906250015, 58437.20278939977, 58437.204652800225, 58438.148263900075, 58438.14920140011, 58438.15013890015, 58438.152002300136, 58438.15386570012, 58438.15851850016, 58438.16039349977, 58438.16318289982, 58438.16412039986, 58438.165983799845, 58438.16784719983, 58438.16878469987, 58438.170648099855, 58438.17157409992, 58438.17531249998, 58438.17623839993, 58438.17717589997, 58438.178101900034, 58438.17903940007, 58438.17996530002, 58438.18090280006, 58438.181840300094, 58438.18370370008, 58456.13738430012, 58472.13997690007, 58561.42398149986, 58561.52996530011, 58573.496111100074, 58584.51442130003, 58587.4944329001, 58591.44760419987, 58601.30934030004, 58619.43305560015, 58644.430428199936, 58644.46519679995, 58647.38131939992, 58650.467164400034, 58653.36458329996, 58654.381817100104, 58655.29112270009, 58657.45284719998, 58658.452175899874, 58660.349664399866, 58663.45334490016, 58668.30601850012, 58675.372256900184, 58675.38362269988, 58678.23549770005, 58678.33539350005, 58678.33584489999, 58678.42819439992, 58679.341851899866, 58680.34358800016, 58680.36590280011, 58680.40746530006, 58681.195543999784, 58681.29952549981, 58681.37902780017, 58681.389305599965, 58682.196053199936, 58682.27515049977, 58682.29780089995, 58682.33271990018, 58683.32585649984, 58684.27769679995, 58684.36997690005, 58684.37042819988, 58688.31221059989, 58690.310705999844, 58693.27980320016, 58693.34815970017, 58695.31835650001, 58696.31952549983, 58697.372569399886, 58698.36049770005, 58699.359270799905, 58699.36746530002, 58700.36880790023, 58701.32157409983, 58701.36025460018, 58701.368414400145, 58702.36864579981, 58703.321111099795, 58704.199201399926, 58704.26229170011, 58704.31660880009, 58704.35131940013, 58705.36502309982, 58705.38255790016, 58705.39065970015, 58706.379791699816, 58706.38789349981, 58707.23641199991, 58707.391921299975, 58708.20829859981, 58708.29418980004, 58708.31253470015, 58708.37121530017, 58708.388749999925, 58709.28524310002, 58709.335208300035, 58709.3639814998, 58710.199282399844, 58710.267222200055, 58710.2676736, 58710.289791699965, 58710.29432869982, 58710.29478010023, 58710.330324099865, 58710.34710650006, 58711.19866900006, 58711.3432407002, 58713.20744210016, 58713.265219899826, 58714.199236100074, 58715.35030090017, 58717.28464120021, 58717.33476850018, 58718.33659720002, 58718.355127300136, 58718.363576400094, 58719.35457180021, 58720.35505789984, 58720.3634722, 58721.28498840006, 58721.336678199936, 58722.36315969983, 58723.35454860004, 58724.306863400154, 58724.35634260019, 58724.364699100144, 58726.284374999814, 58726.35480319988, 58732.2814468001, 58732.35559030017, 58733.28076389991, 58734.33649310004, 58734.344826399814, 58734.35423609987, 58734.36160880001, 58735.33628469985, 58736.127743099816, 58736.29018520005, 58736.36255790014, 58737.18932869984, 58737.2199074002, 58737.36138889985, 58738.2570369998, 58738.25747689977, 58738.334907399956, 58738.3353587999, 58739.12958330009, 58739.26013890002, 58739.28557869978, 58739.318414399866, 58739.31885420019, 58740.29859950021, 58741.28976849979, 58743.26363429986, 58744.25841439981, 58744.302789399866, 58745.3307523001, 58754.14106479986, 58788.10443289997, 58794.143900500145, 58804.10364580015, 58820.14160879981, 58838.11177079985, 58892.529074099846, 58892.5595602002, 58895.53336809995, 58913.48953700019, 58943.43152779993, 58965.43258100003, 58977.393044000026, 58980.4313194002, 58980.4769444, 58997.40923610004, 59000.43407410011, 59004.29638889991, 59009.27908559982, 59009.373622700106, 59012.47652779985, 59028.26996529987, 59034.2450116002, 59037.24851850001, 59042.348275499884, 59059.303391200025, 59059.39084490016, 59060.30503469985, 59062.32517360011, 59062.41027780017, 59063.319907399826, 59064.32373839989, 59065.245463000145, 59065.33848380018, 59066.32256940007, 59069.36751159979, 59077.279097199906, 59077.340451399796, 59080.352013899945, 59082.303437499795, 59087.29730319977, 59089.26099540014, 59093.172974499874, 59095.283402800094, 59096.15526620019, 59110.2447453998, 59119.18587959977, 59119.253842600156, 59120.24937500013, 59122.20413189987, 59125.12267359998, 59127.17564810021, 59135.24243059987, 59139.200277800206, 59141.20333330007, 59169.10215280019, 59171.07434030017, 59175.10417820001, 59177.12221059995, 59179.14155089995, 59184.15276619978, 59188.0998958, 59188.163032399956, 59192.11464119982, 59203.12164349994, 59262.53907410009, 59265.513125000056, 59268.53583330009, 59274.525659699924, 59291.47171299998, 59297.45346060023, 59301.41081020003, 59301.5070369998, 59303.40856479993, 59306.436180599965, 59314.47508100001, 59336.45256939996, 59336.4535069, 59349.45481480006, 59359.318518499844, 59362.4066319, 59366.32643519994, 59390.426840300206, 59392.30046299985, 59397.303090299945, 59415.43069439987, 59418.260381899774, 59418.3264583, 59422.39160879981, 59424.26674770005, 59427.30180560006, 59427.33035880001, 59429.33307870012, 59429.36978009995, 59434.26159719983, 59436.35305560008, 59439.34819439985, 59439.362986099906, 59441.29075230006, 59446.28061340004, 59446.34268519981, 59449.224085600115, 59449.32791669993, 59452.259062500205, 59452.30575230019, 59454.21586810006, 59454.30462960014, 59458.266423599795, 59460.28502310021, 59460.32341440022, 59462.28825230012, 59464.24187499983, 59466.30505790003, 59466.342442099936, 59468.20179399988, 59470.24592590006, 59476.24719909998, 59476.30146990018, 59478.22774309991, 59478.30011569988, 59480.220000000205, 59484.18578700023, 59487.16450229986, 59487.19564810023, 59489.183530100156, 59489.205335599836, 59491.17657409981, 59491.258263899945, 59502.13781249989, 59502.16443290003, 59504.156967599876, 59504.19521989999, 59510.20342590008, 59512.18159720022, 59517.15533560002, 59521.12513889978, 59521.15254630009, 59522.136713000014, 59523.15315969987, 59526.19730320014, 59527.132986099925, 59529.11393520003, 59531.196284700185, 59537.200555600226, 59627.53874999983, 59630.530567099806, 59640.49459489994, 59689.44703700021, 59689.47050930001, 59694.43002310023, 59694.46906250017, 59696.43165510008, 59712.46310190018, 59714.466527800076, 59718.40401619999, 59718.445983800106, 59748.341874999925, 59750.324849499855, 59757.32311340002, 59757.36692130007, 59772.43192130001, 59781.281134299934, 59781.34665510012, 59789.266574100126, 59802.24935190007, 59825.29105320014, 59841.19150459999, 59847.177233799826, 59855.238495400175, 59865.17906250013, 59883.1609259001, 59887.16032409994, 59889.21754630003, 59894.17840280011, 59898.11750000017, 59900.114062500186, 59922.16703699995, 60016.500115700066, 60044.43172449991, 60044.47609949997, 60054.454652800225, 60057.47355319979, 60059.46988430014, 60061.47001159983, 60063.44614579994, 60067.42997690011, 60078.3938310002, 60081.36296299985, 60098.44905090006, 60110.4073379999, 60126.42800930003, 60134.44731480023, 60138.38881940022, 60147.40778939985, 60156.327372699976, 60162.217175900005, 60183.405231500044, 60185.26774309995, 60187.16115739988, 60211.21880789986, 60213.1408218001, 60213.182453699876, 60223.15129629988, 60228.15775460005, 60231.180208299775, 60237.13871529978, 60239.179236100055, 60245.12296300009, 60247.12521990016, 60249.177824100014, 60258.136099500116, 60260.2062615999, 60262.15746530006, 60268.1238425998, 60285.12535879994, 60288.12078699982, 60354.51021989994, 60356.51532409992, 60363.49047450023, 60368.49644679995, 60387.51158560021, 60389.454097200185, 60391.448310200125, 60396.407777800225, 60428.446006900165, 60443.42898150021, 60474.40451390017, 60479.34378470015, 60481.4066666998, 60485.394895799924
flux, 2.13425942727383, 37.2868179259437, 44.7014747975618, 9.6642350465163, 4.50676410834885, 23.6403971797694, 40.9704560413188, 34.2880665452679, 53.397552062958, 11.3579120485275, 24.1902044860569, 8.10730426679514, 32.2121446364326, 16.070512668754, 18.2051577500423, 7.66244932186911, 33.1176972872063, 13.0265611309924, 209.12294749101, 104.970208516104, 26.3731775989149, 3.815920732495, 18.7156231677015, 8.3330800761804, 38.9604842496929, 15.3439777349066, 31.2546850395998, 30.3645521084698, 6.74998950539611, 0.4541063363253, 8.37720760151214, 6.72219322467613, 16.1727625918713, 5.24195151670064, 18.427366596318, 0.640134003526084, 3.77736180724044, 3.63416024304242, 2.06914728020417, 21.8287628726351, 53.1753378313621, 59.0627730770944, 75.0823599258486, 8.29299558732643, 14.7660485875199, 32.6931624589085, 84.4746050846077, 9.15313082280354, 44.1457564933916, 2.27443271098909, 2.7446069213004, 35.8883130170711, 91.5340986965627, 10.8619871489583, 12.269886402865, 21.1099259746378, 46.4381533793088, 38.6150211242764, 13.9101337363997, 24.7472166387275, 25.8244366122912, 1.93029582341614, 1.83378738815821, 16.9890874675122, 36.20239816617, 6.99047132469792, 38.2861950228113, 69.7695657742437, 33.6853713461818, 48.4735309121838, 25.2864599458624, 27.888429231836, 33.5886131411477, 42.1774680970138, 25.2035714594403, 17.2332910699993, 17.1724345511732, 11.1643698000857, 17.5896603779367, 11.5337108989032, 18.3901970715783, 71.0202702509242, 35.2190376014431, 31.1355814308959, 47.4946206461232, 27.0058198054777, 27.1300442336726, 66.5618617642068, 19.3672558952336, 11.8770124902975, 49.526860259534, 19.6341052083562, 24.2776011969266, 74.6207889984662, 46.0433754905935, 29.0336686000412, 35.3806466554936, 27.574387788782, 35.6182795265637, 46.2826758426213, 33.9365846825983, 23.7622580363974, 43.2111416538237, 51.9196177284462, 13.9192051806034, 18.0091166893514, 1.98377968754633, 45.5819103250355, 36.7706848743858, 63.8447629854232, 8.69981411850817, 37.7391856892055, 43.2406240594505, 81.3063195676827, 8.75550526640723, 47.5745683156755, 0.225400378755462, 14.9085701030265, 44.1804435324258, 72.0661601502021, 44.2313947995734, 100.21842634281, 102.243800319658, 57.1945023726486, 44.7813660310977, 56.288563146407, 216.68404577634, 14.9246413056006, 103.16386626122, 98.5747499867293, 68.3507603266671, 2.40027250553679, 45.5961325756849, 384.972818373216, 14.6905809896404, 72.5548823233728, 31.4556939415583, 23.243258711815, 10.1824455019072, 150.647507114757, 66.6451451603227, 46.6117888863557, 78.3333871283913, 25.3483884730672, 42.2772276357347, 21.9590617975858, 71.8290005280895, 187.246998191728, 44.5109231877401, 11.8179684950086, 0.702472667760576, 39.1785855238325, 30.442109491637, 25.6115812120036, 28.3575649205726, 49.5242318839048, 0.326130442403217, 39.736900296732, 12.0245598305139, 1.93513571413181, 9.78616388495839, 5.796565809962, 14.0457879282304, 62.3667641562844, 41.164135840646, 34.0023830223375, 6.76919239944885, 2.39505171973041, 16.7620019068033, 8.43014743418329, 15.0474596975034, 24.4530484974714, 7.67475456089996, 58.8356558102066, 13.8720247556098, 17.0125763227567, 2.45576108371042, 0.654017680993584, 8.63245441132821, 66.4293196812435, 15.9771270573712, 27.6167933400942, 4.83142800926463, 10.1074271691607, 15.6023898556295, 8.65017180171572, 0.4512046148185, 14.9953689510545, 4.37402695590134, 18.9530554596758, 20.6176261565031, 24.5318586468051, 23.9785142303521, 1.35906274990118, 23.6587735675025, 16.932249137607, 33.635916125887, 10.6149166920336, 16.2829697577427, 8.04015843927128, 26.649564164097, 17.6002114523611, 8.60438761101264, 7.8202641615805, 3.77421249992801, 18.806494763815, 44.5903768086021, 40.6721817792043, 21.2344830341685, 12.2622095777702, 34.1344321400358, 46.7972139459052, 7.05939079758556, 36.873397495712, 13.3532346824557, 76.8930616093043, 57.8577509250374, 0.25375681298284, 116.717959996292, 56.0534024758162, 40.1949059302254, 12.0876727287968, 57.4025646334182, 0.385678184360166, 9.41028111523551, 67.8724414340978, 73.8796277881489, 76.2599339630268, 14.0109884929121, 26.9334446355001, 7.60196135215414, 24.8439092069673, 17.1817638251564, 12.1426434148888, 12.4074077779877, 10.6574300052111, 4.66511030688375, 13.3756874412544, 84.600465952263, 23.3121612029944, 29.379786178926, 108.468456474313, 7.66885236666624, 0.205504296994309, 5.022996890278, 5.42216397322971, 46.9874251465449, 3.09330948974813, 30.7167188945471, 6.21952448460006, 28.3755872481688, 20.7482902488298, 19.887020736942, 66.8856009366128, 16.7552395391017, 59.5220233440948, 1.7918354304344, 177.354212957143, 17.6589680658913, 17.1877303111511, 39.6832277884355, 12.7846433555096, 32.2766482878978, 53.0540198303245, 143.185379236162, 32.963794825249, 69.3967270601037, 12.884167680726, 51.6288779770843, 16.3571591031899, 20.8492340566605, 38.8742778132109, 161.843353882011, 45.9783428665804, 9.43857230734284, 1.37216669944283, 4.26953881348234, 9.93638878814997, 7.53395333495174, 29.7751281578627, 25.3332309548135, 17.7672050225479, 17.8160050679172, 12.5082266611514, 24.8599207021322, 2.57924264515942, 21.8357929132784, 6.94301317409012, 99.6480396881889, 4.31017326489571, 29.0458537425071, 34.9555215745244, 56.648950058907, 22.2464940823381, 2.54069273301841, 79.4020160406184, 50.5657239659906, 9.06099144918262, 29.1140760759006, 16.7679667042236, 37.766418283267, 16.7244146035027, 41.5738788529313, 21.8557129638763, 6.15876693997181, 48.1206267514412, 14.2452081465761, 5.40205345999841, 96.1727802580375, 1.88829754313082, 2.28888830094561, 104.316146863784, 21.6697975578955, 63.7680861623227, 78.5715541917489, 5.26293266513467, 0.132871611428043, 52.1291566799502, 15.5113607519064, 46.8922081351209, 3.7697508309893, 69.5923456560999, 24.5265234000955, 22.8238361410657, 23.0581857392901, 24.4631198000546, 4.58839208998161, 23.3021235742518, 75.1810026976235, 73.3060217299906, 2.09207364227273, 32.1176201285243, 10.0003719360713, 4.86170916854309, 24.6243322827142, 30.1216868198826, 4.88337586634985, 62.8957723386377, 17.3034192457186, 49.7343195558163, 3.48637467329904, 41.2321042229088, 80.2631806248705, 20.4295866944537, 1.71639465124786, 41.6636336673949, 104.495608653701, 34.0508202779246, 9.98133334762827, 60.0821968195523, 27.9516143334511, 42.6530957248467, 41.2552395542228, 3.26200762932778, 72.8862709654652, 32.7396820596642, 4.364645329728, 11.9936924517548, 38.4809271214317, 0.841546485765983, 46.5541692948773, 42.2106385383369, 47.5804734950734, 4.88788772088097, 181.34974318441, 57.3188507975505, 490.516887618166, 377.161511189031, 492.188448035384, 997.540703783066, 607.87209876197, 1165.21002592847, 585.174366742881, 490.753075451885, 311.792979808639, 1016.40123769205, 250.763460540079, 194.226036498012, 759.541519885791, 127.59896639074, 705.911967130334, 391.770275500116, 192.435394660757, 176.745962643551, 453.782161522296, 75.5136976727975, 84.8385759056795, 365.955924011059, 75.5104279235853, 88.9157287167405, 55.2880905963959, 273.767086466254, 70.6901214751133, 76.6791726640326, 107.259971120249, 201.380525533978, 143.160542965531, 109.910215596433, 137.289693396932, 26.8685715321292, 98.1472850465477, 12.7541312270198, 34.9730070303563, 10.0760732104262, 110.896748924358, 21.0331497596299, 80.1899590047531, 41.9219013738885, 71.4305993488896, 72.1903936168831, 39.9067448583167, 53.9046574578012, 38.6548268740677, 20.5862791171093, 44.1575627091823, 9.66646939860732, 59.1313650392262, 45.5815673193698, 60.2525641533378, 41.24015677659, 80.5712238762725, 147.413005715321, 57.0543617110576, 7.7763849028937, 22.168662550568, 3.89355594183368, 75.7047191836349, 43.2530959146513, 12.9466847819191, 2.34143345655967, 11.8446043542014, 29.1577649226374, 0.311235892586574, 5.04798746333693, 6.90586609963097, 36.6868022969344, 14.7278444368915, 19.3930247704726, 46.8223437542828, 19.5820356095382, 1.6205104878094, 4.12305873825025, 69.4636749307761, 17.2471937883407, 27.2769020877362, 3.84958394213782, 26.5618580538702, 14.0133225010831, 15.1761915111574, 3.20088639709138, 8.87934466806433, 100.018237603509, 8.00253312594108, 38.0518844701692, 61.6992951425322, 74.9382704243788, 50.5509656074711, 14.2577002271282, 26.901602361041, 5.00907640529173, 15.4763460716778, 6.66039288022779, 6.0354239377699, 50.0017764667296, 14.3300489310332, 25.8382058781139, 39.6755673426767, 28.8820187198956, 9.16037457898621, 4.16880424895761, 7.09611168917713, 11.9731371807791, 26.9358380896786, 4.96454593683691, 19.6681847651159, 49.8101805026803, 84.4169905196027, 20.2099795838, 48.8264079919517, 5.01184282123469, 12.5316563577899, 13.5545112231597, 31.584135986324, 2.98086249380203, 20.1922975019998, 71.7303067564149, 29.9415107414652, 20.2185835102482, 20.4988947981965, 35.7502557701971, 18.10741166707, 23.3334426560818, 6.8679657714205, 36.2951140648594, 19.6354786045991, 37.727697712443, 96.1571915510718, 50.5537305512877, 41.9016920186089, 51.210538444821, 87.2453872877793, 114.513976366025, 19.7734201781148, 0.736973071104339, 0.953006095984402, 2.39108064930429, 15.8680846799173, 1.92591118270954
dflux, 31.8619968506169, 22.5011504600975, 56.2459238169378, 31.9021450193659, 18.4346351448604, 26.6288755803517, 39.1137796793271, 81.0839146435724, 81.8117427008824, 68.7262790575433, 29.3073718417126, 26.1210464087028, 23.321279242594, 19.0538024888361, 18.5219987226273, 19.7067199788546, 24.7558386893829, 28.7389816675189, 88.8225991309639, 51.9393017546752, 30.5148330543012, 14.1833196904061, 30.0628621976758, 18.0332352867659, 22.3161292717992, 23.3818851235743, 55.0113241561192, 76.4316091717033, 28.7338376459149, 55.8722444318359, 21.0072474034077, 22.1880957369035, 25.9415756089471, 18.0772045126695, 18.9644132858584, 19.5214227390661, 17.2037633276786, 19.8223064397411, 18.4981853130988, 27.4290379117512, 30.5490957549453, 47.9222956140991, 31.1583158721773, 31.0808285098103, 20.3919599530912, 34.3082239263334, 44.3009335462741, 26.6115983725653, 43.9367794043702, 17.1364529285438, 20.0379592373293, 17.3698290506007, 28.5873829320052, 23.2578407343616, 45.8805574044381, 39.0102746558367, 51.7487451545635, 51.566386056726, 39.5953848085099, 40.8106128375632, 32.2977506821154, 42.4036455623209, 41.0836821592473, 43.5282838825977, 44.6932294663017, 45.6380468099969, 48.2036021214298, 41.1232656350382, 50.5782585361069, 42.1206513162147, 40.3771710685456, 48.5429933849078, 45.9118559844772, 49.7455552881774, 50.4600654996323, 50.5681360457332, 58.96530805869, 52.213761354392, 51.4287945295062, 53.662570634601, 46.1298146708152, 52.4399747235942, 51.4873844751324, 54.055758766135, 54.7096958078444, 60.3992856525163, 51.6354163419904, 48.6359074047394, 57.1765111085757, 58.2762785963423, 67.5397184099928, 53.1792821835966, 54.0624462703601, 59.133950580424, 59.7939043452106, 56.9721567821064, 58.6373002825879, 50.7368875632875, 54.3824970975256, 59.0920932867314, 49.6506856733001, 54.5534951899566, 53.748562107242, 53.3944255507723, 55.8469218207633, 58.0510960207469, 58.2918632263632, 67.8779965348301, 58.87745198677, 61.2804692915311, 55.6865078186741, 60.8488285210762, 62.7866503013237, 51.2739610186475, 57.4736232079731, 62.5569549531432, 132.652261488834, 152.869921367048, 132.497820150221, 154.754719783901, 130.811310052913, 174.920734902708, 127.987253912042, 141.45249626999, 176.241584620298, 106.673412138464, 85.7877607311338, 96.2733069921221, 103.174603418446, 98.5409915960101, 100.102707954781, 98.4140262060358, 94.9318730137544, 121.937771162914, 113.023896165256, 116.3800700082, 115.627127434084, 130.818711412734, 131.880122700332, 65.0894500581906, 94.0209880648746, 101.188577310594, 85.016789574785, 29.1885665781726, 27.7879000910576, 27.9268504348606, 63.3417734259437, 107.503880822578, 70.2861606775182, 20.0209995714622, 18.0072939621751, 33.7375480771236, 41.8815547815276, 45.9767518165501, 37.1361832021465, 56.9021061708515, 32.959155320677, 25.5937535479807, 13.7050567667538, 19.9984949219339, 17.7990562509654, 24.1114579736654, 18.60034482199, 30.3354981178589, 37.35308162803, 38.7382392420764, 30.5272937767002, 49.1669193785309, 45.2103477635565, 38.1421972858895, 34.5597008456492, 75.7602523731831, 39.8321240065129, 44.0636895666017, 41.9406954131785, 44.0070986239588, 31.9163083843617, 29.547580998143, 30.8421447641382, 30.8754756601269, 42.1052976656332, 41.7042206693584, 48.5657652273476, 17.4053884589116, 17.0509811102645, 18.6487348946358, 17.9880062089915, 18.5740370636069, 16.1763296979244, 16.0170176044872, 27.1042434159374, 22.5847910423435, 17.8510584967603, 15.0430328089264, 16.6385743316663, 16.5035599802855, 19.1395244362107, 20.9044998872161, 20.1762491794789, 21.8538182393343, 26.6982060337656, 33.2021289269205, 39.376495786783, 19.9226909330311, 22.1932394296128, 21.1880739658092, 32.8959874294358, 29.825220619738, 51.8478619038701, 36.2550573995555, 37.2462754986101, 35.4632453120031, 30.5738749737906, 34.3411911508732, 58.9634688659554, 34.117791206489, 43.2871291851341, 46.7019624563386, 83.6436178789602, 49.7822914168415, 50.4511492531652, 42.7898261224625, 43.1603459059106, 42.6381826923144, 37.9180805910096, 68.5200387955356, 43.6888569175511, 59.7455723944353, 65.8640516007303, 81.5760924388438, 24.9141099389542, 41.377671846823, 34.0305327440111, 28.5797590449973, 28.7973135531828, 35.1061181015891, 28.9565800009949, 40.7529309889499, 37.3661267858412, 21.1775841822965, 31.2737244666991, 44.8150833672322, 20.0001465835605, 16.5859269453394, 21.3732313499134, 36.3674417843693, 21.099076631399, 18.7305704617251, 33.7931719751536, 16.777225530797, 22.7224101076095, 33.1598430208415, 41.3083523415176, 34.9684932709801, 36.1929237475516, 32.2932904328035, 42.8900238489721, 100.229504074197, 47.3015527413657, 50.1678663128739, 51.221309124152, 39.9482287525617, 70.0317968094582, 53.9565276467542, 53.0459999872704, 47.1360862973849, 54.0371552978914, 51.5236148774432, 40.1788494852025, 52.1411623173735, 60.5264063713847, 59.4952903147078, 56.1212841023345, 69.089312169686, 32.8493634925564, 33.5239453379308, 40.4711727972964, 44.3365150449581, 23.0930513277197, 42.790596779664, 37.0728092580235, 36.6030235037193, 57.0055759471464, 79.059149731226, 66.5237050949974, 68.0145371899265, 42.8406874986566, 26.4305396302026, 67.6773960192166, 19.6592245317658, 72.9280255870555, 52.7504374892127, 34.6924603271984, 17.6900873483294, 34.191857903923, 42.0432151828225, 60.1317773095123, 41.7580449182815, 30.1248719328225, 24.7077821690966, 72.6589449523544, 59.3530454197273, 28.4790264823697, 35.6746465826723, 25.9240454271914, 39.0579793252657, 30.7052491521853, 62.1810777199327, 48.1377878712638, 62.1455380804764, 89.8968302277568, 62.9822732364831, 61.5539031141763, 33.8607682807021, 25.9689381084658, 18.5440608539085, 23.9501887754988, 26.2705828338433, 20.4358852997894, 58.6233066191884, 55.5586324732348, 72.9701409702829, 34.4019785658578, 26.9517943708523, 27.7709354199267, 43.8514658359777, 62.648632654194, 37.5749998271067, 59.8977371094323, 45.9301825311496, 27.590984392647, 21.6027475506685, 22.654303467881, 38.8991269746827, 29.0374227914629, 41.5216028697868, 59.107854250155, 53.3789142115996, 87.687790853647, 47.7829457329785, 59.0960388520658, 80.5253524646092, 73.9233130450604, 41.0053948897589, 39.8980102818537, 31.3799071516328, 93.5547577655596, 24.7275374600184, 64.8308143763842, 138.140447395586, 79.357791996671, 103.695132390471, 42.2628491124523, 22.6226742631309, 39.6480022712307, 40.5720074791755, 21.9767755647343, 61.9261769033808, 49.2792797582949, 21.5140232239896, 58.9190856599191, 67.4429394380415, 23.2756628940606, 20.6284727342903, 70.8982334050893, 65.3713792151342, 30.0106370898511, 25.0602501751855, 22.0604837904266, 27.9638668389635, 23.5853705307655, 28.9010423365279, 22.2217067150155, 22.0440125850477, 25.8025064938352, 28.9498934720414, 23.2870039692667, 58.4494772881296, 62.4602144726282, 59.3196076082177, 47.0825616659522, 34.0849881540069, 37.8766714004291, 23.3567246263344, 27.6510224703173, 19.3183273760144, 24.1931599131865, 25.9882871083045, 26.1618244513601, 21.6859523670419, 24.2309462952061, 24.0310992651678, 21.8887293651164, 21.4571798950311, 70.1326757551464, 47.2290960403359, 51.0441735478736, 77.2387560590731, 29.0102154257317, 18.9395768284085, 33.5709943037225, 27.4204701712548, 23.3322402625177, 25.3766255903475, 22.7905362312607, 29.2086646437437, 46.7328753993299, 54.6463227936042, 45.8468303464702, 50.6707872545029, 60.766523721488, 26.6954891422665, 21.3605685200021, 25.2856811837115, 22.7125429031359, 21.0850397178525, 25.0292647439609, 23.895990236416, 32.5470216593205, 36.0441605443185, 65.5539751226662, 121.294386537262, 114.638986289644, 43.7634348911813, 33.357726048358, 87.7324932597737, 68.0959418691064, 49.1350535308359, 62.8539163634345, 28.5958518745667, 24.8783349645934, 49.1046253826661, 28.4466865859089, 29.5658719604446, 32.8175360694143, 41.0548990590986, 18.9247091800727, 19.5554775596745, 36.1669854365617, 20.1001742333186, 24.8105090200105, 20.1030269908118, 61.5530625381464, 21.182676445183, 21.2419506870637, 21.2062766284241, 28.7634459915165, 37.0229201253787, 33.8517742792864, 58.8657925231579, 82.9118084584426, 64.9680696646741, 24.9842795380068, 65.1475132751179, 84.4707756589379, 53.7291558244819, 30.3477254125697, 40.445677233055, 30.6048316648397, 19.3713637799121, 33.6211264703358, 23.9681797536894, 21.8864634426547, 76.1715251242576, 19.4835788589054, 21.7327241300975, 54.3572213092588, 17.1724631921606, 27.4602353200282, 21.6627367253958, 24.8640428191838, 24.963791637242, 45.6082396880072, 25.5827210870496, 32.1024203195529, 51.209463708582, 53.2073065080571, 43.3248284888518, 66.5243810933987, 43.6096885571567, 30.6887600695156, 55.0899877431108, 26.8306986218662, 26.1343635962965, 30.1617161068789, 73.3046839700714, 114.051284017817, 64.6175748374262, 52.1072354860511, 50.33081645213, 30.8451922656795, 47.7279235354999, 53.4528321587053, 74.803780573736, 37.9681571484525, 32.1036937543226, 214.534057471027, 68.6294263408518, 44.2687765120883, 48.3554961303521, 54.7398198920978, 96.8620850929545, 43.877008284222, 31.3752874143641, 35.4620255315741, 42.8895246350676, 38.0157743265631, 35.0705966502507
mag, 25.491981978931168, 22.310211694866403, 22.167795370812375, 23.789781289997638, 24.667437932603498, 22.864363077986564, 22.211223004742116, 22.22144250858878, 21.909896630364834, 23.60085374663868, 22.799501151047473, 24.002308819057124, 22.453950898850962, 23.273025671243555, 22.45021388373994, 24.076780962033865, 22.479749669620254, 23.524125545321002, 21.976695771352446, 21.163734850251096, 21.46359385161284, 24.68840163850841, 22.726489269385073, 23.975686112075675, 22.034439134510343, 23.274055100905084, 22.5302121830526, 22.518582801358868, 24.146342255978773, 27.00930609543524, 23.857851804663078, 24.182622520500725, 23.169939471580935, 24.154567500502708, 22.71774181040638, 26.698522756836667, 24.813928537823593, 24.839189817546043, 25.400421488773684, 22.921327192199044, 21.971124355686715, 21.883515415447036, 21.599055213639428, 23.867021414260428, 23.357939267175006, 22.453757668568677, 21.37128457464403, 23.871775825899793, 22.17367759148879, 25.41171726807694, 25.15229961449571, 22.361717389594343, 21.046042726115846, 23.65632678841468, 23.566398645105323, 22.917983224033403, 22.131012645951316, 22.249709308113864, 23.455771736360425, 22.830484099544925, 22.77472286075919, 25.599140322516572, 25.64912754612282, 23.2387748692587, 22.411956648540222, 24.198833853620517, 22.358494481930983, 21.69453494984169, 22.489296651599936, 22.09833836054321, 22.80047991691092, 22.6935398648509, 22.490519819033903, 22.22759873601119, 22.792944783440426, 23.206279441746396, 23.210020325407427, 23.670214466763433, 23.182156364604207, 23.644077346762387, 23.133834041961848, 21.667144198564543, 22.424156289440685, 22.552757549453215, 22.091888942043255, 22.704656586172568, 22.693273745376302, 21.732436347855018, 23.069529772928867, 23.59743196702012, 22.0289980077836, 23.049872215475656, 22.81328556730376, 21.592550408210215, 22.11778211317025, 22.61724521165309, 22.39428558427899, 22.67263530265055, 22.391217655343446, 22.09765385041942, 22.44942966610471, 22.817880730970373, 22.178510648303963, 21.976171284502154, 23.398363908137874, 23.114268969804048, 25.5058664022738, 22.109418694036748, 22.332045702700935, 21.728086802376183, 23.90242506620305, 22.29821868746137, 22.16227011706856, 21.4730892434346, 23.882196966018494, 22.04066285936119, 25.46481339628746, 20.98571002049973, 19.604924821279262, 18.96837154381786, 19.664373413264492, 18.932931052377384, 19.32990754127445, 20.35701428570835, 20.50995665659774, 20.704249593110163, 19.58293266039881, 22.30964024444461, 20.220480975552743, 20.26658578936552, 20.313241625057902, 24.0235486239162, 20.666879980634327, 18.189224833678495, 21.669202570496218, 19.96093339484174, 20.668251823593305, 20.65595745949233, 20.677169764124876, 20.80659512637654, 21.49677870440535, 21.89316057303945, 21.471832735495706, 22.64862411444607, 22.14993374912929, 22.558965547717385, 21.56225044139815, 22.842162839668276, 21.389133495130395, 23.535942930302404, 26.61832642222868, 22.2355781188039, 22.505813140854617, 22.66190902039967, 22.57152766247444, 21.96115562900754, 27.436121651017437, 22.22891503333529, 23.53462703097737, 25.31882142954324, 23.75506878889955, 24.315373072774843, 23.361634732775016, 21.730916970861667, 22.198602493269206, 22.396326612013155, 24.14795785464773, 25.27811275953691, 23.19118528569065, 23.925412074917283, 23.29014202799519, 22.71806747702574, 24.02063876097912, 21.817698503325985, 23.392650362094848, 23.12447478357105, 25.242334717883917, 26.694326276535847, 23.88496426628956, 21.6750004881267, 23.185653277714998, 22.635966874816223, 24.52751121821287, 23.655998448420196, 23.158922186546622, 23.863638167235024, 27.08076616784126, 23.227807110617114, 24.60549636213762, 23.00570191644169, 19.027203348416805, 22.664973865983026, 22.7231443259818, 25.844401226993853, 22.696819430617563, 23.069113375079887, 22.321691847855494, 23.14500852478407, 23.098065959339085, 23.939338482412687, 22.654074722942063, 23.074405286140482, 23.89150008429459, 23.971246441525864, 24.74133412837416, 22.993030356497655, 22.0578971441313, 22.16345632524287, 22.86969576924046, 23.466478163661066, 22.366518294173744, 22.034950004277107, 24.09608193882323, 22.28291711220512, 23.334533795565406, 21.497382116710337, 21.817796131171782, 27.696855721946754, 21.013455779185072, 21.850195050820467, 22.22137245849382, 23.5236432673546, 21.82357175936831, 27.261937315072068, 23.79479350652963, 21.727366321389745, 21.540388253097095, 21.49145893784422, 21.299228059024493, 21.050970248060374, 23.984685856626047, 22.800550166424166, 23.093030637319487, 23.48251689609871, 23.46499736037695, 23.56016877746689, 24.47094520717604, 23.27360972059931, 21.226768112498796, 22.64474365607136, 19.102178423138614, 18.375041349719965, 23.905974056918776, 27.858647732019573, 24.415892726776878, 24.258268382329604, 21.948745882829186, 24.960541565199243, 22.378862941823986, 24.185107045350357, 22.486837854364882, 22.85644421317393, 22.931575683518588, 21.609568416598442, 23.023123397374455, 21.639605785379242, 25.5390547006025, 22.058096226574566, 23.02718669702402, 23.001153673381697, 22.206582525159696, 23.41717845671527, 22.297678925399005, 21.89250426154664, 20.80855331472879, 22.365406994197166, 21.5552525289513, 23.387259079248192, 21.892968282852397, 23.1398303049844, 22.8676747379457, 22.187644164986768, 20.630962825633944, 21.97611671364059, 23.72303423192816, 25.847382811495944, 24.598447585023415, 23.660428559715037, 23.999042685323822, 22.517665901386028, 22.632173543845475, 23.014152215342538, 22.117574181087917, 22.394710643805528, 22.709550652498336, 25.12916949799289, 22.793877582792703, 23.67633002671559, 21.138828101188874, 24.668063178150582, 22.380589634541025, 22.42131053334767, 21.941820337530967, 22.933546053917148, 20.567119636492055, 21.51062117641965, 22.013959426107114, 23.978760698591834, 22.71924246876752, 23.22579899266087, 22.363735502822124, 23.26152268672813, 22.203648634558576, 23.01008755412699, 24.360065575421096, 22.115471811969314, 23.441828001503698, 24.445302805616038, 21.396669571892886, 25.64822392981089, 25.399838501566812, 21.2729211572393, 22.998262864743783, 21.83179154266653, 19.64013664042195, 24.40283046596361, 28.35771949491795, 20.082198252050695, 23.204275253834492, 21.989548290070186, 24.860718385959387, 21.642696312687868, 22.790410020144463, 22.507028398164344, 22.91893716697579, 22.806620394665092, 24.60654869399336, 22.840811247375452, 21.628329715871125, 19.819850871832024, 25.419757580260267, 22.43494160706227, 23.532659618305118, 24.629927561425408, 22.85638884267124, 22.04160177805298, 24.51169961853428, 21.775346363799642, 23.113670173851375, 22.109459548793208, 24.82736485502543, 22.155011252550388, 21.497209085699925, 22.927351048437696, 25.58555711879219, 22.212207140046477, 21.247854900139213, 22.413981053879798, 23.678128599978287, 21.76723549089325, 22.675782761406, 21.96742360658537, 22.13960221687715, 24.99238756886851, 21.632285671847562, 22.514013856018494, 24.732527603034708, 23.475717729378058, 22.39188618261523, 26.41810472312398, 22.188403546068848, 22.182645195094988, 22.076528101035112, 24.50149694695154, 20.31380763775605, 21.7119563137121, 19.554465090113094, 19.85738158206295, 19.550971459178342, 18.813973435675173, 19.36326947552394, 18.640589467966493, 19.39748676543184, 19.47534242520579, 19.8432341685438, 18.625037036930745, 20.195739363800968, 20.557031380592683, 19.074321201756348, 20.97828210895517, 19.13732363891919, 19.568421294998107, 20.6177876128127, 20.7228262446997, 19.688681451299054, 21.577335657876034, 21.507616575326686, 19.918928045472107, 21.6383826713593, 21.43745351965889, 21.891921020982785, 20.166246914841324, 21.699203180097495, 21.62840645405796, 21.231505810766848, 20.537956325295944, 20.931241657821477, 21.15810485058424, 20.968905162167584, 22.745788555558754, 21.335404273415435, 23.465372797194753, 22.451667562024582, 23.764871714197064, 21.228202963863065, 22.753139214765802, 21.56660002136668, 22.290697570221766, 21.721189264622023, 21.646501475492474, 22.2533842390294, 21.945034273450712, 22.385690668731268, 23.081955357949496, 22.243487264100935, 23.886530298940677, 21.9029552381457, 22.123626864275078, 21.88876116549479, 22.309099230981094, 21.460350098439996, 20.210460496395523, 21.913877872214535, 24.077755628863855, 22.823551268389828, 24.821533952666698, 21.589392617909976, 22.040657004282338, 23.44840356452502, 25.353995450843552, 23.61659860363773, 22.687214424390632, 27.57147581187431, 24.550404330829355, 24.247954616499555, 22.407025351662014, 23.404052029306754, 23.094386119557715, 22.135967127277905, 23.04725541003009, 25.68927038476207, 24.37845119518418, 21.309805610872278, 23.192203892256426, 22.786212388063035, 24.88866551479875, 22.656853871234578, 23.398647207678685, 23.298493004106785, 24.977924347904153, 23.806047714367068, 20.620602005789973, 24.071631298619167, 22.409559576226293, 21.614299493379512, 21.50964083661291, 22.0410763606181, 23.405876301781074, 22.70315462751883, 24.54600585951473, 23.25662891860023, 24.224450380271513, 24.317930547401353, 21.99583641436032, 23.350680816672124, 22.692544114103967, 22.315792135784886, 22.618531137150807, 23.90451691783347, 24.807571242991084, 24.01074889387248, 23.43738010397755, 22.716873767850267, 24.627701166080527, 23.013289301380077, 22.114604711159107, 21.506725336448667, 23.070285313026123, 22.115463060611354, 24.60730639394573, 23.586778807050408, 23.542490346243756, 22.571227497850437, 25.130045143414208, 23.079335659343037, 21.701943279723988, 22.65171572623749, 23.000523184576632, 22.796273883456177, 22.420902116881873, 23.123759061824764, 22.884852949818317, 24.147329694858264, 22.338979585997063, 22.815696271404942, 22.196649240727243, 19.380245573827647, 21.814916976638514, 21.796921098938178, 21.883001644558455, 21.376543812882424, 20.91975376173348, 23.060895512348804, 26.607570952280643, 26.38656080337816, 25.408714438048996, 23.35158872645598, 25.593109362795797
dmag, 3.7581824759029225, 3.3805118092449375, 4.375227635716023, 3.7595497122475985, 3.1640863663630863, 3.563382071227052, 3.9808244628259537, 4.772336769485758, 4.782039109550672, 4.592807077998987, 3.6674421863367983, 3.5424764269538676, 3.4193809227605394, 3.19995414755226, 3.1692196247863738, 3.2365358638917674, 3.484194110348927, 3.6461784383740303, 4.871308693421543, 4.288740267250831, 3.711277495718905, 2.879444729883818, 3.6950758153346324, 3.140184122843567, 3.371547171264458, 3.422198806175124, 4.351130247021501, 4.708182508017596, 3.6459840838748026, 4.367990294150498, 3.305922875442881, 3.3653000777473903, 3.5349908755431003, 3.1428281783752605, 3.1948485280036056, 3.2262786656536466, 3.089058648325484, 3.242885464396207, 3.167822814634109, 3.5955264368981927, 3.7124958994211035, 4.201344034547489, 3.73393493931884, 3.7312314677645193, 3.2736474239236504, 3.838495590028373, 4.116032195338915, 3.5626774009160442, 4.107070549180189, 3.084802330872773, 3.254633721992841, 3.099488860633271, 3.6404359978552674, 3.4164234805510207, 4.1540717137989445, 3.9779475200434105, 4.284749557831754, 4.28091673919068, 3.9941114200533634, 4.026932791146216, 3.7729306943447405, 4.0685079893320255, 4.03417340168617, 4.096928863217997, 4.125604343169157, 4.148317623666941, 4.207698732682586, 4.03521898766767, 4.2599096800981044, 4.061237695270507, 4.015339719632076, 4.215316383557184, 4.1548121236338815, 4.241885707676653, 4.257369524793486, 4.259692364308191, 4.426491429530632, 4.294462449681526, 4.278015861876069, 4.324178682845095, 4.159954274521752, 4.299156184213394, 4.279252076292282, 4.332104919503606, 4.345160750143185, 4.4525795055344135, 4.282369207836999, 4.217392557401115, 4.393044128319122, 4.4137295270707435, 4.573898114051664, 4.314356177270416, 4.332239232970306, 4.429592235040721, 4.441642280866795, 4.389156651890666, 4.420434916899645, 4.263309555147425, 4.338647863350184, 4.428823436904413, 4.239813126140656, 4.3420564516135505, 4.325917126015933, 4.318739796180465, 4.367498101502924, 4.409526059379804, 4.414019843050524, 4.579322538345513, 4.4248725174188035, 4.468305206262003, 4.364374958773875, 4.460630553714729, 4.494668284630407, 4.274742172189512, 4.398671441138991, 4.490689001694676, 5.306786645855226, 5.460805105464023, 5.305521833332673, 5.474109758040504, 5.291613237669797, 5.607103233246197, 5.267916802414664, 5.376526540081958, 5.615270972453316, 5.070140467482335, 4.8335633295842255, 4.958764725262522, 5.033932020539213, 4.984042320423355, 5.001114565174605, 4.982642498867348, 4.943530124060586, 5.215345631288847, 5.132925685601172, 5.164696535266135, 5.157649341111149, 5.291674667350375, 5.300448356339532, 4.53377650549082, 4.93306202717281, 5.012828724664392, 4.8237617525104675, 3.6630319193409266, 3.6096393218441074, 3.6150548978016217, 4.504225546165654, 5.078560355731599, 4.617174552483221, 3.2537143908419464, 3.1386211357976714, 3.820283791122593, 4.055056989376157, 4.1563457145287765, 3.924493164003018, 4.387820854100607, 3.794940182602925, 3.52033495911345, 2.8422020968498423, 3.2524932801980877, 3.125992438937424, 3.45555868031665, 3.1738024886226643, 3.7048778264564186, 3.930816092275527, 3.9703496924272397, 3.7117207652554143, 4.229182494549998, 4.138094619234304, 3.9535142703886144, 3.8464249362499157, 4.698603531807547, 4.000583663318917, 4.110202147341517, 4.0565890679223955, 4.108806841474328, 3.7600316317423355, 3.6763048296116594, 3.7228614282172883, 3.7240341423881014, 4.060841854922071, 4.0504500247637845, 4.21582559023622, 3.1017093011218866, 3.0793734331768903, 3.1766234379603557, 3.1374575720077007, 3.172265769567117, 3.0221999747793573, 3.011454132289662, 3.5825932223758428, 3.3845401919062534, 3.1291599328674025, 2.9433385067626805, 3.0527902780815044, 3.0439440897816405, 3.2048278564213706, 3.3005994552099343, 3.262101082148205, 3.348818316698989, 3.5662052006200913, 3.802914829107316, 3.9880926614136643, 3.2483699941597717, 3.3655517463105227, 3.3152287008805725, 3.792857317554933, 3.686459162170319, 4.286827129271823, 3.898421492613679, 3.9277071281958427, 3.8744461905849468, 3.713376213194439, 3.839538387318475, 4.426457563697513, 3.8324522677067385, 4.090896960582945, 4.173337825936251, 4.806082023267232, 4.242687206916214, 4.257177659267958, 4.078351304302348, 4.087712291627406, 4.0744967152152025, 3.947115863211039, 4.589544000469608, 4.100926704764636, 4.440764315644024, 4.546621106621425, 4.778907246051249, 3.4911134413398925, 4.041915127585852, 3.829671869945905, 3.6401464073699548, 3.64837993784886, 3.8634570238011485, 3.654368167431163, 4.025397122662494, 3.9311952076483205, 3.314691041914778, 3.7379490138696165, 4.128560521639638, 3.252582946684725, 3.049349370373828, 3.324675466775007, 3.9017818807638394, 3.3106586237107094, 3.1813775113247154, 3.8220723961767704, 3.0618003566234697, 3.391135984952585, 3.8015311648174475, 4.040094681749281, 3.8591922993750174, 3.8965591695789668, 3.7727807461759455, 4.080890719320818, 5.00248895379101, 4.187188493278916, 4.251064076156666, 4.273626685142125, 4.003743820198752, 4.613238173017701, 4.330109982578568, 4.311631602122531, 4.183383800688704, 4.331731195483295, 4.280015813395524, 4.009993741596672, 4.292951770302639, 4.4548622233817365, 4.4362064701495685, 4.372818998735511, 4.598527172533412, 3.7913173971178415, 3.8133878096258913, 4.017864474533042, 4.116903883864022, 3.4087033021108692, 4.07837085855078, 3.92263874178224, 3.9087924017884497, 4.389793344647885, 4.7448803481573245, 4.5574410740649345, 4.581504368038203, 4.079641079213569, 3.555265075444373, 4.576109100689072, 3.233915957161302, 4.657236139685155, 4.305565164586083, 3.8505877508041086, 3.119324943326287, 3.834806749907498, 4.059239801380851, 4.44776010109498, 4.0518503927849405, 3.6973130232737668, 3.4820844095441434, 4.653222718447304, 4.433607519054258, 3.636312848598748, 3.8808991984782395, 3.534256934510381, 3.9792744279871775, 3.7180315643410804, 4.484145612367148, 4.206215321963364, 4.48352488165612, 4.884360946828522, 4.498045829233523, 4.473138991551967, 3.824242019420786, 3.5361354783221555, 3.1705121094900903, 3.4482723521879732, 3.5486742701564715, 3.275983641146096, 4.420175777407473, 4.3618788685532, 4.65786296315657, 3.8414585523244433, 3.5764692113224603, 3.6089762712941216, 4.104960288088465, 4.492278991708554, 3.9372474681515826, 4.443526038467, 4.155245428377898, 3.60191798884458, 3.336272476281172, 3.38787678461663, 3.9748496360692487, 3.6573951701256635, 4.045685275881546, 4.429112984388467, 4.318424338732378, 4.857347822240409, 4.1981822992893125, 4.4288959288383465, 4.764831586076415, 4.671953556411657, 4.032102496477332, 4.002378094783406, 3.741629135603937, 4.927664696553923, 3.482952171132094, 4.5294536926370785, 5.350802145555797, 4.748973939416404, 5.039395926035901, 4.064896928200335, 3.3863598557034393, 3.9955532739361836, 4.020566242181638, 3.354909932551685, 4.479685672694023, 4.231660879420752, 3.331804082755575, 4.425639996481606, 4.572341225879704, 3.417255146489302, 3.286167688495265, 4.626588534643846, 4.538469119681253, 3.6931880376849198, 3.4974635055479864, 3.3590375809141926, 3.616493063491424, 3.431606758715568, 3.652283765441467, 3.3669435285517806, 3.3582266257365143, 3.5291547400599983, 3.6541174249436366, 3.417784043007699, 4.416951579082713, 4.489008677886227, 4.4329956739054674, 4.18215020972342, 3.8314078684964246, 3.945929515588944, 3.421029851190452, 3.6042779878365656, 3.214923803799424, 3.459231490172457, 3.536944140083219, 3.544170067931172, 3.3404462487884845, 3.4609259376096855, 3.451934093455577, 3.3505513790528885, 3.3289316057585037, 4.614801021870039, 4.185524083269986, 4.269865441453088, 4.719588176976361, 3.656377384559156, 3.193425678069905, 3.8149105108669135, 3.5951872431132093, 3.4198910997640084, 3.5110846802396347, 3.394386359192472, 3.6637792560841627, 4.174056258234015, 4.343902357883707, 4.153273289457778, 4.261894129565757, 4.459160980791028, 3.5660947071448676, 3.3240320185755197, 3.507186644510316, 3.3906644017068563, 3.3099360585785247, 3.4961202300602467, 3.4458125803728876, 3.781278132329434, 3.892087288533292, 4.54149757993921, 5.209601755828776, 5.148330842750079, 4.1027785035912165, 3.8079910942495383, 4.857901179248892, 4.582803078006335, 4.228478583840464, 4.495830858278424, 3.6407575969272115, 3.489553277276982, 4.227806005437652, 3.635079219775127, 3.6769767294798132, 3.790264928109987, 4.033412471688786, 3.192573035825243, 3.2281710655502054, 3.8957807782057383, 3.2579995550239675, 3.486589186205917, 3.2581536393756934, 4.473124164708925, 3.3149520815837863, 3.3179859907373017, 3.316161055817561, 3.6471022881999633, 3.9211766751780646, 3.8239535909361684, 4.424657488490974, 4.7965409700165, 4.531749907931028, 3.494167075943472, 4.53474460762321, 4.816766205352727, 4.3255250428115835, 3.7053153647400188, 4.017180279385473, 3.714474987750711, 3.2179004923296546, 3.8165306507817687, 3.4490876327535664, 3.350438977763562, 4.704481628067692, 3.2241718341177643, 3.3427854180239125, 4.338143119741844, 3.087081485432552, 3.5967606364899902, 3.339283304044851, 3.488929362585596, 3.493276372605225, 4.147608275946675, 3.5198668400203923, 3.7663444417443404, 4.273375569266565, 4.314928185918473, 4.09184213034067, 4.5574521070073795, 4.098957462820275, 3.7174483545232118, 4.3526816893695015, 3.5715799526145577, 3.5430298224024033, 3.698640119730496, 4.6628293144119395, 5.1427504475896155, 4.525876636196954, 4.292245081448785, 4.25458493863833, 3.7229687041322315, 4.1969313505976285, 4.319926802314375, 4.684808869020144, 3.9485487960045695, 3.7663875097372874, 5.828740616565641, 4.591275921820741, 4.115243798091949, 4.211114608841127, 4.34575841034343, 4.9653845340305285, 4.105592519798381, 3.741469282190914, 3.874408845369117, 4.080878081935343, 3.9499096021646967, 3.8623578863110626
