ZTF 2023omo req00381187 214.2615914779307 10.821962036527848 0.025 0.023754631339649945
++++++++++++++++++++++++++++++++++++++++++++++++++++++++++++++++
t0, 60165.73239517178, 0.38439137098248466
x0, 3.398615604696019e-16, 3.1458192889017144e-16
x1, -2.86500188360585, 0.5915944573479841
c, 18.04423451828167, 0.544451848888175
mu, 14.456580729486923, 1.0926824609938863
hostMass, 0.0, 0.0
++++++++++++++++++++++++++++++++++++++++++++++++++++++++++++++++
zp, 26.2647, 26.255, 26.2741, 26.2658, 26.2599, 26.2656, 26.2777, 26.2819, 26.2735, 26.2992, 26.2957, 26.2167, 24.4971, 26.326, 26.3516, 26.2917, 26.3366, 26.2568, 25.8766, 26.3275, 26.2871, 26.3346, 26.2678, 26.3193, 26.2748, 26.3012, 26.2935, 26.2691, 26.1962, 25.6035, 26.285, 26.2281, 26.269, 26.3479, 26.2481, 26.2809, 26.3522, 26.1911, 26.2705, 26.2391, 26.2467, 26.2346, 26.3525, 26.3334, 25.4534, 26.1236, 26.3193, 26.2405, 26.319, 26.34, 26.3229, 26.2988, 26.3318, 26.3022, 26.3243, 26.289, 26.2951, 26.2846, 26.2469, 26.298, 26.3101
filters, ZTF_r, ZTF_r, ZTF_r, ZTF_r, ZTF_r, ZTF_r, ZTF_r, ZTF_r, ZTF_r, ZTF_r, ZTF_r, ZTF_r, ZTF_r, ZTF_r, ZTF_r, ZTF_r, ZTF_r, ZTF_r, ZTF_r, ZTF_r, ZTF_r, ZTF_r, ZTF_r, ZTF_r, ZTF_r, ZTF_r, ZTF_r, ZTF_r, ZTF_r, ZTF_r, ZTF_r, ZTF_r, ZTF_r, ZTF_r, ZTF_r, ZTF_r, ZTF_r, ZTF_r, ZTF_r, ZTF_r, ZTF_r, ZTF_r, ZTF_r, ZTF_r, ZTF_r, ZTF_r, ZTF_r, ZTF_r, ZTF_r, ZTF_r, ZTF_r, ZTF_r, ZTF_r, ZTF_r, ZTF_r, ZTF_r, ZTF_r, ZTF_r, ZTF_r, ZTF_r, ZTF_r
time, 59906.55696759978, 59906.5593634001, 59906.561759300064, 59909.55344909988, 59909.55582180014, 59909.55819439981, 59909.56056710007, 59909.56293979986, 59910.55592590012, 59910.56082180003, 59910.5632755002, 59923.57052080007, 59933.52625000011, 59937.5211920999, 59956.50530089997, 59967.43684029998, 59996.482847199775, 60016.43607639987, 60042.34001159994, 60050.382662000135, 60052.32430560002, 60054.31865740009, 60060.33322919998, 60064.31501160003, 60073.308379599825, 60079.322523099836, 60083.274687500205, 60085.28927080007, 60092.417106499895, 60102.20489579998, 60110.215138900094, 60112.256018499844, 60117.21354170004, 60119.20431709988, 60125.28020829987, 60127.26011569984, 60132.18763889978, 60138.197164400015, 60152.23615740007, 60159.235393499956, 60162.237395800184, 60165.20331020001, 60353.47319439985, 60355.46290510008, 60363.4516551001, 60379.3310647998, 60388.37814809987, 60391.2691434999, 60413.40046299994, 60417.36028939998, 60421.385289399885, 60423.42166669993, 60431.25438660011, 60434.34196759993, 60437.25789349992, 60440.36745369993, 60442.26865739981, 60446.29101849999, 60452.34096059995, 60458.33981479984, 60460.25415509986
flux, 4.01103905133776, 218.112172328282, 58.9961687024424, 96.6162532540956, 32.9278253226985, 26.8469178234088, 37.7456665048896, 178.356962877297, 31.9855347550506, 82.8526135026158, 144.37996519602, 77.9907331260761, 5.04383542821587, 26.7600164853244, 25.2111548012609, 38.677002624678, 4.19529453329328, 33.8597712051757, 125.061614590283, 13.6135163365829, 11.5338254294074, 12.6092882973772, 17.4641218288701, 34.4120448298236, 19.6587233345897, 1.45250296319048, 14.2904874005194, 20.9297145229352, 19.0079737414742, 3.29137796051629, 11.8631248154049, 66.6461892633847, 24.3606413223836, 39.9742419718253, 84.7743328997148, 59.6026089558135, 27.1930173030465, 2.26266306569308, 92.4112511180853, 1279.74474450803, 1721.02273884504, 1602.17995576105, 29.6746089793067, 8.98280186213751, 32.80903729315, 64.7475326368713, 109.935213591365, 4.47428761368978, 41.0273766657414, 52.204426689781, 82.7638563896757, 95.7776596847712, 10.3933220163036, 38.9201658957619, 66.6176253123087, 24.8564052770356, 2.72960490223959, 69.7089046189013, 62.2124531187872, 22.8736243170592, 52.4903630321785
dflux, 96.1589007335917, 134.356591074772, 162.918442285395, 76.5293578680482, 89.8214522546772, 84.1745830815783, 121.520134407112, 188.096551122229, 94.3325843040707, 144.901752108148, 162.781191230756, 111.954855278469, 55.0626407198314, 36.8679129246875, 50.7610316126992, 56.7236554377347, 23.8540261007711, 45.2935619587118, 120.011153742432, 21.2037659200118, 27.0494161983267, 29.7848488867193, 29.3699820194426, 39.470506785071, 35.743175786166, 24.304452349312, 24.2171800783383, 25.2175443591118, 27.2560112623295, 40.5106923403447, 21.3490179230804, 27.5605946749277, 31.1371219762236, 28.718859195145, 67.2297901131783, 65.1657140660605, 32.3584083532831, 29.9856207990027, 51.7083187585975, 75.6040801551283, 51.5546252563643, 43.7456897999792, 30.8236872038412, 26.1880524324487, 127.325780242838, 27.0770898951742, 35.3587321966357, 54.5000247005256, 23.9628433641523, 38.023916925314, 58.8792963533498, 82.6109862194952, 25.1356862345406, 19.4126625664172, 28.3942933765505, 32.8633642446337, 24.961516041818, 39.3980754809423, 117.352584004287, 33.4679944109211, 29.4526148636755
mag, 24.756557774304213, 20.40830024197379, 21.847040477903754, 21.303174520793327, 22.46599237695078, 22.69336391635619, 22.335532253864763, 20.65367482893207, 22.51111596016765, 21.503434469111532, 20.89693266803232, 21.486592492994927, 22.740197730397927, 22.757284058399996, 22.847618152337155, 22.323067975174904, 24.779693859618742, 22.43258995200195, 20.633789921804215, 23.492574207871318, 23.632166565384335, 23.582873563750596, 23.16243311917757, 22.47752379999931, 23.04091172322129, 25.89590743237685, 23.405882396576416, 22.967191738274103, 22.99886044163424, 24.31005560819486, 23.599502250587285, 21.668661694740006, 22.802278206445802, 22.34344940748307, 21.427439047640917, 21.842736824210036, 22.766056502421414, 25.304550280606616, 21.356187874952088, 18.47129161319766, 18.157233478902647, 18.222821764629522, 22.67153748752553, 23.949870449124628, 21.663416282035996, 21.59554194196267, 21.216457938666522, 24.613690255659023, 22.286315628495217, 22.04573167326859, 21.52829820385648, 21.345639447738833, 23.789914041897593, 22.326763293089094, 21.765327131158855, 22.800404196600148, 25.20485052634949, 21.67637935389982, 21.76220668379379, 22.89966254036426, 22.00990105891949
dmag, 26.028966210529145, 0.6688109779515452, 2.998270143685329, 0.8600074186881415, 2.961701895624385, 3.4041670248105977, 3.4954690630780476, 1.1450253034662419, 3.202081905206604, 1.8988547463503724, 1.2241132800748507, 1.558562598430797, 11.85278612081126, 1.4958446635570941, 2.1860597123507417, 1.5923396901440405, 6.173387723165769, 1.4523683507228378, 1.041890071706311, 1.6910911014774357, 2.54629573370037, 2.5646561508426533, 1.8259179089637716, 1.2453359993195297, 1.9740681713475758, 18.16741481514744, 1.839928090016639, 1.3081688656491648, 1.5568644310723, 13.363377248508549, 1.9539035503578992, 0.4489909444788707, 1.3877590574986693, 0.7800299305125203, 0.8610367627503813, 1.187075134966199, 1.291974887745608, 14.388564792217212, 0.6075190313324608, 0.0641425467104036, 0.032524104359732665, 0.029644784312306858, 1.1277787412378504, 3.165306003008828, 4.213540561210782, 0.4540493764235024, 0.3492079966570045, 13.2250438699173, 0.6341455078013313, 0.7908130760237094, 0.7724070210145487, 0.936478704372611, 2.625794191069842, 0.5415452399560162, 0.46277110874142546, 1.435482885515191, 9.928770889172627, 0.6136363378736522, 2.0480457334211213, 1.5886163350834546, 0.6092122141114069
