ZTF 2023sps req00381157 356.063375 -23.529138888888887 0.049 0.047983308269181624
++++++++++++++++++++++++++++++++++++++++++++++++++++++++++++++++
t0, 60207.73885542255, 0.39725413254564046
x0, 0.00026133368626259215, 1.3359262064053936e-05
x1, -3.246125471360605, 0.5019332960533882
c, 0.40589715378054736, 0.05890650403350082
mu, 37.24578079842395, 1.0884860720364964
hostMass, 10.404162102271735, 0.0019997084090541987
++++++++++++++++++++++++++++++++++++++++++++++++++++++++++++++++
zp, 26.3029, 26.2071, 26.3347, 26.2942, 26.2668, 25.9592, 26.2734, 24.0394, 26.1948, 26.1915, 26.1675, 26.328, 26.2427, 26.0822, 26.2581, 26.1126, 26.2165, 26.2302, 25.803, 26.2269, 26.3074, 26.2157, 26.1394, 26.208, 26.1225, 26.2361, 26.3144, 26.2055, 26.205, 26.1133, 26.2122, 26.156, 26.2234, 26.3227, 26.1619, 26.243, 26.2388, 26.2456, 26.3039, 26.2139, 25.167, 26.2604
filters, ZTF_r, ZTF_g, ZTF_r, ZTF_r, ZTF_r, ZTF_r, ZTF_r, ZTF_g, ZTF_r, ZTF_g, ZTF_g, ZTF_r, ZTF_g, ZTF_g, ZTF_r, ZTF_g, ZTF_g, ZTF_g, ZTF_r, ZTF_g, ZTF_r, ZTF_g, ZTF_g, ZTF_g, ZTF_g, ZTF_g, ZTF_r, ZTF_g, ZTF_g, ZTF_g, ZTF_g, ZTF_r, ZTF_g, ZTF_r, ZTF_r, ZTF_g, ZTF_g, ZTF_g, ZTF_r, ZTF_g, ZTF_r, ZTF_g
time, 59903.19105320005, 59909.19133100007, 59910.148032399826, 59922.16950230021, 59924.169108800124, 59933.12712959992, 59935.126898100134, 60154.46274309978, 60157.43252310017, 60169.46125000017, 60179.461412000004, 60181.439942100085, 60191.37729169987, 60198.33642360009, 60198.43589119986, 60202.404097199906, 60204.318958300166, 60206.293854199816, 60209.3709028, 60212.300995400175, 60212.33438660018, 60216.27791670011, 60221.35788189992, 60223.27284719981, 60226.33877310017, 60228.2302778, 60228.27197920019, 60231.21030090004, 60234.209039399866, 60236.23984949989, 60238.25119209988, 60244.19025459979, 60244.23263890017, 60247.16476849979, 60249.1901273001, 60251.22568289982, 60253.20945600001, 60254.16807870008, 60257.168182900175, 60259.16824069992, 60289.12640050007, 60290.091932899784
flux, 15.0184043269346, 2.67266774062186, 7.29683754031648, 70.2490833737568, 23.5042556245978, 12.0165950994624, 46.0468772763697, 14.514079295863, 1.43816042793572, 62.9618432470702, 10.9635420284906, 8.7876160255953, 16.8408994821932, 122.785726832055, 274.677368792725, 355.445065378409, 487.08710621634, 608.297619798358, 553.455740642178, 399.071448884415, 914.648618032596, 433.296167883231, 150.617468745446, 73.7108456788811, 55.799039575448, 81.4352543437206, 274.300615172532, 75.9030551279806, 31.8174157420617, 48.7814719430601, 33.2136297040386, 52.9057015002297, 171.672253553309, 109.075936517464, 57.4693554089197, 0.17715419698669, 94.0015972840535, 1.94425638622182, 41.0468480821443, 54.4908241138065, 43.1202411804165, 20.7559858218471
dflux, 65.1384303827366, 45.7873958865659, 45.2855345304893, 80.9563723130127, 72.4994619557161, 58.4034434413467, 50.613883634948, 44.1762304560755, 100.54169587821, 32.0136646227329, 45.1933424941088, 47.7598438027492, 71.3299755849367, 40.03490901922, 53.2053647352467, 31.0085476182149, 28.4335881622973, 35.0927684310518, 62.6381204943913, 59.2786478439211, 54.514513249086, 138.082978417059, 85.1550771734952, 44.4073968019577, 37.5465232028716, 38.0169274685859, 44.4905762744411, 35.9103810444663, 35.6182367676852, 39.919257648006, 33.9150955626947, 128.173747426499, 111.278983427581, 110.196356801927, 85.0596827789248, 57.9339406943251, 35.470041616903, 32.3054191506627, 79.4357218996022, 38.7584112361508, 89.0857431450291, 39.2192561341978
mag, 23.361340519331687, 25.139737570732606, 24.17686330736049, 21.67759834540121, 22.83893374570843, 23.25974643045758, 22.115399541660537, 21.134926271335576, 25.80028166339285, 21.693806415555393, 23.567622785497683, 23.968322319526845, 23.17678679074283, 20.85933028653659, 20.16104280369947, 19.735668776692492, 19.497483416438104, 19.26990970720066, 18.945292758839486, 19.72427335553053, 18.904264293682633, 19.623737879736506, 20.69471163840292, 21.539171515360948, 21.75593319041021, 21.459068857176536, 20.218833046011127, 21.504851858070243, 22.44833774325563, 21.89266274831402, 22.40890915139122, 21.847243806837334, 20.636649729518155, 21.22837762376666, 21.763309184994153, 28.1221213856828, 21.30596191691148, 25.5237161646516, 22.270700465002463, 21.873091559549135, 21.080297046789433, 22.96754158659527
dmag, 4.709098959397319, 18.600528857416737, 6.738281360931719, 1.251222937082536, 3.348980368838555, 5.276930153846989, 1.1934213387836754, 3.304634887150838, 75.9037428526861, 0.5520549103295656, 4.475565290164527, 5.900871339768688, 4.598657990869194, 0.3540097965612404, 0.2103085195348219, 0.09471816065382194, 0.06337957976109924, 0.06263626220250841, 0.12287969972082927, 0.16127681976067557, 0.06471160569478064, 0.3460028037194574, 0.6138461300438702, 0.6541061633870648, 0.730579234237506, 0.5068610011600145, 0.17610251949822886, 0.513671034202304, 1.2154352673358806, 0.8884886324499003, 1.1086667572450053, 2.630394723716302, 0.7037807137464698, 1.0968888100570833, 1.6069847399775348, 355.0634304248144, 0.4096856806745834, 18.040400139809456, 2.101165942024248, 0.7722659916131351, 2.2431139996600047, 2.051541501046606
