#expname,ra,dec,mag,dm,snr,filter,zp,mjd,x,y,peakval,skyval,peakfit,dpeak,skyfit,flux,dflux,chin,major,minor,snrdet,snrlimit,apfit,uJy,duJy,mag5sig,texp
01a59910o0665c,74.759432,-0.441974,>20.49,0.0,3.0,c,22.368,59910.49276505,2895.49,8236.26,185.0,181.9,3.9,5.6,181.5,-62.5,406.6,0.84,3.31,3.05,1.0,3.0,-0.3237,7.250220007798205,10.410572318889727,19.57,30.0
01a59910o0681c,74.759432,-0.441974,>20.35,0.0,3.0,c,22.187,59910.50030485,2918.65,8276.68,169.0,182.0,-4.1,5.7,181.8,-438.8,411.7,0.94,3.23,2.96,1.0,3.0,-0.3327,-8.598779955136786,11.954401401043828,19.39,30.0
01a59910o0706c,74.759432,-0.441974,>20.130058036763515,0.0,1.29,c,22.278,59910.51218085,2840.72,8316.9,205.0,182.3,6.3,4.9,183.4,320.9,423.1,1.16,3.46,3.22,1.0,3.0,-0.3057,13.811195258140232,10.742040756331292,19.42,30.0
04a59911o0428o,74.759432,-0.441974,>20.45,0.0,3.0,o,22.014,59911.23557585,1280.02,3906.38,218.0,182.3,2.9,8.8,183.7,419.8,472.2,0.94,2.43,1.98,1.0,3.0,-0.4027,3.8284960824982646,11.617505353787838,19.48,30.0
04a59911o0436o,74.759432,-0.441974,>20.0788633860197,0.0,1.34,o,22.014,59911.23918275,1301.86,3941.33,179.0,181.2,11.7,8.7,180.2,-78.9,528.8,1.27,2.4,1.95,1.0,3.0,-0.4147,15.191143285623106,11.29597834059154,19.49,30.0
04a59911o0452o,74.759432,-0.441974,>20.49,0.0,3.0,o,22.012,59911.24639545,1248.24,3856.06,163.0,181.8,-1.3,9.0,182.0,-127.0,484.0,1.0,2.36,1.92,1.0,3.0,-0.4167,-1.6402699523996245,11.355715055074322,19.5,30.0
04a59911o0475o,74.759432,-0.441974,>20.122919518491035,0.0,1.1,o,22.012,59911.25676875,1233.56,3963.12,188.0,181.5,9.7,8.8,179.0,-232.5,476.9,1.13,2.35,1.87,1.0,3.0,-0.4197,11.902548186465971,10.798188045453667,19.55,30.0
03a59913o0511c,74.759432,-0.441974,>20.78,0.0,3.0,c,22.057,59912.99759745,6622.46,7986.5,182.0,181.1,-7.0,5.7,182.7,828.4,353.7,0.96,2.54,2.23,1.0,3.0,-0.4107,-10.53404974658172,8.577726222216546,19.63,30.0
03a59913o0518c,74.759432,-0.441974,>20.68,0.0,3.0,c,22.037,59913.00075135,6639.15,8025.97,182.0,181.6,-4.3,6.4,180.6,-633.8,360.6,1.12,2.47,2.2,1.0,3.0,-0.4117,-6.329171079370532,9.420161606504978,19.66,30.0
03a59913o0531c,74.759432,-0.441974,>20.73,0.0,3.0,c,22.076,59913.00663075,6582.7,7948.32,196.0,181.5,2.9,6.5,181.4,69.3,396.2,1.06,2.47,2.15,1.0,3.0,-0.3987,3.9764191473386923,8.912663606103965,19.74,30.0
03a59913o0560c,74.759432,-0.441974,>20.64,0.0,3.0,c,22.07,59913.01974465,6556.3,8064.17,196.0,181.1,3.4,6.6,180.2,-442.8,370.9,1.09,2.55,2.22,1.0,3.0,-0.3917,4.965132209578126,9.638197818592833,19.66,30.0
04a59915o0180o,74.759432,-0.441974,>19.78,0.0,3.0,o,21.997,59915.09734785,1522.01,4282.22,175.0,183.2,-21.8,13.8,184.8,-9.2,917.5,0.75,2.58,2.17,1.0,3.0,-0.386,-33.49767608286867,21.204950914843472,18.88,30.0
04a59915o0184o,74.759432,-0.441974,>19.9,0.0,3.0,o,21.998,59915.09914985,1504.2,4242.8,192.0,182.6,10.6,12.4,182.9,797.1,779.4,1.17,2.55,2.19,1.0,3.0,-0.3957,16.377548937675666,19.158642153507383,18.89,30.0
04a59915o0191o,74.759432,-0.441974,>19.92,0.0,3.0,o,22.002,59915.10230415,1562.65,4319.59,132.0,183.7,-13.0,12.9,184.6,1101.5,926.0,0.87,2.53,2.08,1.0,3.0,-0.3987,-18.909757250360304,18.76429757920369,18.91,30.0
04a59915o0237o,74.759432,-0.441974,>19.93,0.0,3.0,o,22.016,59915.12431755,1584.3,4202.61,141.0,180.0,-4.2,13.1,178.3,280.2,818.8,1.07,2.55,2.04,1.0,3.0,-0.3917,-5.9234998737795195,18.475678177740885,18.95,30.0
02a59916o0409o,74.759432,-0.441974,>20.2,0.0,3.0,o,22.118,59916.45648865,4019.59,4653.32,180.0,182.0,-14.5,12.7,180.0,-452.0,649.8,1.04,2.35,1.96,1.0,3.0,-0.4307,-17.086404405470716,14.965333513757107,19.2,30.0
02a59916o0428o,74.759432,-0.441974,>20.13,0.0,3.0,o,22.118,59916.46522975,3999.48,4614.16,176.0,180.4,11.7,13.0,174.7,-342.4,659.1,1.13,2.38,2.02,1.0,3.0,-0.4297,14.377154292887964,15.97461588098663,19.21,30.0
02a59916o0436o,74.759432,-0.441974,>20.16,0.0,3.0,o,22.119,59916.46884455,4057.15,4691.61,192.0,179.4,9.9,12.6,176.3,730.1,691.7,1.06,2.38,2.02,1.0,3.0,-0.4297,12.154084919012368,15.468835351470284,19.18,30.0
02a59916o0454o,74.759432,-0.441974,>20.14,0.0,3.0,o,22.116,59916.49392515,4078.28,4576.44,154.0,179.1,-13.3,11.7,179.6,1380.2,789.9,0.93,2.48,2.12,1.0,3.0,-0.4207,-17.758158501970637,15.621838682184693,19.15,30.0
04a59923o0435o,74.759432,-0.441974,>19.35,0.0,3.0,o,22.033,59923.21246235,8847.13,9821.85,236.0,187.5,14.8,24.2,187.8,1387.3,1607.0,0.73,2.51,1.94,1.0,3.0,-0.3937,19.270629961882282,31.51008412686157,18.42,30.0
04a59923o0442o,74.759432,-0.441974,>19.38,0.0,3.0,o,22.034,59923.21562195,8867.79,9859.61,283.0,190.8,6.5,24.6,187.5,7.2,1406.1,1.1,2.45,1.91,1.0,3.0,-0.4007,8.17846036916243,30.95232693559936,18.42,30.0
04a59923o0454o,74.759432,-0.441974,>19.42,0.0,3.0,o,22.029,59923.22109675,8811.27,9775.93,199.0,181.0,5.9,22.0,184.7,1168.9,1461.4,0.89,2.55,1.97,1.0,3.0,-0.3907,7.932629369217869,29.57929595301578,18.43,30.0
04a59923o0531o,74.759432,-0.441974,>19.33,0.0,3.0,o,22.017,59923.25663805,8807.14,9866.97,194.0,185.0,6.1,23.1,183.2,1485.8,1430.5,1.04,2.5,2.05,1.0,3.0,-0.3937,8.483644276111688,32.12658734068525,18.39,30.0
04a59927o0356o,74.759432,-0.441974,>20.25,0.0,3.0,o,22.018,59927.18526735,8833.66,9834.56,179.0,181.5,-3.0,10.6,180.5,747.1,596.5,0.99,2.47,1.95,1.0,3.0,-0.3987,-3.9356055525397853,13.905806285640574,19.26,30.0
04a59927o0364o,74.759432,-0.441974,>20.23,0.0,3.0,o,22.018,59927.18886965,8855.93,9870.38,200.0,181.9,0.0,10.5,182.5,989.4,505.6,1.08,2.5,1.97,1.0,3.0,-0.3957,0.0,14.046052235956997,19.25,30.0
04a59927o0379o,74.759432,-0.441974,>20.25,0.0,3.0,o,22.018,59927.19562735,8800.75,9785.06,203.0,182.0,7.6,10.4,179.3,247.7,567.9,0.97,2.49,1.97,1.0,3.0,-0.3917,10.088762788269726,13.805675394474365,19.19,30.0
04a59927o0403o,74.759432,-0.441974,>20.19,0.0,3.0,o,22.015,59927.20656725,8788.0,9893.93,190.0,184.8,0.4,11.0,189.1,1281.9,756.8,1.01,2.5,1.96,1.0,3.0,-0.3997,0.5358149373677554,14.734910777613276,19.18,30.0
02a59928o0503o,74.759432,-0.441974,>20.36,0.0,3.0,o,22.11,59928.41673595,7589.1,481.59,184.0,181.5,3.3,10.8,179.3,200.7,684.4,0.81,2.34,1.99,1.0,3.0,-0.4357,3.978703894085872,13.021212744281035,19.49,30.0
02a59928o0512o,74.759432,-0.441974,>20.001885315157978,0.0,1.13,o,22.111,59928.42084455,7570.28,442.53,208.0,182.5,12.0,10.6,184.9,1366.9,529.5,1.26,2.28,1.92,1.0,3.0,-0.4407,13.651364634690978,12.05870542731036,19.48,30.0
02a59928o0529o,74.759432,-0.441974,>20.41,0.0,3.0,o,22.112,59928.42854135,7628.75,521.56,122.0,182.8,-29.8,10.8,182.7,691.7,607.5,1.01,2.29,1.93,1.0,3.0,-0.4397,-34.163928218552066,12.381557877864507,19.49,30.0
02a59928o0560o,74.759432,-0.441974,>20.37,0.0,3.0,o,22.112,59928.44270715,7652.2,407.37,170.0,181.6,-8.0,10.9,185.6,1722.7,609.8,0.78,2.32,1.97,1.0,3.0,-0.4347,-9.440672744496043,12.862916614375859,19.42,30.0
04a59931o0361c,74.759432,-0.441974,>20.62,0.0,3.0,c,22.042,59931.18275195,8740.89,7878.91,183.0,181.4,4.4,6.2,180.9,-162.1,376.1,0.99,2.73,2.18,1.0,3.0,-0.3727,6.811308679998936,9.597753139998499,19.59,30.0
04a59931o0368c,74.759432,-0.441974,>20.63,0.0,3.0,c,22.043,59931.18590505,8761.91,7914.48,177.0,181.9,-0.9,6.1,181.7,-240.5,307.5,0.96,2.75,2.19,1.0,3.0,-0.3667,-1.4008062261688539,9.49435331070001,19.61,30.0
04a59931o0445c,74.759432,-0.441974,>20.68,0.0,3.0,c,22.023,59931.22155535,8720.22,7809.93,169.0,181.7,-7.1,6.2,180.9,-407.3,340.1,0.92,2.65,2.1,1.0,3.0,-0.3797,-10.526458016486005,9.192118267917357,19.64,30.0
04a59931o0486c,74.759432,-0.441974,>20.63,0.0,3.0,c,22.005,59931.24077905,8703.94,7916.01,182.0,181.5,1.1,6.3,181.5,511.3,358.2,0.77,2.67,2.1,1.0,3.0,-0.3857,1.679894416166624,9.621213474408844,19.61,30.0
03a59933o0273o,74.759432,-0.441974,19.69,0.28,3.36,o,21.948,59932.93058935,856.29,10088.5,202.0,181.5,29.2,8.7,178.8,-596.7,505.4,1.05,2.59,2.18,1.0,3.0,-0.4077,48.29452004998222,14.389120699823469,19.36,30.0
03a59933o0282o,74.759432,-0.441974,>17.6,0.0,3.0,o,19.342,59932.93469195,872.27,10129.0,175.0,195.5,-4.0,8.4,196.3,639.3,634.5,1.0,2.63,2.25,1.0,3.0,-0.4097,-76.5873430263116,160.83342035525436,16.68,30.0
03a59933o0294o,74.759432,-0.441974,>18.91,0.0,3.0,o,20.636,59932.94013525,812.33,10048.5,168.0,179.0,0.3,8.5,177.1,-519.2,524.1,1.15,2.6,2.22,1.0,3.0,-0.4077,1.698268375525719,48.11760397322871,17.99,30.0
03a59933o0299o,74.759432,-0.441974,None,None,None,o,19.205,59932.94243335,None,None,None,None,None,None,None,None,None,None,None,None,1.0,3.0,-0.4067,None,None,16.59,30.0
03a59933o0340o,74.759432,-0.441974,None,None,None,o,22.035,59932.98200055,None,None,None,None,None,None,None,None,None,None,None,None,1.0,3.0,-0.4097,None,None,19.5,30.0
04a59935o0350c,74.759432,-0.441974,19.59,0.18,5.46,c,22.058,59935.17999835,8741.32,7871.02,211.0,179.5,35.5,6.5,180.3,351.5,417.9,1.03,2.72,2.14,1.0,3.0,-0.3737,53.01146126092996,9.70632389284633,19.64,30.0
04a59935o0358c,74.759432,-0.441974,19.94,0.24,4.06,c,22.057,59935.18360225,8763.2,7906.99,197.0,181.0,26.8,6.6,181.6,365.8,377.3,1.01,2.65,2.08,1.0,3.0,-0.3827,38.24747313103953,9.41915383077839,19.66,30.0
04a59935o0436c,74.759432,-0.441974,19.54,0.17,5.91,c,22.042,59935.21910645,8720.67,7804.71,204.0,182.5,40.8,6.9,182.3,933.3,399.2,1.21,2.56,2.01,1.0,3.0,-0.3877,55.36750213902597,9.363621685276454,19.68,30.0
04a59935o0449c,74.759432,-0.441974,19.78,0.22,4.55,c,22.038,59935.22502955,8701.31,7917.93,219.0,180.7,29.6,6.5,181.0,987.9,384.8,1.02,2.7,2.1,1.0,3.0,-0.3837,44.26225289661642,9.719751480675901,19.63,30.0
04a59939o0263c,74.759432,-0.441974,18.06,0.06,19.08,c,22.055,59939.14085445,8948.03,1596.31,294.0,182.0,118.3,6.2,180.9,1101.9,343.7,0.98,2.97,2.43,1.0,3.0,-0.3557,216.02609382863307,11.321739490596157,19.55,30.0
04a59939o0270c,74.759432,-0.441974,17.99,0.05,20.91,c,22.051,59939.14405395,8969.17,1633.24,291.0,183.4,133.8,6.4,183.6,1395.1,388.5,1.23,2.85,2.37,1.0,3.0,-0.3647,231.42382358886996,11.069599932502001,19.57,30.0
04a59939o0339c,74.759432,-0.441974,17.97,0.05,20.05,c,22.047,59939.17575975,8934.99,1526.45,282.0,181.0,124.3,6.2,181.3,2041.9,413.0,1.16,3.03,2.47,1.0,3.0,-0.3487,235.59683707620874,11.751411020695851,19.52,30.0
04a59939o0351c,74.75941333333334,-0.44197166666666665,18.04,0.06,19.19,c,22.046,59939.18117505,8915.7,1638.41,288.0,180.3,122.8,6.4,181.5,2075.7,361.7,1.3,2.94,2.39,1.0,3.0,-0.3627,221.56560519237078,11.547393104488377,19.55,30.0
03a59941o0469o,74.75939333333334,-0.44194666666666665,17.43,0.03,31.03,o,22.026,59940.98724245,5040.23,9868.15,382.0,182.3,282.4,9.1,182.0,2589.5,407.5,1.38,2.45,2.05,1.0,3.0,-0.4067,386.31661149984524,12.448587693514842,19.58,30.0
03a59941o0479o,74.75939333333334,-0.44194666666666665,17.48,0.04,28.07,o,22.034,59940.99193495,5058.82,9895.29,394.0,182.2,255.4,9.1,181.9,2603.6,419.6,1.39,2.52,2.13,1.0,3.0,-0.3997,368.26443786190396,13.121403228439018,19.5,30.0
03a59941o0490o,74.75939333333334,-0.44194666666666665,17.42,0.04,29.07,o,22.021,59940.99715645,5004.37,9802.61,392.0,181.0,264.5,9.1,180.4,2691.8,464.2,1.31,2.53,2.15,1.0,3.0,-0.4037,392.5937692455387,13.50700680580114,19.49,30.0
04a59943o0240o,74.75938538461538,-0.44193692307692306,17.29,0.04,25.0,o,22.004,59943.13194215,8947.37,1592.87,408.0,180.6,292.5,11.7,180.2,2802.6,771.9,1.2,2.64,2.09,1.0,3.0,-0.3877,440.79314167004253,17.631725666801696,19.1,30.0
04a59943o0247o,74.75938538461538,-0.44193692307692306,17.21,0.04,27.21,o,22.006,59943.13509885,8968.86,1629.01,410.0,181.9,332.0,12.2,182.2,2756.9,637.9,1.02,2.57,2.03,1.0,3.0,-0.3907,473.5065492010802,17.39993945859391,19.13,30.0
04a59943o0259o,74.75938538461538,-0.44193692307692306,17.27,0.04,26.17,o,22.004,59943.14051655,8914.97,1546.12,380.0,181.1,316.7,12.1,181.7,2786.6,563.5,1.25,2.54,2.04,1.0,3.0,-0.3887,448.61179989106637,17.139888786491642,19.14,30.0
04a59943o0281o,74.75938538461538,-0.44193692307692306,17.19,0.04,28.28,o,22.007,59943.15047565,8901.56,1653.52,473.0,182.5,359.2,12.7,184.9,4304.7,599.2,1.46,2.5,1.95,1.0,3.0,-0.4017,483.13632701356937,17.081935838174644,19.18,30.0
03a59945o0118o,74.7593855,-0.4419255000000001,17.03,0.04,26.45,o,22.063,59944.82872405,7676.0,31.69,498.0,182.8,357.1,13.5,184.7,4936.1,816.4,1.37,2.63,2.3,1.0,3.0,-0.3877,558.7688406349981,21.123997055649607,18.93,30.0
03a59945o0120o,74.7593855,-0.4419255000000001,17.09,0.04,25.66,o,22.069,59944.82962435,7477.78,10207.4,529.0,180.0,351.5,13.7,178.9,2448.2,748.5,1.09,2.58,2.26,1.0,3.0,-0.3947,530.6549500266822,20.68271071227751,19.0,30.0
03a59945o0124o,74.7593855,-0.4419255000000001,17.19,0.04,24.98,o,22.07,59944.83143125,7458.31,10171.9,495.0,180.0,349.7,14.0,177.1,1338.9,815.3,1.13,2.48,2.15,1.0,3.0,-0.3997,484.5566055675608,19.39889184428325,19.04,30.0
03a59945o0175o,74.7593855,-0.4419255000000001,17.04,0.04,28.28,o,22.068,59944.85532065,7714.06,131.22,528.0,180.6,393.1,13.9,184.1,5583.6,913.0,1.34,2.49,2.18,1.0,3.0,-0.3957,553.5000058448023,19.5717376780533,19.01,30.0
03a59945o0177o,74.7593855,-0.4419255000000001,17.11,0.04,27.04,o,22.075,59944.85622185,7516.52,10308.0,504.0,181.7,394.8,14.6,184.0,4069.7,725.8,1.16,2.43,2.1,1.0,3.0,-0.4017,522.1093342866668,19.307994631675115,19.1,30.0
03a59945o0183o,74.7593855,-0.4419255000000001,17.03,0.04,28.49,o,22.07,59944.85892995,7734.89,22.78,523.0,182.7,370.4,13.0,179.8,4266.6,707.0,1.23,2.65,2.23,1.0,3.0,-0.3847,561.0227339976437,19.690322737498295,18.99,30.0
03a59945o0184o,74.7593855,-0.4419255000000001,17.08,0.04,27.29,o,22.076,59944.85937995,7536.58,10198.9,528.0,179.9,398.4,14.6,177.0,2207.1,844.5,1.24,2.44,2.13,1.0,3.0,-0.3997,535.1154679706776,19.610155201736678,19.11,30.0
04a59951o0309o,74.7593855,-0.4419255000000001,>16.47636263947526,0.0,2.05,o,20.729,59951.16341855,6579.45,5908.63,350.0,165.6,124.0,60.5,173.9,1395.6,3791.2,1.32,2.7,2.1,1.0,3.0,-0.4137,636.4488254379547,310.5254349919054,15.89,30.0
04a59951o0315o,74.7593855,-0.4419255000000001,>16.147812331800377,0.0,2.31,o,20.589,59951.16611985,6598.52,5945.8,675.0,515.6,181.6,78.5,507.0,10195.9,4874.8,1.05,2.6,2.03,1.0,3.0,-0.4007,975.3129154709943,421.59726797617316,15.71,30.0
04a59951o0330o,74.7593855,-0.4419255000000001,16.18,0.3,3.16,o,20.62,59951.17293415,6541.34,5863.29,187.0,-14.0,215.5,68.1,-25.3,2648.8,4095.9,0.94,2.72,2.12,1.0,3.0,-0.3927,1219.86223020496,385.48778597196184,15.75,30.0
04a59951o0353o,74.7593855,-0.4419255000000001,>15.152305179750115,0.0,1.21,o,19.567,59951.18377495,6525.43,5973.4,-39.0,238.9,88.3,73.1,227.6,-401.5,5942.3,1.46,2.66,2.09,1.0,3.0,-0.3937,1272.1765078930225,1053.1834963417887,14.45,30.0
03a59953o0275o,74.75938000000001,-0.4419208333333334,17.28,0.06,18.24,o,22.062,59952.90436115,2601.34,5691.14,445.0,183.1,328.4,18.0,181.4,3336.7,1149.8,0.82,2.51,2.07,1.0,3.0,-0.3927,443.8190716564556,24.32625849517723,18.84,30.0
03a59953o0283o,74.75938000000001,-0.4419208333333334,17.39,0.06,16.89,o,22.06,59952.90797645,2620.24,5720.72,463.0,181.4,277.0,16.4,182.1,2848.0,878.7,0.98,2.61,2.14,1.0,3.0,-0.3897,402.0617837109583,23.8043799742228,18.77,30.0
03a59953o0300o,74.75938000000001,-0.4419208333333334,17.45,0.07,16.08,o,22.058,59952.91567015,2565.9,5622.3,423.0,180.8,265.4,16.5,179.4,1809.8,979.0,0.83,2.56,2.15,1.0,3.0,-0.3897,380.3103012292847,23.644008930984167,18.77,30.0
03a59953o0331o,74.75938000000001,-0.4419208333333334,17.38,0.06,17.07,o,22.053,59952.92964215,2546.24,5700.22,384.0,176.5,266.3,15.6,175.4,2654.4,995.1,1.09,2.66,2.21,1.0,3.0,-0.3837,407.19629898473875,23.853782441464226,18.71,30.0
04a59955o0280o,74.75937571428572,-0.4419107142857143,17.72,0.06,16.86,o,22.022,59955.15011565,3013.13,10078.3,356.0,179.6,224.3,13.3,182.0,3324.4,827.4,1.38,2.5,1.94,1.0,3.0,-0.3987,295.20911136311923,17.504597330046746,19.08,30.0
04a59955o0286o,74.75937571428572,-0.4419107142857143,17.9,0.08,13.79,o,22.021,59955.15281765,3033.24,10115.4,277.0,180.1,183.4,13.3,178.8,1025.4,836.2,1.67,2.55,1.99,1.0,3.0,-0.3907,250.92927594761017,18.19716123284196,19.02,30.0
04a59955o0298o,74.75937571428572,-0.4419107142857143,17.65,0.06,16.99,o,22.02,59955.15823075,2977.09,10033.6,323.0,180.6,227.6,13.4,182.2,2347.1,734.3,1.49,2.56,2.01,1.0,3.0,-0.3917,316.3494077495119,18.62514087804683,19.03,30.0
04a59955o0320o,74.75937571428572,-0.4419107142857143,17.83,0.07,14.29,o,22.015,59955.16825805,2960.62,10144.7,334.0,180.4,195.8,13.7,184.9,2669.1,734.7,1.47,2.56,1.97,1.0,3.0,-0.3917,267.9647232448298,18.74931924644621,18.98,30.0
02a59956o0088o,74.7593721875,-0.44190593750000007,17.61,0.06,16.79,o,22.052,59956.44319665,1535.55,7063.25,397.0,173.5,203.2,12.1,172.1,2114.3,796.7,1.19,2.59,2.31,1.0,3.0,-0.4187,326.8843983091191,19.46506505679302,18.99,30.0
02a59956o0126o,74.7593721875,-0.44190593750000007,17.56,0.06,16.21,o,22.041,59956.46043725,1514.71,7024.04,383.0,171.5,214.0,13.2,169.8,905.6,1002.0,1.05,2.57,2.32,1.0,3.0,-0.4097,343.7111547168691,21.200874963844257,18.98,30.0
02a59956o0142o,74.7593721875,-0.44190593750000007,17.65,0.07,15.29,o,22.035,59956.46780995,1574.52,7099.65,386.0,175.5,188.1,12.3,177.5,3689.5,796.5,0.92,2.62,2.36,1.0,3.0,-0.4127,315.9081535386602,20.65747096504796,18.92,30.0
02a59956o0158o,74.7593721875,-0.44190593750000007,17.81,0.08,12.79,o,22.028,59956.47505745,1598.31,6983.37,389.0,181.3,185.4,14.5,181.2,1936.3,767.1,0.76,2.45,2.17,1.0,3.0,-0.4297,273.71228692872455,21.40684013196605,18.91,30.0
03a59957o0299o,74.75936916666669,-0.44190500000000005,17.67,0.06,18.32,o,21.992,59956.91390775,2600.2,5640.27,400.0,178.7,219.9,12.0,176.5,2189.8,635.4,1.11,2.49,2.04,1.0,3.0,-0.3987,311.6115087965929,17.00472080745391,19.18,30.0
03a59957o0306o,74.75936916666669,-0.44190500000000005,17.77,0.07,15.76,o,21.985,59956.91706335,2619.43,5670.92,303.0,180.8,162.3,10.3,180.2,2054.9,678.4,1.28,2.73,2.29,1.0,3.0,-0.3927,283.3188005324506,17.980182658559716,19.07,30.0
03a59957o0319o,74.75936916666669,-0.44190500000000005,17.74,0.07,15.79,o,21.989,59956.92295535,2564.4,5576.5,364.0,181.4,184.7,11.7,183.4,2390.0,676.0,1.08,2.58,2.19,1.0,3.0,-0.3987,291.93721558236064,18.493045058546937,19.06,30.0
03a59957o0343o,74.75936916666669,-0.44190500000000005,17.81,0.07,14.96,o,21.983,59956.93378915,2545.76,5663.13,367.0,181.1,178.0,11.9,181.5,2599.0,687.3,0.97,2.57,2.12,1.0,3.0,-0.3977,272.55096990143045,18.22110416756754,19.08,30.0
04a59959o0192o,74.75936769230772,-0.4419117948717948,18.24,0.08,12.74,o,22.008,59959.11019565,2994.91,10095.2,282.0,181.4,114.7,9.0,182.5,1011.0,501.8,1.16,2.74,2.16,1.0,3.0,-0.3837,184.04603987461002,14.441276014572715,19.37,30.0
04a59959o0203o,74.75936769230772,-0.4419117948717948,18.24,0.08,13.78,o,22.008,59959.11525815,3017.15,10129.9,276.0,180.0,121.3,8.8,180.3,1773.5,555.3,1.15,2.67,2.08,1.0,3.0,-0.3877,183.31337042022244,13.298908983495117,19.39,30.0
04a59959o0216o,74.75936769230772,-0.4419117948717948,18.22,0.08,13.77,o,22.01,59959.12126605,2963.03,10047.9,259.0,181.1,125.3,9.1,181.2,199.2,462.7,1.05,2.65,2.06,1.0,3.0,-0.3957,187.16425529269245,13.592934741927385,19.36,30.0
04a59959o0246o,74.75936769230772,-0.4419117948717948,18.14,0.07,14.85,o,22.008,59959.13521935,2949.72,10152.7,289.0,182.6,129.2,8.7,184.8,1447.7,488.0,1.37,2.7,2.12,1.0,3.0,-0.3857,200.8726846975379,13.52625663210975,19.36,30.0
02a59960o0319o,74.75936953488375,-0.4419090697674418,18.17,0.07,14.09,o,22.076,59960.34119795,1542.71,7065.81,329.0,181.8,164.9,11.7,184.5,764.8,517.5,1.35,2.29,1.93,1.0,3.0,-0.4397,195.4214324093027,13.86555948568127,19.48,30.0
02a59960o0326o,74.75936953488375,-0.4419090697674418,18.02,0.07,15.63,o,22.077,59960.34437215,1524.75,7025.94,360.0,180.9,189.1,12.1,182.1,1718.1,709.5,1.48,2.29,1.93,1.0,3.0,-0.4417,224.30712320831302,14.352809047173917,19.47,30.0
02a59960o0338o,74.75936953488375,-0.4419090697674418,18.04,0.07,15.89,o,22.076,59960.34979325,1583.49,7106.41,336.0,180.1,170.0,10.7,180.2,884.7,621.7,1.42,2.43,2.02,1.0,3.0,-0.4237,220.4780248911238,13.877146272558967,19.44,30.0
02a59960o0362o,74.75936953488375,-0.4419090697674418,18.21,0.08,12.89,o,22.075,59960.36074115,1605.22,6988.47,343.0,181.3,148.2,11.5,181.6,2032.7,538.0,0.96,2.38,2.01,1.0,3.0,-0.4307,188.70350349075994,14.642984413925365,19.4,30.0
03a59961o0150c,74.75936795454548,-0.4419154545454545,>18.875556214959115,0.0,1.67,c,20.737,59960.86031225,2551.11,3857.14,201.0,181.3,9.7,5.8,180.8,-13.3,451.7,1.04,2.76,2.45,1.0,3.0,-0.3807,57.17493058051459,34.18707189350357,18.25,30.0
03a59961o0185c,74.75936795454548,-0.4419154545454545,19.01,0.15,6.77,c,21.792,59960.87614105,2472.66,3850.06,204.0,178.5,37.9,5.6,177.9,-255.4,460.4,1.24,2.9,2.53,1.0,3.0,-0.3607,90.0567923823956,13.306544520881669,19.26,30.0
04a59963o0219o,74.75936625000003,-0.441911875,18.28,0.08,12.73,o,22.019,59963.12144825,750.2,6192.3,228.0,181.9,120.9,9.5,179.7,674.4,472.1,1.26,2.62,2.06,1.0,3.0,-0.3947,176.9104787727443,13.901154245997276,19.34,30.0
04a59963o0234o,74.75936625000003,-0.441911875,18.36,0.09,11.87,o,22.017,59963.12863455,774.88,6225.25,269.0,180.7,111.6,9.4,179.6,1351.5,610.9,1.12,2.63,2.07,1.0,3.0,-0.3927,164.72102414699876,13.874351496252588,19.38,30.0
04a59963o0241o,74.75936625000003,-0.441911875,18.38,0.08,12.35,o,22.017,59963.13179485,717.52,6144.91,284.0,182.6,108.7,8.8,183.2,1300.7,582.5,1.37,2.66,2.07,1.0,3.0,-0.3917,162.12137238228308,13.124821315217034,19.36,30.0
04a59963o0266o,74.75936625000003,-0.441911875,18.28,0.09,12.21,o,22.015,59963.14305865,702.07,6252.99,292.0,180.9,124.5,10.2,182.8,1445.4,573.8,1.07,2.59,2.01,1.0,3.0,-0.4017,177.51044724199977,14.543024593320462,19.37,30.0
02a59964o0325o,74.75936134615387,-0.44190846153846153,18.35,0.08,13.82,o,22.073,59964.35555305,6075.33,2876.37,322.0,180.2,138.2,10.0,179.3,822.3,493.7,1.26,2.28,1.95,1.0,3.0,-0.4407,165.36220194725362,11.965427058411985,19.52,30.0
02a59964o0333o,74.75936134615387,-0.44190846153846153,18.33,0.08,13.43,o,22.072,59964.35917075,6056.94,2836.59,253.0,179.6,103.4,7.7,179.0,1581.8,524.2,0.94,2.63,2.36,1.0,3.0,-0.4147,168.79012526950746,12.569477413686728,19.38,30.0
02a59964o0345o,74.75936134615387,-0.44190846153846153,18.35,0.08,13.65,o,22.071,59964.36466925,6115.04,2916.34,313.0,180.9,136.5,10.0,178.6,840.4,500.2,1.19,2.28,1.98,1.0,3.0,-0.4377,165.68814431060622,12.138325590520601,19.55,30.0
02a59964o0371o,74.75936134615387,-0.44190846153846153,18.32,0.07,15.33,o,22.067,59964.37651995,6135.42,2799.63,319.0,181.5,145.6,9.5,180.4,1416.7,465.5,1.33,2.24,1.94,1.0,3.0,-0.4407,171.22606199808146,11.172030144105591,19.56,30.0
03a59965o0144c,74.75936071428573,-0.44190535714285717,19.23,0.13,7.99,c,22.116,59964.83605335,8622.37,7938.99,229.0,181.6,53.5,6.7,182.0,852.2,359.7,1.27,2.52,2.21,1.0,3.0,-0.3927,73.74037498764656,9.234775933032372,19.73,30.0
03a59965o0151c,74.75936071428573,-0.44190535714285717,19.08,0.11,9.07,c,22.116,59964.83921125,8639.64,7977.28,238.0,181.3,60.8,6.7,181.6,945.3,336.1,1.08,2.54,2.23,1.0,3.0,-0.3907,85.07479361843512,9.375018375715714,19.74,30.0
03a59965o0165c,74.75936071428573,-0.44190535714285717,19.06,0.11,9.22,c,22.117,59964.84552825,8583.44,7898.8,228.0,180.9,63.6,6.9,180.3,804.4,376.7,0.95,2.51,2.19,1.0,3.0,-0.3907,86.28468088526267,9.361073869627555,19.74,30.0
03a59965o0187c,74.75936071428573,-0.44190535714285717,19.36,0.15,6.54,c,22.114,59964.85548515,8562.24,8015.38,210.0,180.9,38.6,5.9,182.5,1054.2,371.0,1.06,2.78,2.5,1.0,3.0,-0.3797,65.72503931199199,10.04605523162572,19.61,30.0
02a59968o0274o,74.75936083333335,-0.441905,18.51,0.1,10.14,o,22.073,59968.32416705,5738.25,2508.46,321.0,180.6,118.6,11.7,183.3,1365.9,579.0,1.24,2.29,1.97,1.0,3.0,-0.4387,143.72924451873212,14.179023278829392,19.4,30.0
02a59968o0281o,74.75936083333335,-0.441905,18.55,0.1,10.82,o,22.071,59968.32733035,5719.41,2470.21,306.0,181.0,110.4,10.2,178.9,473.6,531.0,1.06,2.34,2.0,1.0,3.0,-0.4357,138.66717620640722,12.811641279939797,19.38,30.0
02a59968o0293o,74.75936083333335,-0.441905,18.68,0.12,8.85,o,22.069,59968.33276785,5776.88,2548.4,292.0,181.5,103.5,11.7,179.2,884.5,564.9,0.78,2.25,1.94,1.0,3.0,-0.4397,121.92235511007102,13.782527099399333,19.43,30.0
02a59968o0320o,74.75936083333335,-0.441905,18.78,0.13,7.98,o,22.072,59968.34511295,5796.72,2433.07,262.0,181.3,91.8,11.5,180.1,659.4,546.7,0.79,2.29,1.97,1.0,3.0,-0.4377,111.25079803389215,13.936646812524616,19.43,30.0
03a59969o0170c,74.75936187500001,-0.44190609375,19.27,0.14,7.34,c,22.119,59968.84683355,8999.32,1660.32,225.0,182.2,47.7,6.5,183.6,1377.5,429.6,1.12,2.63,2.29,1.0,3.0,-0.3937,70.96894597165857,9.670820729890577,19.73,30.0
03a59969o0177c,74.75936187500001,-0.44190609375,19.23,0.14,7.46,c,22.117,59968.85000865,9016.9,1699.48,214.0,182.3,47.0,6.3,181.9,1145.3,373.7,0.85,2.7,2.35,1.0,3.0,-0.3947,73.87342413697135,9.902182384317436,19.67,30.0
03a59969o0242c,74.75936187500001,-0.44190609375,19.37,0.16,6.4,c,22.095,59968.88025085,8967.73,1620.08,216.0,182.0,40.3,6.3,181.3,-442.9,325.2,0.95,2.71,2.35,1.0,3.0,-0.3937,64.8187937247117,10.132962790711755,19.65,30.0
03a59969o0254c,74.75936187500001,-0.44190609375,19.2,0.13,7.56,c,22.093,59968.88566785,8943.63,1737.56,208.0,181.5,47.6,6.3,178.4,-109.3,368.3,0.94,2.68,2.35,1.0,3.0,-0.3937,75.8522301836112,10.0392657595956,19.63,30.0
04a59971o0126o,74.75936191176471,-0.4419102941176471,19.19,0.19,5.15,o,22.008,59971.07609815,6888.89,9902.5,246.0,180.9,48.4,9.4,181.3,876.4,559.3,1.19,2.67,2.15,1.0,3.0,-0.4007,76.51627656029228,14.86059916666834,19.22,30.0
04a59971o0133o,74.75936191176471,-0.4419102941176471,19.08,0.17,5.89,o,22.011,59971.07925695,6910.06,9938.87,204.0,180.6,56.5,9.6,182.3,1620.6,606.3,0.99,2.61,2.08,1.0,3.0,-0.4037,84.47166127782839,14.352707048976148,19.25,30.0
04a59971o0149o,74.75936191176471,-0.4419102941176471,18.78,0.12,8.27,o,22.012,59971.08647025,6855.71,9853.98,228.0,181.3,77.7,9.4,180.6,1002.8,528.1,1.39,2.58,2.02,1.0,3.0,-0.4067,111.72512249490403,13.516295385483886,19.27,30.0
04a59971o0174o,74.75936191176471,-0.4419102941176471,18.88,0.14,7.44,o,22.009,59971.09777255,6841.61,9962.74,242.0,180.8,75.1,10.1,177.6,904.3,613.9,1.01,2.52,1.96,1.0,3.0,-0.4017,102.15398062740142,13.738418166934148,19.29,30.0
03a59973o0108o,74.75936217391306,-0.441916231884058,>18.110670081707223,0.0,1.3,o,21.331,59972.81592445,8996.07,1657.89,189.0,179.2,23.5,18.1,183.0,3884.2,1255.8,1.17,2.95,2.53,1.0,3.0,-0.3917,89.3653467250551,68.83033088185097,17.51,30.0
03a59973o0115o,74.75936217391306,-0.441916231884058,18.69,0.2,4.99,o,21.97,59972.81908105,9014.78,1697.9,229.0,180.0,58.9,11.8,180.2,2307.3,727.9,1.12,2.91,2.5,1.0,3.0,-0.3977,121.87286978009591,24.4159569338732,18.72,30.0
03a59973o0127o,74.75936217391306,-0.441916231884058,>16.46,0.0,3.0,o,19.644,59972.82449005,8958.99,1619.54,110.0,180.8,-85.1,27.9,188.3,2148.0,2411.4,0.85,2.74,2.45,1.0,3.0,-0.3977,-1384.2194666572104,453.81578284061294,15.55,30.0
04a59975o0105o,74.75936217391306,-0.441916231884058,18.72,0.28,3.47,o,21.999,59975.06471195,6889.92,9901.62,209.0,179.3,70.7,20.4,176.7,-314.9,1243.7,0.82,2.71,2.25,1.0,3.0,-0.3867,118.17618560443464,34.0989276708694,18.3,30.0
04a59975o0112o,74.75936217391306,-0.441916231884058,>19.21,0.0,3.0,o,21.998,59975.06786455,6910.35,9937.43,171.0,180.0,2.3,18.8,190.8,4004.8,1509.5,1.11,2.92,2.37,1.0,3.0,-0.3587,4.256158362549847,34.78946835475528,18.2,30.0
04a59975o0128o,74.75936217391306,-0.441916231884058,>18.983780908943103,0.0,1.19,o,21.998,59975.07507505,6854.72,9853.21,179.0,178.8,22.8,19.2,181.4,2404.8,1275.1,1.49,2.72,2.18,1.0,3.0,-0.3727,36.62005480458811,30.8379408880742,18.3,30.0
04a59975o0150o,74.75936217391306,-0.441916231884058,18.92,0.29,3.22,o,21.997,59975.08525405,6840.6,9962.58,235.0,183.5,64.7,20.1,182.8,702.4,1288.6,1.06,2.61,2.13,1.0,3.0,-0.3837,98.51063912439704,30.603768877903878,18.38,30.0
03a59977o0144o,74.75936217391306,-0.441916231884058,>19.0172294064381,0.0,2.51,o,22.047,59976.83009415,6502.02,5954.63,244.0,182.7,52.5,20.9,185.4,1649.7,1439.3,1.17,2.56,2.14,1.0,3.0,-0.3867,75.43480766212615,30.030237716922592,18.49,30.0
03a59977o0151o,74.75936217391306,-0.441916231884058,>18.8632727561074,0.0,2.74,o,22.044,59976.83326265,6520.09,5992.81,220.0,179.8,60.1,21.9,179.1,-264.1,1305.3,0.83,2.69,2.21,1.0,3.0,-0.3897,94.22752217354379,34.33581922796354,18.4,30.0
03a59977o0166o,74.75936217391306,-0.441916231884058,>18.978989922004864,0.0,2.63,o,22.045,59976.84011525,6462.28,5914.04,212.0,180.6,54.8,20.8,181.0,519.0,1138.2,1.16,2.63,2.15,1.0,3.0,-0.3947,82.02259631370589,31.132664294253335,18.44,30.0
03a59977o0192o,74.75936217391306,-0.441916231884058,18.67,0.24,3.97,o,22.041,59976.85207975,6441.23,6029.23,257.0,181.6,81.4,20.5,182.6,2231.2,1386.2,0.98,2.64,2.17,1.0,3.0,-0.3947,123.89301187208112,31.201557043951638,18.41,30.0
03a59981o0181o,74.75936217391306,-0.441916231884058,>18.74095514400991,0.0,2.5,o,21.964,59980.89866665,6516.89,5956.33,236.0,180.3,49.7,19.9,182.4,1539.6,1471.3,1.18,2.74,2.49,1.0,3.0,-0.3917,96.44174147031342,38.615506142036956,18.18,30.0
03a59981o0188o,74.75936217391306,-0.441916231884058,>18.73124294103416,0.0,2.39,o,21.963,59980.90182485,6535.96,5996.11,250.0,180.3,50.1,21.0,174.5,-652.3,1345.1,1.09,2.71,2.41,1.0,3.0,-0.3842,92.50874827256182,38.776122030415124,18.22,30.0
03a59981o0200o,74.75936217391306,-0.441916231884058,>18.69829261747323,0.0,2.54,o,21.956,59980.90723355,6480.0,5915.23,228.0,183.9,50.5,19.9,185.1,522.5,1613.9,1.13,2.9,2.47,1.0,3.0,-0.3712,101.70564879015832,40.07806754305249,18.15,30.0
04a59983o0240o,74.75936217391306,-0.441916231884058,>19.06833702434617,0.0,1.52,o,21.903,59983.12123735,5191.4,3654.9,240.0,182.4,25.0,16.5,182.0,188.3,930.2,1.03,2.62,2.18,1.0,3.0,-0.3987,43.23709817118178,28.536484792979973,18.53,30.0
04a59983o0247o,74.75936217391306,-0.441916231884058,>19.51,0.0,3.0,o,21.88,59983.12439225,5210.51,3692.56,165.0,179.8,15.5,16.8,181.0,2154.6,1034.9,1.08,2.48,2.12,1.0,3.0,-0.4097,25.461148225392378,27.596599366876905,18.52,30.0
04a59983o0259o,74.75936217391306,-0.441916231884058,18.78,0.25,3.84,o,21.877,59983.12979855,5152.95,3613.53,255.0,181.5,68.4,17.8,183.5,1425.6,1013.1,1.07,2.47,2.11,1.0,3.0,-0.4117,111.89076819905435,29.117773010865022,18.52,30.0
04a59983o0284o,74.75936217391306,-0.441916231884058,>18.935157365612604,0.0,1.57,o,21.884,59983.14111475,5131.56,3728.56,238.0,180.7,27.9,17.8,184.4,3132.6,1178.4,0.73,2.63,2.24,1.0,3.0,-0.3967,50.55530273562712,32.25392074172627,18.4,30.0
03a59985o0157o,74.75936217391306,-0.441916231884058,19.59,0.27,3.55,o,22.05,59984.83094455,6867.92,6048.93,225.0,180.1,38.7,10.9,179.5,460.5,779.1,0.93,2.48,2.07,1.0,3.0,-0.4037,52.78271636012927,14.866449827529948,19.25,30.0
03a59985o0164o,74.75936217391306,-0.441916231884058,>19.794589330803632,0.0,1.99,o,22.048,59984.83410405,6887.12,6079.84,186.0,181.8,20.9,10.5,184.7,1663.4,588.7,1.44,2.54,2.07,1.0,3.0,-0.4027,29.2219432812024,14.680880595819389,19.2,30.0
03a59985o0180o,74.75936217391306,-0.441916231884058,19.37,0.28,3.4,o,21.964,59984.84132915,6831.79,5981.64,221.0,181.2,39.1,11.5,181.0,1201.2,853.7,0.8,2.61,2.24,1.0,3.0,-0.3877,64.77747693444691,19.05219909836674,18.97,30.0
03a59985o0203o,74.75936217391306,-0.441916231884058,19.3,0.24,4.08,o,22.041,59984.85179385,6813.46,6069.64,241.0,181.2,46.1,11.3,181.8,1194.2,817.6,1.29,2.58,2.19,1.0,3.0,-0.3977,69.3942508182919,17.009870591034673,19.08,30.0
04a59985o0178o,74.75936217391306,-0.441916231884058,19.65,0.29,3.24,o,21.965,59985.09237195,9069.32,3475.11,222.0,181.1,33.0,10.2,179.0,-764.3,550.5,0.84,2.52,2.09,1.0,3.0,-0.403,49.90447740425636,15.425020288588327,19.13,30.0
04a59985o0220o,74.75936217391306,-0.441916231884058,19.1,0.23,4.15,o,21.953,59985.11153925,9090.53,3509.17,231.0,182.5,51.1,12.3,180.6,391.4,668.4,0.91,2.63,2.12,1.0,3.0,-0.4087,83.15172340210394,20.014994087003497,18.93,30.0
04a59985o0250o,74.75936217391306,-0.441916231884058,>19.46729579883928,0.0,2.99,o,21.936,59985.12522055,9030.96,3430.1,174.0,181.6,40.1,13.4,179.9,18.0,711.5,1.08,2.49,2.02,1.0,3.0,-0.402,59.425635452952385,19.857943019191072,18.86,30.0
04a59985o0257o,74.75936217391306,-0.441916231884058,>19.401339735826525,0.0,1.48,o,21.928,59985.12837345,9011.24,3545.2,209.0,182.8,20.1,13.6,184.3,68.4,811.2,1.16,2.48,2.07,1.0,3.0,-0.4207,31.158520578800697,21.08238208316863,18.87,30.0
04a59986o0136c,74.75936217391306,-0.441916231884058,>20.033979635367228,0.0,2.16,c,21.87,59986.07221985,9057.63,3482.06,162.0,181.7,13.4,6.2,181.0,-271.3,351.5,1.35,2.78,2.22,1.0,3.0,-0.3767,25.296551098027244,11.704374388639474,19.37,30.0
04a59986o0144c,74.75936217391306,-0.441916231884058,>19.954284888968917,0.0,1.87,c,21.864,59986.07582425,9078.53,3518.82,206.0,180.9,12.5,6.7,179.6,-345.7,425.7,0.69,2.79,2.2,1.0,3.0,-0.3717,23.490682900248988,12.591006034533459,19.37,30.0
04a59986o0155c,74.75936217391306,-0.441916231884058,>19.894846637498222,0.0,2.72,c,21.859,59986.08078495,9020.81,3438.71,197.0,181.3,17.7,6.5,180.4,-257.3,410.1,0.88,2.9,2.32,1.0,3.0,-0.3637,36.3595077081347,13.352361587733082,19.33,30.0
04a59986o0177c,74.75936217391306,-0.441916231884058,>19.988528213576362,0.0,2.45,c,21.849,59986.09069505,9002.74,3550.02,173.0,181.5,13.7,5.6,179.4,-804.6,392.1,1.32,2.95,2.42,1.0,3.0,-0.3587,29.99968498560962,12.262644957621452,19.28,30.0
04a59986o0199c,74.75936217391306,-0.441916231884058,>19.914264675097908,0.0,2.1,c,21.832,59986.10068435,9043.71,3487.88,204.0,181.1,14.3,6.8,181.0,-157.1,460.8,0.78,2.77,2.19,1.0,3.0,-0.3767,27.480122643904703,13.067470907591044,19.26,30.0
03a59989o0095o,74.75936217391306,-0.441916231884058,19.81,0.28,3.43,o,22.067,59988.79974275,6862.81,6104.26,231.0,181.2,30.9,9.0,181.4,988.2,617.2,1.08,2.54,2.1,1.0,3.0,-0.4037,43.10922705507217,12.556085550021018,19.37,30.0
03a59989o0102o,74.75936217391306,-0.441916231884058,19.83,0.28,3.37,o,22.065,59988.80290095,6881.54,6135.21,220.0,181.3,30.3,9.0,180.7,92.5,538.2,1.19,2.55,2.1,1.0,3.0,-0.4037,42.516827291002926,12.628760581486015,19.38,30.0
03a59989o0115o,74.75936217391306,-0.441916231884058,>19.891855765673895,0.0,2.79,o,22.066,59988.80875715,6825.6,6040.76,213.0,181.0,26.8,9.6,180.0,-290.9,530.8,0.86,2.56,2.08,1.0,3.0,-0.4047,37.39356224560956,13.394708864098945,19.4,30.0
03a59989o0137o,74.75936217391306,-0.441916231884058,19.41,0.21,4.59,o,22.063,59988.81898505,6805.7,6129.42,222.0,179.5,43.6,9.5,179.3,-254.4,559.8,0.97,2.58,2.12,1.0,3.0,-0.3992,62.34488116075793,13.584320436403678,19.37,30.0
04a59990o0060c,74.75936217391306,-0.441916231884058,19.81,0.27,3.5,c,22.02,59990.03506375,9044.66,3502.84,213.0,181.4,25.2,7.2,180.3,283.2,436.2,0.94,2.85,2.26,1.0,3.0,-0.3747,43.16309570588733,12.332313058824951,19.43,30.0
04a59990o0067c,74.75936217391306,-0.441916231884058,>20.02157886992265,0.0,2.18,c,22.015,59990.03821695,9065.31,3538.5,182.0,179.8,14.8,6.8,179.4,-332.4,373.2,0.8,2.88,2.27,1.0,3.0,-0.3727,25.80113467289673,11.854575390249847,19.47,30.0
04a59990o0080c,74.75936217391306,-0.441916231884058,19.83,0.26,3.73,c,22.013,59990.04407965,9009.11,3456.55,211.0,180.5,24.6,6.6,178.8,576.9,487.2,1.0,2.85,2.27,1.0,3.0,-0.3737,42.55636935740706,11.417562510523844,19.45,30.0
04a59990o0102c,74.75936217391306,-0.441916231884058,19.86,0.29,3.26,c,22.016,59990.05406145,8991.89,3565.37,202.0,181.4,22.2,6.8,181.5,372.1,410.8,0.84,2.97,2.37,1.0,3.0,-0.3637,41.287303053723505,12.646561295735129,19.4,30.0
04a59994o0059c,74.75936217391306,-0.441916231884058,>19.937647982667464,0.0,2.58,c,21.979,59994.03159055,4862.1,8034.45,211.0,182.0,18.6,7.2,181.4,-288.9,398.9,0.99,2.84,2.28,1.0,3.0,-0.3727,33.19899038323892,12.851222083834424,19.36,30.0
04a59994o0066c,74.75936217391306,-0.441916231884058,>20.04338012052618,0.0,1.3,c,21.981,59994.03474475,4882.84,8070.79,182.0,182.0,8.2,6.3,182.2,47.8,443.2,1.29,2.92,2.32,1.0,3.0,-0.3627,15.144098789680841,11.635100289632842,19.35,30.0
04a59994o0082c,74.75936217391306,-0.441916231884058,19.75,0.25,3.94,c,21.981,59994.04195795,4827.97,7985.94,199.0,182.1,26.8,6.8,181.5,-623.3,334.2,0.9,2.82,2.2,1.0,3.0,-0.3767,45.916135459758635,11.650362728595473,19.44,30.0
04a59994o0107c,74.75936217391306,-0.441916231884058,>20.054975527479463,0.0,2.22,c,21.976,59994.05326805,4813.85,8094.91,181.0,181.0,14.9,6.7,180.8,-53.1,410.5,0.77,2.83,2.19,1.0,3.0,-0.3747,25.5726399517697,11.499106555493759,19.43,30.0
03a59997o0145o,74.7593632857143,-0.44191557142857146,>20.111310397733007,0.0,2.28,o,22.049,59996.81619955,709.49,6102.23,188.0,181.4,18.0,7.9,182.8,331.9,463.7,1.05,2.43,2.13,1.0,3.0,-0.4127,24.98142036857285,10.964067828429197,19.56,30.0
03a59997o0153o,74.7593632857143,-0.44191557142857146,19.43,0.18,5.59,o,22.048,59996.81980935,728.29,6141.78,224.0,180.8,47.5,8.5,178.1,-134.2,478.3,0.84,2.35,2.03,1.0,3.0,-0.4177,61.09648921165551,10.933055964190986,19.61,30.0
03a59997o0164o,74.7593632857143,-0.44191557142857146,19.86,0.25,3.81,o,22.046,59996.82490755,673.1,6062.44,219.0,181.2,32.0,8.4,179.6,-267.0,451.1,1.01,2.37,2.02,1.0,3.0,-0.4177,41.381710588643266,10.862699029518856,19.59,30.0
03a59997o0205o,74.7593632857143,-0.44191557142857146,19.92,0.29,3.32,o,22.033,59996.84340045,652.42,6178.8,223.0,182.3,28.9,8.7,182.7,869.7,459.8,0.98,2.38,2.08,1.0,3.0,-0.4137,38.96699179340216,11.730547702512066,19.5,30.0
04a59998o0045c,74.7593632857143,-0.44191557142857146,>19.859780211447795,0.0,1.04,c,21.973,59998.02214305,4861.87,8032.68,198.0,181.1,7.8,7.5,181.5,609.6,454.5,0.82,2.86,2.32,1.0,3.0,-0.3697,14.305642441576923,13.755425424593195,19.23,30.0
04a59998o0052c,74.7593632857143,-0.44191557142857146,>20.32,0.0,3.0,c,21.971,59998.02529855,4882.17,8068.57,187.0,181.1,1.5,6.7,181.3,199.8,462.7,0.83,2.91,2.34,1.0,3.0,-0.3707,2.8311237349918974,12.64568601629714,19.28,30.0
04a59998o0066c,74.7593632857143,-0.44191557142857146,>20.000747892831217,0.0,2.08,c,21.968,59998.03160835,4827.73,7985.58,194.0,181.5,13.5,6.5,181.6,532.5,439.4,1.16,2.89,2.32,1.0,3.0,-0.3727,25.204514797822537,12.135507124877519,19.4,30.0
04a59998o0089c,74.7593632857143,-0.44191557142857146,>20.000099088605133,0.0,1.26,c,21.96,59998.04198685,4811.68,8094.13,191.0,182.0,7.7,6.1,181.3,29.9,365.9,1.11,3.0,2.38,1.0,3.0,-0.3637,15.294936639649448,12.116767987254754,19.32,30.0
02a60000o0109o,74.7593632857143,-0.44191557142857146,>19.678233432700576,0.0,2.51,o,21.906,60000.26536435,5958.75,4553.9,202.0,179.2,26.4,10.5,178.7,-175.0,604.8,1.03,2.38,2.07,1.0,3.0,-0.4417,40.86109254822669,16.251570899862887,19.05,30.0
02a60000o0116o,74.7593632857143,-0.44191557142857146,>19.83748957853325,0.0,2.13,o,22.022,60000.26884775,5939.91,4513.21,174.0,181.4,21.5,10.1,182.5,1001.5,620.9,1.29,2.38,2.07,1.0,3.0,-0.4377,29.79507669754466,13.996756960241912,19.18,30.0
02a60000o0128o,74.7593632857143,-0.44191557142857146,19.74,0.29,3.24,o,22.0,60000.27427125,5999.58,4591.55,213.0,181.2,32.1,9.9,181.5,377.0,591.8,1.1,2.41,2.09,1.0,3.0,-0.4337,46.240988168470615,14.261239341677854,19.15,30.0
02a60000o0155o,74.7593632857143,-0.44191557142857146,>19.871377814635526,0.0,2.26,o,22.034,60000.28689595,6023.83,4474.99,197.0,181.3,21.9,9.7,181.1,99.7,535.1,0.95,2.4,2.1,1.0,3.0,-0.4407,30.791680838444176,13.638324389630526,19.25,30.0
03a60001o0025o,74.7593632857143,-0.44191557142857146,>19.041466258018243,0.0,1.18,o,22.054,60000.76443105,6743.72,9937.74,230.0,183.8,20.5,17.3,182.4,778.9,1302.0,1.17,2.79,2.33,1.0,3.0,-0.3897,34.82352502497595,29.387657704004095,18.52,30.0
03a60001o0032o,74.7593632857143,-0.44191557142857146,>19.292046884880936,0.0,2.5,o,22.053,60000.76759715,6762.23,9976.95,215.0,178.4,34.5,13.8,178.1,452.0,955.5,1.17,2.73,2.34,1.0,3.0,-0.3987,58.12411385444187,23.24964554177675,18.79,30.0
03a60001o0044o,74.7593632857143,-0.44191557142857146,>19.79,0.0,3.0,o,22.052,60000.77303565,6705.83,9897.22,211.0,181.2,8.4,9.7,180.7,750.0,672.5,0.93,3.08,2.69,1.0,3.0,-0.3847,18.135979985706072,20.942738793017725,18.88,30.0
03a60001o0073o,74.7593632857143,-0.44191557142857146,>20.03,0.0,3.0,o,22.047,60000.78617815,6684.82,10014.2,157.0,181.0,2.3,8.4,183.4,1677.5,626.9,1.23,2.94,2.59,1.0,3.0,-0.3967,4.635895906005337,16.931098091497752,19.02,30.0
04a60002o0044o,74.7593632857143,-0.44191557142857146,>19.112499464814697,0.0,2.3,o,22.0,60002.01849365,1185.39,1921.0,190.0,181.3,44.2,19.2,179.6,714.4,1252.3,0.91,2.43,2.08,1.0,3.0,-0.4237,63.30683813490711,27.499802990728877,18.7,30.0
04a60002o0052o,74.7593632857143,-0.44191557142857146,>19.313725885589196,0.0,1.7,o,22.004,60002.02209975,1207.0,1956.54,218.0,180.5,26.7,15.7,178.8,2664.4,1027.5,0.79,2.51,2.07,1.0,3.0,-0.4107,38.700277005259416,22.756342658523327,18.82,30.0
04a60002o0067o,74.7593632857143,-0.44191557142857146,>19.433397607164384,0.0,1.21,o,21.999,60002.02886135,1150.38,1872.82,194.0,177.9,18.5,15.3,174.9,764.8,955.3,1.02,2.37,1.97,1.0,3.0,-0.4277,24.58923660332608,20.33596324491292,18.95,30.0
04a60002o0090o,74.7593632857143,-0.44191557142857146,>19.438080523502453,0.0,1.92,o,22.007,60002.03924405,1134.68,1980.35,214.0,180.9,28.1,14.6,180.7,408.3,849.2,1.0,2.48,2.01,1.0,3.0,-0.4147,39.112250289831955,20.321667410375323,18.97,30.0
03a60004o0062o,74.7593632857143,-0.44191557142857146,>19.66,0.0,3.0,o,22.052,60003.77286685,654.93,5738.73,193.0,180.3,-15.2,15.9,182.1,767.3,1073.8,0.92,2.61,2.18,1.0,3.0,-0.3927,-22.703840869508802,23.749412488499342,18.74,30.0
03a60004o0086o,74.7593632857143,-0.44191557142857146,>19.25782242010316,0.0,2.15,o,22.049,60003.78371395,674.51,5749.46,217.0,180.8,34.6,16.1,178.0,294.2,912.7,1.15,2.64,2.15,1.0,3.0,-0.3897,51.5557644569239,23.98982103342413,18.74,30.0
03a60004o0095o,74.7593632857143,-0.44191557142857146,>19.280732086400842,0.0,1.59,o,22.049,60003.78780585,618.48,5660.52,181.0,179.6,25.6,16.1,178.7,-470.1,1052.2,1.02,2.57,2.15,1.0,3.0,-0.3957,37.339654387352965,23.4831420170462,18.75,30.0
03a60004o0107o,74.7593632857143,-0.44191557142857146,>19.64,0.0,3.0,o,22.046,60003.79330595,597.83,5762.11,191.0,183.2,8.3,15.1,181.9,-662.9,979.3,1.04,2.64,2.3,1.0,3.0,-0.3897,13.266873878649957,24.136119947905343,18.69,30.0
03a60005o0041o,74.7593632857143,-0.44191557142857146,>16.64,0.0,3.0,o,20.0,60004.76212545,6742.23,9940.47,235.0,244.7,-25.9,37.5,239.9,2129.0,2488.0,0.95,2.61,2.25,1.0,3.0,-0.3947,-264.7777789386575,383.3655100463189,15.65,30.0
03a60005o0048o,74.7593632857143,-0.44191557142857146,>17.0,0.0,3.0,o,20.226,60004.76528885,6760.65,9980.44,238.0,183.3,-23.7,34.6,190.7,2150.3,2323.7,0.93,2.55,2.22,1.0,3.0,-0.3957,-189.84547327793194,277.1583702707361,15.99,30.0
03a60005o0060o,74.7593632857143,-0.44191557142857146,>17.59,0.0,3.0,o,20.71,60004.77070995,6703.5,9899.8,232.0,191.6,27.2,32.0,201.7,7058.1,2076.7,0.94,2.56,2.17,1.0,3.0,-0.4007,137.5394706312119,161.81114191907284,16.59,30.0
03a60005o0082o,74.7593632857143,-0.44191557142857146,>17.195475817442063,0.0,1.48,o,20.78,60004.78065955,6682.78,10016.7,161.0,172.8,49.7,33.5,166.9,1610.8,2231.4,0.72,2.56,2.18,1.0,3.0,-0.4007,236.7072679790715,159.55117660561157,16.75,30.0
04a60006o0112o,74.7593632857143,-0.44191557142857146,>18.90080161133954,0.0,1.59,o,21.912,60006.03986615,1199.84,1896.75,182.0,182.9,29.1,18.3,182.1,993.0,1316.2,0.77,2.75,2.21,1.0,3.0,-0.3967,53.01230668644811,33.33763616364263,18.44,30.0
04a60006o0119o,74.7593632857143,-0.44191557142857146,>18.98717668353354,0.0,2.88,o,21.925,60006.04302145,1220.78,1934.39,165.0,179.0,52.2,18.1,172.4,-5818.5,1130.7,1.03,2.69,2.12,1.0,3.0,-0.3987,88.33186279891547,30.62848116207605,18.51,30.0
04a60006o0137o,74.7593632857143,-0.44191557142857146,>19.46,0.0,3.0,o,21.937,60006.05119055,1162.92,1851.93,192.0,184.4,-19.0,17.1,181.3,322.8,1088.1,1.15,2.69,2.13,1.0,3.0,-0.3957,-31.859886893870936,28.67389820448384,18.5,30.0
04a60006o0165o,74.7593632857143,-0.44191557142857146,>19.39,0.0,3.0,o,21.932,60006.06403635,1145.31,1965.35,217.0,181.0,-8.4,16.8,185.7,1349.7,970.4,1.17,2.79,2.21,1.0,3.0,-0.3887,-15.129846026002387,30.259692052004773,18.45,30.0
03a60012o0172o,74.7593632857143,-0.44191557142857146,>19.52,0.0,3.0,o,22.034,60011.81632325,5185.29,3712.22,175.0,181.1,1.1,16.5,180.4,543.5,1073.3,0.98,2.68,2.3,1.0,3.0,-0.3737,1.7783369835902039,26.675054753853058,18.64,30.0
03a60012o0179o,74.7593632857143,-0.44191557142857146,>19.5,0.0,3.0,o,22.031,60011.81947865,5203.49,3750.44,197.0,180.0,-2.9,16.9,179.8,710.8,1017.6,0.97,2.68,2.27,1.0,3.0,-0.3757,-4.6485487989543515,27.089818862871915,18.61,30.0
03a60012o0215o,74.7593632857143,-0.44191557142857146,>19.45,0.0,3.0,o,22.012,60011.83588765,5151.51,3673.34,160.0,181.5,-4.2,17.0,184.9,852.4,1053.3,1.11,2.7,2.3,1.0,3.0,-0.3797,-7.019394254104846,28.41183388566247,18.51,30.0
03a60012o0241o,74.7593632857143,-0.44191557142857146,>19.43,0.0,3.0,o,21.993,60011.84762545,5131.71,3784.87,179.0,183.4,-24.5,17.1,185.2,-441.2,1470.8,1.1,2.71,2.29,1.0,3.0,-0.3817,-41.718588183539055,29.117871752592567,18.45,30.0
03a60013o0191o,74.7593632857143,-0.44191557142857146,>19.75,0.0,3.0,o,22.023,60012.82297405,5186.41,3714.02,194.0,180.7,-22.6,16.4,186.3,774.9,861.7,0.93,2.42,2.05,1.0,3.0,-0.4017,-30.481505373621893,22.119322483513226,18.78,30.0
03a60013o0197o,74.7593632857143,-0.44191557142857146,>19.25379817865807,0.0,1.03,o,22.02,60012.82576655,5205.04,3752.92,178.0,179.1,18.1,17.5,186.8,3073.3,1271.1,1.06,2.47,2.06,1.0,3.0,-0.3967,24.992027713182832,24.163562706115993,18.75,30.0
03a60013o0243o,74.7593632857143,-0.44191557142857146,>19.52,0.0,3.0,o,21.992,60012.84658845,5153.02,3673.12,186.0,181.6,-17.5,18.0,185.8,2806.2,1099.7,0.94,2.57,2.11,1.0,3.0,-0.3877,-26.2067021382364,26.955465056471727,18.6,30.0
03a60013o0273o,74.7593632857143,-0.44191557142857146,>19.36,0.0,3.0,o,21.966,60012.86014815,5133.82,3787.49,183.0,180.7,12.1,21.2,179.7,-140.4,1185.0,0.95,2.47,2.1,1.0,3.0,-0.3917,17.818057807420498,31.218415332009467,18.52,30.0
04a60014o0011o,74.7593632857143,-0.44191557142857146,>19.87,0.0,3.0,o,21.877,60014.04905655,960.67,8153.99,165.0,183.3,-1.8,10.6,181.8,179.4,666.4,0.79,2.64,2.26,1.0,3.0,-0.4137,-3.3770976329073057,19.8873527271208,18.9,30.0
04a60014o0037o,74.7593632857143,-0.44191557142857146,>19.81,0.0,3.0,o,21.871,60014.06082265,937.84,8268.91,176.0,181.5,7.0,12.2,184.5,1718.5,754.7,0.94,2.56,2.13,1.0,3.0,-0.4187,12.124849428211137,21.13188043202512,18.82,30.0
03a60017o0026c,74.7593632857143,-0.44191557142857146,>19.404343181965352,0.0,1.87,c,22.1,60016.74608305,9040.57,3620.98,221.0,181.1,27.8,14.9,182.0,1780.9,998.2,0.86,2.55,2.23,1.0,3.0,-0.3707,38.908867004968435,20.854033035037038,18.77,30.0
03a60017o0033c,74.7593632857143,-0.44191557142857146,>20.04,0.0,3.0,c,22.097,60016.74923755,9058.53,3660.18,168.0,182.3,6.5,11.2,183.9,-63.7,647.8,1.07,2.6,2.29,1.0,3.0,-0.3757,9.595794357025701,16.534291815182744,19.13,30.0
03a60017o0045c,74.7593632857143,-0.44191557142857146,>20.47,0.0,3.0,c,22.095,60016.75465975,9001.61,3580.34,181.0,182.2,6.3,7.7,182.9,377.8,494.3,1.14,2.57,2.25,1.0,3.0,-0.3867,9.141446800266655,11.172879422548133,19.46,30.0
03a60017o0068c,74.7593632857143,-0.44191557142857146,>20.196713891506384,0.0,1.63,c,22.087,60016.76504715,8979.79,3694.92,206.0,181.6,11.4,7.0,182.2,632.1,462.7,0.92,2.56,2.21,1.0,3.0,-0.3917,16.37931878870572,10.057476449205268,19.64,30.0
02a60020o0023o,74.7593632857143,-0.44191557142857146,>17.30314697512082,0.0,1.56,o,20.403,60020.22739365,7831.11,10173.9,194.0,173.5,38.8,24.8,168.0,-525.4,1695.2,0.99,2.37,1.98,1.0,3.0,-0.4377,227.51184227266475,145.41994042170325,16.94,30.0
02a60020o0030o,74.7593632857143,-0.44191557142857146,>18.012400920063016,0.0,1.52,o,20.521,60020.23056135,7812.39,10132.9,185.0,177.8,21.9,14.4,184.7,1443.8,1137.5,0.97,2.36,1.98,1.0,3.0,-0.4427,115.23384503994684,75.77019947832123,17.46,30.0
02a60020o0044o,74.7593632857143,-0.44191557142857146,>19.25269673077168,0.0,1.18,o,21.533,60020.23690145,7873.35,10211.2,189.0,180.3,13.4,11.4,180.0,-51.7,677.5,0.82,2.38,2.0,1.0,3.0,-0.4457,28.357666870560315,24.125179277939374,18.72,30.0
02a60020o0081o,74.7593632857143,-0.44191557142857146,None,None,None,o,20.405,60020.25380105,None,None,None,None,None,None,None,None,None,None,None,None,1.0,3.0,-0.4477,None,None,17.52,30.0
02a60020o0084o,74.7593632857143,-0.44191557142857146,>19.76,0.0,3.0,o,21.581,60020.25515695,7900.06,10092.9,180.0,179.5,0.0,12.0,182.2,22.6,687.7,0.93,2.3,1.94,1.0,3.0,-0.4527,0.0,22.92289986575309,18.78,30.0
04a60026o0028o,74.7593632857143,-0.44191557142857146,>18.81,0.0,3.0,o,21.902,60025.99092955,4646.63,5974.35,141.0,183.3,-35.7,23.9,188.5,1349.7,2114.1,1.22,2.95,2.45,1.0,3.0,-0.3807,-76.91571149058146,51.492591165963475,17.79,30.0
04a60026o0035o,74.7593632857143,-0.44191557142857146,>19.23,0.0,3.0,o,21.895,60025.99412245,4665.32,6013.03,168.0,179.6,7.0,14.9,180.9,2058.6,1119.5,1.12,3.04,2.58,1.0,3.0,-0.3777,16.426690511935963,34.965384089692265,18.23,30.0
04a60026o0058o,74.7593632857143,-0.44191557142857146,>19.472585675604048,0.0,1.41,o,21.889,60026.00460555,4606.82,5931.71,204.0,179.8,13.0,9.2,179.2,671.9,660.5,0.89,2.65,2.65,1.0,3.0,-0.3937,27.873650193179422,19.725967829019286,18.86,30.0
04a60026o0085o,74.7593632857143,-0.44191557142857146,>19.87,0.0,3.0,o,21.883,60026.01694065,4586.3,6044.75,178.0,181.4,-3.8,8.8,179.4,-137.2,560.1,1.05,2.96,2.46,1.0,3.0,-0.3867,-8.44051915998236,19.546465423117045,18.89,30.0
04a60030o0029o,74.7593632857143,-0.44191557142857146,>18.07,0.0,3.0,o,21.87,60029.98786105,4647.16,5971.52,207.0,186.5,-13.9,40.2,189.2,1965.7,3710.9,1.02,3.15,2.62,1.0,3.0,-0.3797,-35.18725518805086,101.76457975249245,17.03,30.0
04a60030o0036o,74.7593632857143,-0.44191557142857146,>18.66,0.0,3.0,o,21.862,60029.99106755,4665.42,6010.52,231.0,177.8,21.6,26.5,177.0,2145.7,1944.9,0.89,2.94,2.44,1.0,3.0,-0.3987,48.72475378001594,59.778054406038066,17.71,30.0
04a60030o0048o,74.7593632857143,-0.44191557142857146,>19.23,0.0,3.0,o,21.854,60029.99655175,4606.94,5929.96,221.0,176.8,8.3,14.9,177.0,1737.9,1177.5,0.96,3.02,2.49,1.0,3.0,-0.3847,19.51835118078935,35.03896778238088,18.24,30.0
04a60030o0075o,74.7593632857143,-0.44191557142857146,>19.44,0.0,3.0,o,21.844,60030.00895845,4584.58,6043.78,169.0,177.9,1.2,12.1,179.5,410.2,918.1,1.13,3.03,2.49,1.0,3.0,-0.3907,2.873306576787154,28.9725079826038,18.45,30.0
04a60034o0029o,74.7593632857143,-0.44191557142857146,>17.813379782158137,0.0,2.33,o,21.922,60033.98447835,2711.94,6062.31,352.0,175.3,86.5,37.2,185.5,3912.3,3328.8,1.37,3.15,2.63,1.0,3.0,-0.3867,210.88279792167214,90.69179286342434,17.13,30.0
04a60034o0036o,74.7593632857143,-0.44191557142857146,>18.71,0.0,3.0,o,21.915,60033.98767325,2729.85,6100.97,193.0,179.5,-5.6,25.7,180.8,2464.3,1784.8,0.78,3.0,2.49,1.0,3.0,-0.3897,-12.424169682068829,57.01806443378017,17.77,30.0
04a60034o0048o,74.7593632857143,-0.44191557142857146,>18.8111167487982,0.0,1.01,o,21.907,60033.99319365,2670.96,6021.14,172.0,179.4,15.7,15.5,177.2,194.0,1189.9,0.98,3.07,2.53,1.0,3.0,-0.3907,36.51886693972477,36.053658443677314,18.25,30.0
04a60034o0076o,74.7593632857143,-0.44191557142857146,>19.6,0.0,3.0,o,21.902,60034.00604385,2647.82,6135.65,181.0,179.7,11.8,14.0,179.0,1469.6,896.4,1.21,2.73,2.18,1.0,3.0,-0.4127,21.560552875317917,25.580316970716172,18.61,30.0
03a60038o0043o,74.7593632857143,-0.44191557142857146,>19.12,0.0,3.0,o,22.017,60037.73333295,1253.5,1861.51,190.0,182.1,18.9,25.7,183.3,2268.5,1613.1,0.94,2.5,2.24,1.0,3.0,-0.3927,28.69515509789387,39.0193378844377,18.28,30.0
03a60038o0050o,74.7593632857143,-0.44191557142857146,>19.23,0.0,3.0,o,22.013,60037.73653915,1272.98,1901.45,134.0,183.8,-65.8,22.3,181.0,-1318.8,1532.4,0.83,2.57,2.26,1.0,3.0,-0.3897,-103.71132944073197,35.14836848827239,18.41,30.0
03a60038o0071o,74.7593632857143,-0.44191557142857146,>19.038464667723908,0.0,1.32,o,22.003,60037.74635195,1218.88,1823.54,238.0,177.8,26.0,19.7,178.6,-198.5,1184.9,0.88,2.46,2.18,1.0,3.0,-0.4057,38.75463883709741,29.36409173426226,18.55,30.0
03a60038o0095o,74.7593632857143,-0.44191557142857146,>19.27,0.0,3.0,o,21.986,60037.75731725,1198.59,1941.29,189.0,180.1,14.9,18.1,178.9,-2018.1,1024.7,0.96,2.73,2.46,1.0,3.0,-0.3937,27.941052917575174,33.94181596027588,18.43,30.0
04a60039o0099o,74.7593632857143,-0.44191557142857146,>18.58275499101644,0.0,1.24,o,21.855,60039.01253315,1066.0,10150.6,240.0,175.7,28.2,22.7,168.6,339.5,1692.4,1.18,2.71,2.25,1.0,3.0,-0.4147,55.22804405157828,44.45661702024209,18.15,30.0
04a60039o0108o,74.7593632857143,-0.44191557142857146,None,None,None,o,21.861,60039.01666375,None,None,None,None,None,None,None,None,None,None,None,None,1.0,3.0,-0.4207,None,None,18.21,30.0
04a60039o0109o,74.7593632857143,-0.44191557142857146,>18.546409594841727,0.0,1.67,o,21.847,60039.01711445,1083.3,10189.8,203.0,178.1,39.5,23.6,176.6,3363.6,1837.4,1.26,2.7,2.23,1.0,3.0,-0.4177,77.16572983608582,46.104081623585444,18.13,30.0
04a60039o0134o,74.7593632857143,-0.44191557142857146,>18.76,0.0,3.0,o,21.831,60039.02869985,1021.94,10115.7,158.0,177.2,-16.0,22.9,183.5,3636.6,1608.9,0.88,2.98,2.49,1.0,3.0,-0.4017,-38.52071495115455,55.13277327383995,17.95,30.0
04a60039o0150o,74.7593632857143,-0.44191557142857146,>18.68,0.0,3.0,o,21.819,60039.03606715,997.15,10235.9,142.0,177.8,-41.5,24.5,180.8,-1946.6,1838.5,0.93,2.99,2.47,1.0,3.0,-0.3797,-98.53147486865198,58.16918395860178,17.88,30.0
04a60039o0151o,74.7593632857143,-0.44191557142857146,>9.2,0.0,3.0,o,21.838,60039.03651785,1021.88,13.93,-31415.0,129.6,-275405.0,159118.0,289.4,-73987.9,4152.7,0.0,2.9,2.47,1.0,3.0,-0.3917,-630123.268531808,364060.03610044933,17.99,30.0
03a60041o0059o,74.7593632857143,-0.44191557142857146,>19.28,0.0,3.0,o,21.963,60040.73822405,1310.05,3805.31,144.0,178.3,1.1,21.2,182.0,2486.1,1430.9,0.83,2.52,2.22,1.0,3.0,-0.3957,1.7583484610900968,33.88817034100913,18.39,30.0
03a60041o0068o,74.7593632857143,-0.44191557142857146,>17.51,0.0,3.0,o,20.718,60040.74241905,1329.16,3844.05,222.0,220.4,-13.8,29.1,208.6,-5126.9,2554.6,1.07,2.76,2.38,1.0,3.0,-0.3797,-80.33852812595964,169.4095049612627,16.6,30.0
03a60041o0114o,74.7593632857143,-0.44191557142857146,>19.28,0.0,3.0,o,21.968,60040.76385955,1255.27,3881.06,117.0,182.3,14.5,23.0,174.9,-1682.6,1436.4,1.02,2.44,2.12,1.0,3.0,-0.3887,21.195927960162336,33.62112710922302,18.37,30.0
04a60042o0032o,74.7593632857143,-0.44191557142857146,>18.56,0.0,3.0,o,21.89,60041.97929105,9087.27,6274.21,136.0,185.7,6.7,36.0,187.2,3347.3,2725.8,1.22,2.68,2.23,1.0,3.0,-0.4267,12.591376352496052,67.6551565208743,17.5,30.0
04a60042o0039o,74.7593632857143,-0.44191557142857146,>18.603429091614554,0.0,2.03,o,21.878,60041.98247565,9105.5,6312.15,265.0,180.9,48.0,23.7,175.5,-95.1,1427.5,0.89,2.63,2.22,1.0,3.0,-0.4267,89.10636051723785,43.996265505386184,18.01,30.0
04a60042o0053o,74.7593632857143,-0.44191557142857146,>19.35,0.0,3.0,o,21.874,60041.98890405,9044.05,6234.05,156.0,173.9,4.3,17.9,172.7,749.3,1137.6,0.84,2.62,2.19,1.0,3.0,-0.4207,7.830195528875055,32.5954651085729,18.39,30.0
04a60042o0090o,74.7593632857143,-0.44191557142857146,>18.801313450636236,0.0,1.2,o,21.852,60042.00580305,9018.46,6353.17,209.0,182.1,22.6,18.9,181.9,-102.6,1194.8,0.86,2.68,2.23,1.0,3.0,-0.4197,43.70255635442039,36.54771305745775,18.26,30.0
04a60045o0077c,74.7593632857143,-0.44191557142857146,>19.512566630072957,0.0,1.15,c,21.78,60044.99866465,8845.15,9775.76,188.0,178.4,9.0,7.8,179.0,481.3,532.3,1.19,3.0,2.43,1.0,3.0,-0.3797,21.863957930463087,18.948763539734674,18.88,30.0
04a60045o0086c,74.7593632857143,-0.44191557142857146,>19.84,0.0,3.0,c,21.767,60045.00280465,8862.46,9816.71,182.0,179.1,7.6,8.3,179.0,834.3,639.6,0.86,3.0,2.37,1.0,3.0,-0.3777,18.190386980128263,19.86581735987692,18.86,30.0
04a60045o0130c,74.7593632857143,-0.44191557142857146,>19.79,0.0,3.0,c,21.688,60045.02297885,8789.46,9742.7,179.0,178.5,-0.7,8.4,178.6,312.9,594.0,1.21,2.95,2.32,1.0,3.0,-0.3697,-1.7217368954998127,20.66084274599775,18.76,30.0
03a60050o0029o,74.7593632857143,-0.44191557142857146,>18.5,0.0,3.0,o,22.03,60049.71720085,6528.01,5973.66,65.0,171.3,-83.3,41.3,170.8,-1910.0,2585.2,1.08,2.67,2.34,1.0,3.0,-0.3947,-139.6789190545436,69.25257331275692,17.5,30.0
03a60050o0035o,74.7593632857143,-0.44191557142857146,>18.473853126214937,0.0,1.55,o,22.022,60049.72007385,6546.34,6011.37,147.0,177.6,39.4,25.4,174.9,867.3,1787.9,1.1,2.85,2.55,1.0,3.0,-0.3827,76.56671375199132,49.36026724113145,17.85,30.0
03a60050o0049o,74.7593632857143,-0.44191557142857146,>19.0757010775384,0.0,2.09,o,22.008,60049.72676925,6490.73,5929.95,136.0,180.9,33.8,16.2,182.7,405.6,1023.2,1.09,2.71,2.37,1.0,3.0,-0.3937,59.40090783611343,28.47025760192419,18.55,30.0
03a60050o0071o,74.7593632857143,-0.44191557142857146,>19.77,0.0,3.0,o,21.996,60049.73725015,6470.25,6043.43,188.0,181.8,10.5,11.2,179.7,77.0,876.4,1.17,2.81,2.47,1.0,3.0,-0.3957,20.19999758454611,21.546664090182514,18.78,30.0
04a60051o0060c,74.7593632857143,-0.44191557142857146,>19.93,0.0,3.0,c,21.813,60050.98622775,6569.04,5882.54,184.0,181.5,-1.9,8.2,181.5,396.5,543.5,1.07,2.94,2.36,1.0,3.0,-0.3827,-4.273381638259089,18.44301549143396,18.9,30.0
04a60051o0073c,74.7593632857143,-0.44191557142857146,>19.93,0.0,3.0,c,21.793,60050.99219905,6585.8,5923.53,174.0,180.7,-7.0,7.8,180.6,1017.7,537.6,1.19,2.97,2.4,1.0,3.0,-0.3717,-16.308892734243287,18.172766189585374,18.9,30.0
04a60051o0116c,74.7593632857143,-0.44191557142857146,>19.77,0.0,3.0,c,21.71,60051.01200525,6515.61,5852.69,187.0,180.4,4.1,7.9,179.2,-311.1,600.4,1.04,3.06,2.48,1.0,3.0,-0.3707,10.967703703276186,21.132892501434608,18.76,30.0
04a60051o0123c,74.7593632857143,-0.44191557142857146,>19.7,0.0,3.0,c,21.689,60051.01521985,6494.06,5969.7,167.0,181.1,-9.2,8.4,181.6,437.4,533.2,1.05,3.05,2.43,1.0,3.0,-0.3677,-24.4372699059049,22.31228991408709,18.75,30.0
04a60054o0071c,74.7593632857143,-0.44191557142857146,>19.89,0.0,3.0,c,21.804,60053.98897405,752.91,6161.07,130.0,181.2,-24.9,9.0,181.8,-548.9,526.3,1.26,2.86,2.26,1.0,3.0,-0.3727,-52.123379325258284,18.83977565973191,18.93,30.0
04a60054o0079c,74.7593632857143,-0.44191557142857146,>19.47865365763086,0.0,1.37,c,21.792,60053.99265315,770.23,6200.18,183.0,181.5,12.6,9.2,179.2,-751.7,624.0,1.34,2.88,2.25,1.0,3.0,-0.3707,26.687279019670736,19.485949760394508,18.92,30.0
04a60054o0094c,74.7593632857143,-0.44191557142857146,>19.8,0.0,3.0,c,21.767,60053.99960345,709.61,6126.32,162.0,181.5,3.1,8.6,179.0,-739.5,536.1,1.18,2.97,2.4,1.0,3.0,-0.3657,7.35678611888222,20.409148587866806,18.84,30.0
04a60054o0132c,74.7593632857143,-0.44191557142857146,>19.303942606935067,0.0,1.29,c,21.684,60054.01703165,681.0,6252.54,173.0,181.4,12.0,9.3,177.9,-182.6,624.6,1.07,2.91,2.36,1.0,3.0,-0.3657,29.61726718761243,22.953382070399638,18.75,30.0

