#expname,ra,dec,mag,dm,snr,filter,zp,mjd,x,y,peakval,skyval,peakfit,dpeak,skyfit,flux,dflux,chin,major,minor,snrdet,snrlimit,apfit,uJy,duJy,mag5sig,texp
02a59543o0748o,97.979225,35.556575,>20.05,0.0,3.0,o,22.162,59543.53270075,6402.64,9403.87,200.0,180.7,-18.7,16.6,183.5,-1831.7,859.0,0.99,2.21,1.9,1.0,3.0,-0.4417,-19.48705569778584,17.298669763809894,19.19,30.0
02a59543o0755o,97.979225,35.556575,>20.18,0.0,3.0,o,22.163,59543.53598225,6381.7,9359.72,216.0,182.8,7.1,15.9,186.2,1650.8,881.0,1.4,2.15,1.81,1.0,3.0,-0.4487,6.894997749885975,15.440910453970002,19.22,30.0
02a59543o0766o,97.979225,35.556575,>20.14,0.0,3.0,o,22.162,59543.54150315,6438.46,9443.63,195.0,184.9,11.7,15.9,183.7,-906.4,772.0,1.12,2.18,1.86,1.0,3.0,-0.4447,11.806306261534171,16.044467483623365,19.22,30.0
02a59543o0831o,97.979225,35.556575,>20.1,0.0,3.0,o,22.16,59543.57251425,6454.8,9327.04,214.0,178.2,-1.0,16.0,182.6,530.1,879.8,0.73,2.21,1.89,1.0,3.0,-0.4447,-1.0413886094978073,16.662217751964917,19.23,30.0
01a59546o0660o,97.979225,35.556575,>20.23,0.0,3.0,o,22.205,59546.48113695,4667.62,1158.07,184.0,181.5,3.4,7.1,181.0,-348.3,647.3,1.14,3.05,2.84,1.0,3.0,-0.4507,7.083629562154539,14.792285262146244,19.27,30.0
01a59546o0664o,97.979225,35.556575,>20.3,0.0,3.0,o,22.207,59546.48298305,4646.71,1119.45,179.0,181.1,-0.5,7.2,179.8,181.9,539.8,1.27,2.91,2.76,1.0,3.0,-0.4527,-0.9658970077451243,13.908916911529793,19.32,30.0
01a59546o0670o,97.979225,35.556575,>20.28,0.0,3.0,o,22.208,59546.48576025,4707.43,1195.18,178.0,181.8,0.8,7.5,179.1,-873.2,751.2,1.14,2.89,2.73,1.0,3.0,-0.4557,1.5209299850489375,14.258718609833789,19.31,30.0
01a59546o0681o,97.979225,35.556575,>20.21,0.0,3.0,o,22.208,59546.49083065,4726.11,1076.64,164.0,181.6,3.0,7.6,182.3,276.3,520.0,1.2,2.96,2.79,1.0,3.0,-0.4417,5.893535641987681,14.930290293035457,19.3,30.0
01a59546o1030o,97.979225,35.556575,>19.62,0.0,3.0,o,22.183,59546.65445075,5909.63,9447.56,185.0,181.1,-4.8,11.6,178.9,-57.4,971.4,1.27,3.11,2.94,1.0,3.0,-0.4377,-10.644069512228075,25.72316798788452,18.72,30.0
01a59550o0456o,97.979225,35.556575,>20.21,0.0,3.0,o,22.205,59550.53097945,5882.85,9410.08,187.0,181.1,-1.6,7.6,182.7,2.4,554.4,1.11,2.99,2.76,1.0,3.0,-0.4537,-3.184630120094235,15.126993070447616,19.3,30.0
01a59550o0524o,97.979225,35.556575,>20.19,0.0,3.0,o,22.204,59550.56271275,5917.98,9452.52,158.0,181.6,-0.6,7.4,181.7,375.9,542.3,1.16,3.09,2.79,1.0,3.0,-0.4507,-1.2452962444572484,15.358653681639398,19.3,30.0
01a59550o0530o,97.979225,35.556575,>20.36,0.0,3.0,o,22.205,59550.56550925,5856.82,9375.9,197.0,182.3,-7.9,7.6,184.2,577.4,463.6,1.24,2.8,2.57,1.0,3.0,-0.4747,-13.979028530018855,13.448179345334594,19.41,30.0
01a59550o0590o,97.979225,35.556575,>20.35,0.0,3.0,o,22.2,59550.59397875,5850.91,9496.26,185.0,182.1,-10.7,7.4,182.2,166.7,521.2,1.05,2.81,2.65,1.0,3.0,-0.4507,-19.252836238590866,13.315045622950693,19.36,30.0
01a59557o0526o,97.979225,35.556575,>19.72339097564714,0.0,1.81,o,22.211,59557.45709265,8958.74,5513.69,180.0,181.1,13.6,7.5,175.7,-2023.6,512.2,1.18,3.04,2.87,1.0,3.0,-0.4447,28.226246765366664,15.56594490737132,19.3,30.0
01a59557o0542o,97.979225,35.556575,>20.24,0.0,3.0,o,22.211,59557.46491065,8943.15,5472.78,183.0,181.5,-5.5,7.0,179.0,-312.4,572.3,1.3,3.04,2.88,1.0,3.0,-0.4467,-11.475919843473582,14.605716164420922,19.29,30.0
01a59557o0546o,97.979225,35.556575,>20.21,0.0,3.0,o,22.213,59557.46675305,9003.75,5550.07,187.0,179.9,3.2,7.4,178.8,-298.7,672.2,1.01,3.01,2.85,1.0,3.0,-0.4477,6.5361209356348,15.114779663655478,19.31,30.0
01a59557o0587o,97.979225,35.556575,>20.24,0.0,3.0,o,22.199,59557.48821745,9028.91,5429.78,152.0,180.5,-8.6,6.5,177.1,-525.4,631.8,1.28,3.15,2.98,1.0,3.0,-0.4337,-19.221355646241747,14.527768802392018,19.26,30.0
01a59558o0587o,97.979225,35.556575,>20.18,0.0,3.0,o,22.212,59558.45001665,8961.14,5510.64,193.0,179.9,7.3,7.5,177.8,-436.9,597.5,1.25,3.03,2.85,1.0,3.0,-0.4457,14.995781158804226,15.406624478223522,19.24,30.0
01a59558o0593o,97.979225,35.556575,>20.17,0.0,3.0,o,22.213,59558.45279195,8942.12,5470.49,156.0,179.9,-0.9,7.7,177.3,-813.5,593.2,1.22,3.01,2.82,1.0,3.0,-0.4357,-1.7989407458409359,15.390937492194674,19.23,30.0
01a59558o0599o,97.979225,35.556575,>20.22,0.0,3.0,o,22.214,59558.45556105,9002.93,5548.37,192.0,180.7,4.9,7.7,179.0,284.5,570.3,1.22,2.93,2.77,1.0,3.0,-0.4527,9.503907806105442,14.934712266737122,19.27,30.0
01a59558o0622o,97.979225,35.556575,>19.773091019007325,0.0,1.13,o,22.212,59558.46673885,9025.45,5429.68,199.0,180.6,8.5,7.5,178.2,-766.9,570.5,1.06,3.0,2.82,1.0,3.0,-0.4357,16.949154324956215,14.955136169079012,19.25,30.0
01a59561o0656o,97.979225,35.556575,>20.12,0.0,3.0,o,22.212,59561.49827175,7958.67,1384.09,209.0,179.3,-8.6,9.0,179.9,-462.6,754.0,1.04,2.88,2.64,1.0,3.0,-0.4687,-15.887428576504833,16.626378742853895,19.21,30.0
01a59561o0663o,97.979225,35.556575,>19.728760776387322,0.0,1.36,o,22.211,59561.50174055,7979.98,1421.92,190.0,182.1,11.4,8.4,178.8,-416.9,560.2,1.04,2.88,2.65,1.0,3.0,-0.4627,21.042723969540578,15.505165030187795,19.22,30.0
01a59561o0737o,97.979225,35.556575,>20.24,0.0,3.0,o,22.207,59561.53733495,7942.03,1350.48,159.0,181.1,3.1,7.7,179.5,456.4,568.8,1.08,2.94,2.71,1.0,3.0,-0.4587,5.9736126829812015,14.837683115792016,19.33,30.0
01a59561o0765o,97.979225,35.556575,>19.840034685967,0.0,1.59,o,22.204,59561.55225415,7931.91,1469.67,198.0,182.3,11.6,7.3,181.8,119.6,554.6,1.18,2.9,2.72,1.0,3.0,-0.4617,22.252747314788092,14.003884086030435,19.3,30.0
02a59564o0579o,97.979225,35.556575,>19.02898119981981,0.0,1.22,o,21.736,59564.50266575,6725.58,1065.98,230.0,177.9,23.7,19.5,176.8,-1500.7,938.1,1.07,2.2,1.87,1.0,3.0,-0.4507,36.12196592861995,29.720604877978445,18.62,30.0
02a59564o0586o,97.979225,35.556575,>19.06583772984207,0.0,1.46,o,21.728,59564.50586985,6707.67,1026.13,194.0,177.3,27.1,18.6,183.5,1192.3,1150.6,0.92,2.2,1.87,1.0,3.0,-0.4497,41.571177258729946,28.532247122227936,18.6,30.0
02a59564o0597o,97.979225,35.556575,>18.99326699051902,0.0,1.44,o,21.719,59564.51090295,6766.93,1104.56,163.0,175.4,26.5,18.4,175.2,305.0,1153.3,0.74,2.28,1.96,1.0,3.0,-0.4427,44.23800542794167,30.716199995250065,18.59,30.0
02a59564o0672o,97.979225,35.556575,>19.343791485764967,0.0,2.88,o,22.045,59564.54552915,6781.22,990.44,229.0,175.1,50.6,17.6,173.7,698.8,1026.6,0.84,2.27,1.99,1.0,3.0,-0.4467,63.47287874461579,22.077523041605495,18.87,30.0
02a59571o0296o,97.979225,35.556575,17.97,0.12,8.79,o,21.99,59571.58672475,4925.96,7158.82,337.0,174.4,205.8,23.4,169.2,321.1,1247.2,0.7,2.11,1.82,1.0,3.0,-0.4637,234.50815992687507,26.664193111219028,18.69,30.0
02a59571o0307o,97.979225,35.556575,18.04,0.13,7.98,o,21.96,59571.59189735,4907.41,7117.43,376.0,182.7,183.5,23.0,179.1,-824.8,1354.6,1.0,2.15,1.84,1.0,3.0,-0.4587,220.4200501136972,27.62758121316095,18.64,30.0
02a59571o0313o,97.979225,35.556575,17.89,0.12,8.71,o,21.946,59571.59467565,4964.56,7196.35,398.0,183.4,215.1,24.7,184.6,2797.0,1508.5,1.09,2.1,1.81,1.0,3.0,-0.4667,253.3360677902544,29.0906595742412,18.58,30.0
02a59571o0376o,97.979225,35.556575,18.12,0.12,8.33,o,22.006,59571.62415325,4986.91,7078.58,335.0,183.3,171.6,20.6,182.5,1003.7,1011.4,1.2,2.19,1.89,1.0,3.0,-0.4517,205.391254634513,24.65652590600797,18.74,30.0
01a59573o0584o,97.9791725,35.55655,17.78,0.06,16.48,o,22.214,59573.46098315,5555.95,5343.08,315.0,181.7,148.3,9.0,182.9,2349.9,527.3,1.54,2.92,2.63,1.0,3.0,-0.4837,280.0518824473757,16.99573123416306,19.2,30.0
01a59573o0630o,97.9791725,35.55655,17.76,0.07,14.9,o,22.21,59573.48441435,5589.63,5383.92,267.0,180.2,135.6,9.1,180.3,906.5,721.9,1.01,3.12,2.76,1.0,3.0,-0.4727,285.287084596563,19.145372196377014,19.06,30.0
01a59573o0637o,97.9791725,35.55655,17.73,0.07,15.73,o,22.209,59573.48768255,5531.43,5307.76,330.0,180.1,140.0,8.9,178.5,1496.4,717.2,1.01,3.11,2.76,1.0,3.0,-0.4717,293.6001357531189,18.664580058591127,19.06,30.0
01a59573o0682o,97.9791725,35.55655,17.76,0.07,15.05,o,22.208,59573.51024765,5526.75,5425.95,350.0,180.2,140.0,9.3,180.1,1053.3,702.6,1.34,3.06,2.72,1.0,3.0,-0.4757,286.00729561922293,18.9990560661341,19.13,30.0
01a59574o0485o,97.9791725,35.55655,17.69,0.06,18.05,o,22.213,59574.40810595,4987.87,5234.35,303.0,181.3,148.0,8.2,180.1,1684.7,517.4,0.97,3.04,2.8,1.0,3.0,-0.4677,305.52874463722094,16.927943959629808,19.24,30.0
01a59574o0490o,97.9791725,35.55655,17.72,0.05,19.78,o,22.217,59574.41041355,4969.06,5194.53,310.0,181.6,162.2,8.2,179.8,1298.9,566.3,1.24,2.9,2.59,1.0,3.0,-0.4777,297.10321892580697,15.020014766902694,19.31,30.0
01a59574o0496o,97.9791725,35.55655,17.72,0.06,18.98,o,22.217,59574.41317695,5029.0,5270.6,338.0,178.9,157.5,8.3,177.2,2729.4,592.2,1.04,2.93,2.65,1.0,3.0,-0.4727,296.86076186869366,15.644090942921633,19.31,30.0
01a59574o0508o,97.9791725,35.55655,17.78,0.06,17.65,o,22.215,59574.41878995,5049.76,5153.42,344.0,180.5,151.8,8.6,181.6,1576.6,636.3,1.08,2.89,2.61,1.0,3.0,-0.4767,279.49166889249045,15.834178870062042,19.31,30.0
03a59585o0353o,97.9791725,35.55655,17.37,0.16,6.2,o,20.649,59584.95298985,1993.66,2275.47,190.0,187.7,27.9,4.5,182.0,-1313.8,576.2,1.88,4.58,3.46,1.0,3.0,-0.3577,409.1706983674682,65.9952739302368,17.62,30.0
03a59585o0359o,97.9791725,35.55655,17.82,0.21,4.74,o,20.644,59584.95584145,1999.76,2309.5,198.0,189.5,27.0,5.7,186.4,459.1,568.3,1.34,3.81,2.74,1.0,3.0,-0.3907,270.145693043484,57.03075742029107,17.85,30.0
03a59585o0370o,97.9791725,35.55655,>18.293399759584478,0.0,2.98,o,20.706,59584.96096915,1921.53,2223.01,204.0,190.4,16.4,5.5,186.7,-700.3,576.1,1.47,4.01,2.96,1.0,3.0,-0.3787,174.27643884576815,58.446366686080786,17.78,30.0
02a59587o0505c,97.97916625,35.556579375,19.11,0.14,7.12,c,22.114,59587.42390945,8986.33,7528.97,190.0,180.0,53.4,7.5,179.4,658.3,473.5,1.09,2.57,2.37,1.0,3.0,-0.4117,82.06944030631821,11.526606784595254,19.56,30.0
02a59587o0544c,97.97916625,35.556579375,19.02,0.14,7.54,c,22.112,59587.44281525,8965.31,7487.79,223.0,176.8,57.3,7.6,175.6,742.3,429.3,1.26,2.59,2.38,1.0,3.0,-0.4117,89.28738183663265,11.842654484439933,19.58,30.0
02a59587o0551c,97.97916625,35.556579375,18.8,0.11,9.3,c,22.111,59587.44603165,9024.02,7568.88,245.0,180.9,70.7,7.6,178.5,-623.5,509.4,1.11,2.58,2.37,1.0,3.0,-0.4117,109.38208841917978,11.758187722570952,19.57,30.0
02a59587o0569c,97.97916625,35.556579375,19.19,0.15,6.83,c,22.112,59587.45429105,9044.58,7454.63,220.0,178.7,51.9,7.6,176.6,-206.5,497.9,1.12,2.52,2.31,1.0,3.0,-0.4147,76.58410190716964,11.214627639585531,19.62,30.0
01a59589o0418o,97.9791315,35.556577,18.2,0.1,10.42,o,22.215,59589.40174525,5880.66,1061.87,287.0,180.0,92.7,8.9,178.0,272.1,579.2,1.16,3.01,2.84,1.0,3.0,-0.4557,189.72445548671442,18.215185046728784,19.15,30.0
01a59589o0474o,97.9791315,35.556577,18.69,0.14,7.23,o,22.212,59589.42888775,5916.63,1102.34,231.0,181.3,56.4,7.8,181.7,645.4,553.4,1.5,3.09,2.91,1.0,3.0,-0.4517,121.30796510778876,16.776633472353765,19.17,30.0
01a59589o0480o,97.9791315,35.556577,18.79,0.16,6.49,o,22.213,59589.43166785,5858.74,1025.92,241.0,181.0,51.9,8.0,182.8,1503.0,580.3,1.15,3.09,2.9,1.0,3.0,-0.4517,111.14311906722816,17.13188733213536,19.15,30.0
01a59589o0539o,97.9791315,35.556577,18.19,0.08,12.44,o,22.209,59589.46018375,5856.15,1147.41,270.0,180.3,90.8,7.3,178.4,210.4,485.5,1.0,3.06,2.9,1.0,3.0,-0.4497,192.9141208776588,15.509615445010017,19.3,30.0
02a59591o0285o,97.97915125,35.5565770833333,18.53,0.13,7.74,o,22.053,59591.33312155,1596.77,3044.91,271.0,184.0,101.4,13.1,185.4,725.4,929.9,1.7,2.39,2.12,1.0,3.0,-0.4347,140.06526979622834,18.095217301090642,19.02,30.0
02a59591o0289o,97.97915125,35.5565770833333,18.45,0.13,7.73,o,22.054,59591.33495215,1616.3,3084.15,290.0,181.8,107.5,13.9,185.6,1789.2,907.4,0.93,2.41,2.15,1.0,3.0,-0.4357,151.85276775413536,19.634916016581226,19.02,30.0
02a59591o0297o,97.97915125,35.5565770833333,18.77,0.16,6.16,o,22.056,59591.33878635,1557.3,3004.64,275.0,182.6,88.1,14.3,181.3,233.0,774.1,1.25,2.32,2.02,1.0,3.0,-0.4427,113.07692973939922,18.35414410071974,19.11,30.0
02a59591o0320o,97.97915125,35.5565770833333,18.39,0.11,9.12,o,22.054,59591.35048465,1534.69,3122.46,241.0,165.7,121.3,13.3,166.5,1065.6,797.6,1.16,2.35,2.06,1.0,3.0,-0.4387,160.52941712296638,17.6013293300532,19.09,30.0
01a59598o0410o,97.97915125,35.5565770833333,>18.921547549618577,0.0,1.28,o,22.219,59598.38135835,7873.58,9250.4,152.0,183.0,23.6,18.5,181.0,2575.8,1386.0,0.68,2.76,2.59,1.0,3.0,-0.4917,41.598684261145316,32.609138086067304,18.58,30.0
01a59598o0418o,97.97915125,35.5565770833333,18.69,0.23,4.18,o,22.22,59598.38504095,7897.36,9289.64,245.0,180.7,67.7,16.2,180.9,1179.0,1212.5,1.18,2.8,2.61,1.0,3.0,-0.4887,121.5474781651266,29.085216340842695,18.54,30.0
01a59598o0431o,97.97915125,35.5565770833333,18.64,0.29,3.21,o,22.219,59598.39103115,7838.45,9213.96,350.0,181.3,71.6,22.3,186.0,2566.7,1556.7,1.2,2.77,2.61,1.0,3.0,-0.4837,126.70450132968458,39.46243546999953,18.57,30.0
01a59598o0455o,97.97915125,35.5565770833333,>19.46,0.0,3.0,o,22.22,59598.40209275,7826.95,9333.53,217.0,180.3,13.5,16.9,182.3,382.4,1039.4,1.12,2.85,2.64,1.0,3.0,-0.4817,24.79369763938924,31.038036304124304,18.57,30.0
04a59600o0206o,97.97915125,35.5565770833333,>18.3,0.0,3.0,o,21.189,59600.14114556,2689.65,9419.71,178.0,192.1,1.1,22.0,188.7,-2207.3,1529.7,0.71,2.8,2.32,1.0,3.0,-0.4587,4.413645485607629,88.27290971215257,17.46,30.0
04a59600o0221o,97.97915125,35.5565770833333,>18.27786874301397,0.0,2.97,o,21.783,59600.14816921,2840.28,9464.6,219.0,186.7,44.5,15.0,177.6,-2838.3,1551.5,1.18,5.26,2.45,1.0,3.0,-0.2877,175.09372606465914,59.0203571004469,17.7,30.0
04a59600o0234o,97.97915125,35.5565770833333,18.2,0.31,3.01,o,21.777,59600.15428116,2890.06,9390.01,187.0,179.2,48.2,16.0,167.5,-3856.8,1687.1,1.14,5.11,2.45,1.0,3.0,-0.3227,191.3342718810081,63.513451246807676,17.72,30.0
04a59600o0255o,97.97915125,35.5565770833333,>18.62,0.0,3.0,o,21.808,59600.16475587,3041.49,9515.18,203.0,181.9,14.2,14.3,182.4,2255.0,1571.1,0.91,5.1,2.59,1.0,3.0,-0.2607,54.590494691796685,54.97493479526005,17.7,30.0
01a59601o0458o,97.97915125,35.5565770833333,19.22,0.24,4.1,o,22.213,59601.40576795,3387.87,3059.53,267.0,181.0,37.7,9.2,179.3,732.5,699.2,1.14,2.96,2.78,1.0,3.0,-0.4597,74.68555324763192,18.225652251411503,19.06,30.0
01a59601o0466o,97.97915125,35.5565770833333,19.39,0.26,3.63,o,22.212,59601.40945615,3410.16,3099.07,221.0,180.2,31.6,8.7,178.7,651.8,702.7,1.3,2.99,2.82,1.0,3.0,-0.4507,63.67458520790566,17.530661117366428,19.02,30.0
01a59601o0507o,97.97915125,35.5565770833333,19.53,0.3,3.1,o,22.211,59601.42881615,3360.16,3024.27,198.0,181.5,28.2,9.1,180.4,-712.1,612.1,1.14,2.98,2.78,1.0,3.0,-0.4557,56.13954825142095,18.115953513756402,18.99,30.0
01a59601o0545o,97.9791532,35.5565824,18.81,0.17,5.8,o,22.207,59601.44668625,3354.03,3142.57,217.0,180.7,52.2,9.0,181.3,670.5,740.5,1.28,3.05,2.86,1.0,3.0,-0.4457,108.81659213462386,18.761481402521355,18.95,30.0
03a59602o0251o,97.9791532,35.5565824,>18.51085240929417,0.0,1.93,o,20.7,59601.89531515,4219.19,1130.88,209.0,182.7,13.7,7.1,181.2,59.6,555.6,0.88,3.29,2.19,1.0,3.0,-0.4157,91.94313867324792,47.6493638379606,17.85,30.0
03a59602o0257o,97.9791532,35.5565824,>18.43901015342441,0.0,1.79,o,20.73,59601.89811295,4237.69,1170.52,216.0,183.4,13.6,7.6,181.4,489.8,539.6,1.12,3.33,2.21,1.0,3.0,-0.4177,90.85193067509789,50.77019655373117,17.83,30.0
03a59602o0270o,97.9791532,35.5565824,>18.40088900763468,0.0,1.97,o,20.798,59601.90417435,4183.61,1091.55,183.0,178.8,17.1,8.7,177.8,491.2,736.3,0.85,3.21,2.2,1.0,3.0,-0.4307,104.2035629966703,53.01584784041119,17.87,30.0
03a59602o0297o,97.9791532,35.5565824,>18.36789385814903,0.0,1.01,o,20.777,59601.91682425,4162.74,1208.81,182.0,178.6,10.2,10.1,180.8,278.9,690.8,1.01,2.83,2.12,1.0,3.0,-0.4497,54.78746591770061,54.25033389889961,17.84,30.0
02a59604o0440o,97.9791532,35.5565824,19.62,0.23,4.21,o,22.134,59604.40781495,4099.25,3002.22,224.0,177.7,50.1,11.9,179.5,795.3,548.1,0.84,2.16,1.86,1.0,3.0,-0.4487,51.58971949431717,12.253845548550387,19.58,30.0
02a59604o0448o,97.9791532,35.5565824,19.67,0.24,3.97,o,22.134,59604.41149995,4079.84,2962.07,196.0,179.5,46.0,11.6,179.2,151.5,675.0,0.83,2.19,1.91,1.0,3.0,-0.4467,49.22594465137808,12.413499085999687,19.52,30.0
02a59604o0461o,97.9791532,35.5565824,19.54,0.21,4.64,o,22.133,59604.41747115,4138.03,3039.92,210.0,177.2,53.8,11.6,175.2,-62.9,650.8,0.83,2.17,1.86,1.0,3.0,-0.4487,55.70750385623129,12.011283359336113,19.56,30.0
02a59604o0484o,97.9791532,35.5565824,19.75,0.26,3.72,o,22.133,59604.42805365,4157.73,2922.79,234.0,179.7,43.9,11.8,182.6,1486.5,645.4,1.0,2.17,1.87,1.0,3.0,-0.4487,45.70088453920929,12.284064636962864,19.57,30.0
02a59605o0430o,97.9791565384616,35.5565842307692,20.03,0.3,3.17,o,22.134,59605.40239865,4097.1,3002.39,217.0,179.5,35.5,11.2,178.7,-213.6,588.4,0.99,2.11,1.83,1.0,3.0,-0.4537,35.295606044376164,11.135515146394733,19.65,30.0
02a59605o0437o,97.9791565384616,35.5565842307692,19.69,0.24,4.12,o,22.134,59605.40563125,4077.38,2963.09,208.0,179.8,47.8,11.6,181.8,993.2,646.3,0.87,2.14,1.84,1.0,3.0,-0.4537,48.46388642826664,11.761110513972655,19.65,30.0
02a59605o0450o,97.9791565384616,35.5565842307692,19.67,0.23,4.23,o,22.133,59605.41160155,4136.01,3039.8,210.0,176.7,47.8,11.3,178.9,1159.0,585.6,1.24,2.14,1.83,1.0,3.0,-0.4717,49.05141103111324,11.595835662166937,19.63,30.0
02a59605o0474o,97.9791565384616,35.5565842307692,19.58,0.21,4.6,o,22.13,59605.42264435,4156.09,2922.43,208.0,179.0,51.1,11.1,179.2,327.2,639.5,1.15,2.17,1.88,1.0,3.0,-0.4467,53.52999816886717,11.627846960360579,19.64,30.0
03a59606o0238c,97.9791565384616,35.5565842307692,>19.823736536950822,0.0,1.35,c,21.771,59605.87648875,4218.28,1132.06,203.0,182.3,7.7,5.7,186.1,2152.6,465.0,1.43,3.06,2.4,1.0,3.0,-0.3917,19.21242294294757,14.222183217506643,19.22,30.0
03a59606o0245c,97.9791565384616,35.5565842307692,>19.821968222064154,0.0,1.75,c,21.767,59605.87977125,4235.7,1171.97,185.0,181.7,9.6,5.5,183.9,1147.7,336.7,1.26,3.15,2.44,1.0,3.0,-0.3847,24.99944449463501,14.322598408384643,19.17,30.0
03a59606o0256c,97.9791565384616,35.5565842307692,>20.23,0.0,3.0,c,21.765,59605.88489625,4182.64,1093.39,178.0,182.3,-2.0,5.5,184.6,1007.6,372.6,1.31,3.08,2.43,1.0,3.0,-0.3927,-5.118535633495711,14.075972992113206,19.21,30.0
03a59606o0279c,97.9791565384616,35.5565842307692,>19.827562421230823,0.0,1.24,c,21.756,59605.89562045,4161.28,1210.52,178.0,181.5,6.8,5.5,183.8,1216.6,465.3,1.38,3.09,2.43,1.0,3.0,-0.3857,17.49171574209442,14.147711261988132,19.16,30.0
01a59606o0347o,97.9791522222223,35.5565825925926,19.01,0.15,6.9,o,22.216,59606.35787935,3367.82,3058.01,224.0,181.1,50.4,7.3,177.5,138.5,457.0,1.44,2.82,2.63,1.0,3.0,-0.4677,90.40535138592013,13.094425895182875,19.37,30.0
01a59606o0358o,97.9791522222223,35.5565825925926,19.61,0.27,3.57,o,22.215,59606.36298555,3391.02,3097.12,226.0,181.2,28.9,8.1,181.4,-109.9,580.3,1.14,2.82,2.64,1.0,3.0,-0.4687,52.13262860146315,14.611567185877217,19.37,30.0
01a59606o0365o,97.9791522222223,35.5565825925926,19.6,0.26,3.65,o,22.215,59606.36623305,3333.76,3021.27,203.0,180.4,28.8,7.9,178.2,-163.1,514.8,1.11,2.84,2.65,1.0,3.0,-0.4687,52.51887892681516,14.406220261174992,19.33,30.0
01a59606o0424o,97.9791522222223,35.5565825925926,>19.837020056041876,0.0,2.31,o,22.215,59606.39402495,3332.76,3141.06,211.0,181.1,17.8,7.7,182.9,1.0,503.8,1.14,2.85,2.66,1.0,3.0,-0.4637,32.546571356494084,14.079134800281148,19.32,30.0
01a59607o0348o,97.9791522222223,35.5565825925926,19.75,0.3,3.14,o,22.218,59607.35770145,3369.91,3061.65,196.0,179.9,25.4,8.1,178.5,224.3,598.2,1.42,2.84,2.61,1.0,3.0,-0.4747,45.745808676400394,14.588230325938708,19.39,30.0
01a59607o0356o,97.9791522222223,35.5565825925926,19.35,0.2,4.86,o,22.219,59607.36139695,3391.88,3099.92,208.0,181.1,36.9,7.6,180.0,-282.5,543.6,1.11,2.83,2.61,1.0,3.0,-0.4727,66.04075875341536,13.601890691760346,19.4,30.0
01a59607o0427o,97.9791522222223,35.5565825925926,>20.35,0.0,3.0,o,22.218,59607.39526925,3352.05,3024.87,198.0,181.5,6.9,7.6,182.4,1250.0,544.6,1.48,2.85,2.57,1.0,3.0,-0.4737,12.268340452319114,13.512954701105109,19.41,30.0
01a59607o0443o,97.9791522222223,35.5565825925926,19.59,0.26,3.65,o,22.217,59607.40273615,3338.15,3142.3,224.0,180.5,29.6,8.1,180.7,236.6,580.3,1.18,2.85,2.59,1.0,3.0,-0.4737,53.087843054900034,14.52741651164494,19.39,30.0
02a59608o0375o,97.9791522222223,35.5565825925926,19.59,0.24,4.13,o,22.14,59608.36850575,4096.14,2998.41,235.0,180.3,40.1,9.7,180.0,718.4,570.6,0.92,2.46,2.15,1.0,3.0,-0.4297,53.1222773466494,12.850027188591,19.47,30.0
02a59608o0448o,97.9791522222223,35.5565825925926,19.62,0.24,4.13,o,22.138,59608.40259985,4075.45,2962.12,204.0,180.0,40.9,9.9,180.7,-46.9,628.0,1.01,2.38,2.1,1.0,3.0,-0.4327,51.43731671821025,12.450597445239154,19.56,30.0
02a59608o0455o,97.9791522222223,35.5565825925926,19.88,0.27,3.5,o,22.138,59608.40583365,4134.53,3038.22,208.0,179.5,33.6,9.6,179.6,291.7,529.2,0.99,2.33,2.06,1.0,3.0,-0.4357,40.693136393021945,11.626610398006267,19.55,30.0
02a59608o0514o,97.9791522222223,35.5565825925926,19.77,0.26,3.71,o,22.134,59608.43334165,4151.5,2921.16,215.0,180.2,36.4,9.8,180.4,375.9,565.2,1.16,2.36,2.07,1.0,3.0,-0.4307,44.82728924055078,12.068885564763674,19.5,30.0
02a59609o0372o,97.9791596428572,35.5565878571429,19.64,0.21,4.72,o,22.142,59609.37033495,4102.31,3006.11,237.0,178.7,49.6,10.5,177.8,228.5,682.0,0.95,2.17,1.84,1.0,3.0,-0.4487,50.38693932541831,10.66658997816315,19.59,30.0
01a59609o0397o,97.9791596428572,35.5565878571429,19.33,0.22,4.41,o,22.211,59609.38045035,10428.2,7197.8,218.0,182.7,34.8,7.9,180.5,-138.3,587.0,1.35,2.97,2.7,1.0,3.0,-0.4627,67.49291765751725,15.321668088919148,19.34,30.0
02a59609o0393o,97.9791596428572,35.5565878571429,19.75,0.24,4.1,o,22.141,59609.38069275,4084.93,2966.16,194.0,179.5,46.7,11.4,180.9,393.5,669.1,1.17,2.11,1.81,1.0,3.0,-0.4547,45.67059356432746,11.148710206281221,19.62,30.0
02a59609o0401o,97.9791596428572,35.5565878571429,19.74,0.23,4.18,o,22.142,59609.38469675,4145.53,3044.42,230.0,179.0,46.0,11.0,178.3,423.6,594.2,0.96,2.14,1.84,1.0,3.0,-0.4527,46.25388042473875,11.060710536350571,19.62,30.0
01a59609o0409o,97.9791596428572,35.5565878571429,>19.7865075585913,0.0,2.56,o,22.212,59609.38599755,10452.1,7236.26,191.0,182.4,20.2,7.9,181.3,-153.2,483.5,1.23,2.89,2.67,1.0,3.0,-0.4607,37.59405901561954,14.702627040762097,19.37,30.0
01a59609o0415o,97.9791596428572,35.5565878571429,19.53,0.25,3.82,o,22.21,59609.38879105,10391.5,7161.78,194.0,183.2,29.8,7.8,181.8,-317.2,583.3,1.07,2.89,2.69,1.0,3.0,-0.4627,56.082211655779965,14.679236607888717,19.36,30.0
01a59609o0424o,97.9791596428572,35.5565878571429,19.15,0.19,5.13,o,22.213,59609.39294755,436.44,7427.12,226.0,180.7,40.0,7.8,181.1,335.6,612.5,1.21,3.01,2.73,1.0,3.0,-0.4627,79.35017323716743,15.47328378124765,19.36,30.0
01a59609o0433o,97.9791596428572,35.5565878571429,19.69,0.29,3.22,o,22.215,59609.39709975,458.35,7466.34,221.0,181.9,25.4,7.9,181.4,170.7,518.7,1.25,2.92,2.7,1.0,3.0,-0.4627,48.25463972869626,15.008332829003956,19.38,30.0
01a59609o0442o,97.9791596428572,35.5565878571429,19.54,0.25,3.86,o,22.209,59609.40125045,10382.1,7281.84,209.0,183.8,28.2,7.3,180.7,34.5,581.9,1.59,2.94,2.78,1.0,3.0,-0.4507,55.23317133623573,14.29794860831634,19.34,30.0
01a59609o0445o,97.9791596428572,35.5565878571429,19.53,0.27,3.61,o,22.214,59609.40263125,400.31,7388.54,231.0,180.3,30.0,8.3,181.5,268.5,603.2,1.01,2.9,2.67,1.0,3.0,-0.4597,55.8713621019761,15.457743514880054,19.39,30.0
02a59609o0457o,97.9791596428572,35.5565878571429,19.64,0.22,4.47,o,22.138,59609.41206615,4160.01,2923.01,212.0,179.2,51.0,11.4,178.0,-404.9,585.2,1.01,2.12,1.81,1.0,3.0,-0.4587,50.436316013679004,11.274000050116483,19.59,30.0
01a59609o0473o,97.9791596428572,35.5565878571429,19.81,0.3,3.16,o,22.213,59609.41554565,390.31,7507.13,213.0,180.0,23.7,7.5,180.3,-198.9,506.7,1.4,2.85,2.65,1.0,3.0,-0.4687,43.45080483324306,13.750254694064258,19.39,30.0
01a59610o0379o,97.9791596428572,35.5565878571429,>20.35,0.0,3.0,o,22.207,59610.37255685,10425.3,7195.5,191.0,182.1,3.2,6.7,185.9,1434.4,445.2,1.51,2.98,2.76,1.0,3.0,-0.4597,6.371388242289764,13.340094132294194,19.37,30.0
01a59610o0410o,97.9791596428572,35.5565878571429,19.42,0.24,4.1,o,22.209,59610.38730245,10452.7,7234.38,206.0,181.7,32.4,7.9,178.2,-73.5,591.7,1.11,2.93,2.69,1.0,3.0,-0.4627,61.87620303510037,15.087098888188054,19.38,30.0
01a59610o0420o,97.9791596428572,35.5565878571429,>19.849843661361405,0.0,2.13,o,22.208,59610.39190595,10392.6,7160.52,219.0,182.0,16.0,7.5,181.6,1529.6,446.4,1.33,2.88,2.66,1.0,3.0,-0.4647,29.78193094679563,13.960280131310451,19.39,30.0
01a59610o0427o,97.9791596428572,35.5565878571429,19.69,0.28,3.36,o,22.212,59610.39512815,437.53,7426.37,199.0,181.0,24.9,7.4,178.4,-1023.2,560.9,1.09,2.96,2.72,1.0,3.0,-0.4627,48.44162545900514,14.396306361310767,19.41,30.0
01a59610o0438o,97.9791596428572,35.5565878571429,19.66,0.26,3.69,o,22.204,59610.40072715,10380.7,7280.18,169.0,183.4,24.7,6.7,181.1,-412.2,550.0,1.25,3.0,2.77,1.0,3.0,-0.4577,49.734381606178665,13.490702702890575,19.34,30.0
01a59610o0440o,97.9791596428572,35.5565878571429,>19.82687985645093,0.0,2.75,o,22.211,59610.40165245,460.33,7466.52,220.0,179.8,20.1,7.3,179.1,-244.7,555.4,1.51,2.95,2.74,1.0,3.0,-0.4617,39.2579286619914,14.25785468818593,19.39,30.0
01a59610o0448o,97.9791596428572,35.5565878571429,>19.776334882590554,0.0,2.23,o,22.211,59610.40533885,402.39,7387.58,180.0,181.2,16.7,7.5,180.7,56.4,513.6,0.97,2.99,2.76,1.0,3.0,-0.4597,33.239576878483575,14.927953687941725,19.33,30.0
01a59610o0485o,97.9791596428572,35.5565878571429,>19.761119278525964,0.0,2.54,o,22.208,59610.42292455,392.93,7506.57,195.0,181.4,20.1,7.9,181.2,487.9,519.8,1.06,2.93,2.68,1.0,3.0,-0.4687,38.49082476608451,15.128234609555602,19.41,30.0
01a59612o0294o,97.9791506896552,35.5565886206897,19.53,0.24,4.13,o,22.212,59612.34291635,10411.6,7196.91,203.0,183.0,28.1,6.8,181.6,577.1,483.1,1.48,3.02,2.75,1.0,3.0,-0.4547,55.976366185136854,13.545882208502867,19.35,30.0
01a59612o0303o,97.9791506896552,35.5565886206897,19.84,0.31,3.01,o,22.212,59612.35303045,10439.0,7235.58,200.0,182.6,22.3,7.4,181.4,94.2,550.0,1.39,2.92,2.66,1.0,3.0,-0.4667,42.00762190835574,13.939748974073208,19.35,30.0
01a59612o0312o,97.9791506896552,35.5565886206897,>19.791279946518625,0.0,2.95,o,22.211,59612.35720855,10379.4,7161.11,189.0,181.7,23.0,7.8,182.0,1436.4,519.6,1.4,2.78,2.78,1.0,3.0,-0.4697,43.26893174325399,14.67381163466874,19.36,30.0
01a59612o0326o,97.9791506896552,35.5565886206897,>19.70618642210765,0.0,2.11,o,22.211,59612.36366835,10365.9,7279.38,201.0,181.5,15.8,7.5,181.7,163.5,567.5,1.44,3.11,2.83,1.0,3.0,-0.4527,33.32442440285489,15.818555887431115,19.27,30.0
01a59612o0335o,97.9791506896552,35.5565886206897,>19.78732607175228,0.0,2.68,o,22.217,59612.36789455,425.06,7428.03,171.0,179.1,20.9,7.8,175.2,-1232.4,649.4,1.24,2.93,2.66,1.0,3.0,-0.4677,39.35992737095062,14.689350884852383,19.34,30.0
01a59612o0347o,97.9791506896552,35.5565886206897,19.64,0.29,3.23,o,22.215,59612.37345455,450.6,7468.03,212.0,180.1,26.2,8.1,179.8,-628.6,602.4,1.26,2.96,2.68,1.0,3.0,-0.4727,50.54597074722051,15.62680775009489,19.35,30.0
01a59612o0354o,97.9791506896552,35.5565886206897,>19.74717128794,0.0,2.83,o,22.215,59612.37675505,391.03,7388.88,181.0,180.2,23.5,8.3,179.1,237.0,641.0,1.46,2.89,2.6,1.0,3.0,-0.4837,43.38082412855224,15.32173788370143,19.36,30.0
01a59612o0382o,97.9791506896552,35.5565886206897,19.19,0.2,4.88,o,22.213,59612.38981315,379.5,7507.51,214.0,180.9,38.1,7.8,178.7,56.8,549.5,1.32,3.06,2.69,1.0,3.0,-0.4747,76.55215614952516,15.672094959745307,19.32,30.0
01a59613o0281o,97.9791506896552,35.5565886206897,19.44,0.22,4.46,o,22.212,59613.32811245,10406.3,7195.86,213.0,182.7,32.1,7.2,181.9,83.0,490.5,1.28,2.91,2.7,1.0,3.0,-0.4607,60.830380192423455,13.64419742633797,19.41,30.0
01a59613o0288o,97.9791506896552,35.5565886206897,>19.835773715281775,0.0,2.6,o,22.212,59613.33133455,10428.8,7234.38,201.0,181.8,19.0,7.3,184.1,1242.9,534.9,1.28,2.94,2.73,1.0,3.0,-0.4537,36.54452519529755,14.040791259245903,19.39,30.0
01a59613o0356o,97.9791506896552,35.5565886206897,19.67,0.24,4.06,o,22.211,59613.36351175,10385.9,7160.68,202.0,183.2,27.2,6.7,179.3,-332.0,464.6,1.6,2.86,2.61,1.0,3.0,-0.4667,49.28720489637953,12.140598264917015,19.43,30.0
01a59613o0362o,97.9791506896552,35.5565886206897,>19.85002379411153,0.0,1.95,o,22.215,59613.36628075,429.07,7425.94,179.0,181.1,14.4,7.4,180.1,-788.4,477.9,1.3,2.93,2.66,1.0,3.0,-0.4657,27.118801633573636,13.93605083947534,19.44,30.0
01a59613o0370o,97.9791506896552,35.5565886206897,19.25,0.17,5.87,o,22.216,59613.36998265,452.0,7465.74,205.0,181.1,39.9,6.8,178.5,-249.4,559.1,1.44,2.84,2.65,1.0,3.0,-0.4607,72.15988874583762,12.297925901546261,19.47,30.0
01a59613o0372o,97.9791506896552,35.5565886206897,>19.927944573966332,0.0,2.27,o,22.21,59613.37090335,10372.4,7279.76,175.0,184.4,15.9,7.0,183.2,-777.1,556.7,1.22,2.87,2.65,1.0,3.0,-0.4687,29.436328459548083,12.959389887851355,19.46,30.0
01a59613o0383o,97.9791506896552,35.5565886206897,19.74,0.27,3.5,o,22.216,59613.37596935,393.81,7388.4,214.0,179.6,25.9,7.4,178.8,351.2,485.7,1.0,2.84,2.6,1.0,3.0,-0.4697,46.33937771136967,13.239822203248476,19.48,30.0
02a59613o0432c,97.9791506896552,35.5565886206897,>20.106886220116937,0.0,2.65,c,22.18,59613.39802825,8738.76,1002.96,207.0,180.7,20.7,7.8,179.4,-140.2,489.8,1.03,2.53,2.33,1.0,3.0,-0.4137,29.02722591132376,10.93779527093359,19.68,30.0
02a59613o0439c,97.9791506896552,35.5565886206897,>20.57,0.0,3.0,c,22.18,59613.40122745,8719.42,964.31,190.0,180.1,0.9,7.2,180.3,606.7,607.5,1.42,2.58,2.37,1.0,3.0,-0.4107,1.3054772461955764,10.443817969564611,19.63,30.0
02a59613o0455c,97.9791506896552,35.5565886206897,20.04,0.3,3.15,c,22.178,59613.40860885,8779.09,1043.22,203.0,179.9,25.5,8.1,181.4,1414.3,476.9,1.15,2.51,2.3,1.0,3.0,-0.4127,35.05100567975907,11.13384886298229,19.63,30.0
01a59613o0457o,97.9791506896552,35.5565886206897,>20.28,0.0,3.0,o,22.209,59613.41081495,392.93,7508.42,191.0,180.7,4.2,7.2,180.3,-149.3,580.4,1.24,2.99,2.75,1.0,3.0,-0.4527,8.291095505529999,14.21330658090857,19.39,30.0
02a59613o0480c,97.9791506896552,35.5565886206897,>20.09773810483667,0.0,1.92,c,22.174,59613.42010025,8799.88,923.93,175.0,181.4,15.2,7.9,183.9,1056.9,453.4,1.0,2.54,2.32,1.0,3.0,-0.4107,21.366039882992062,11.1047180970814,19.64,30.0
02a59614o0306c,97.9791506896552,35.5565886206897,>20.078573531072372,0.0,1.18,c,22.188,59614.34122795,8744.96,1004.43,185.0,180.3,10.4,8.8,180.5,352.3,648.9,0.78,2.42,2.22,1.0,3.0,-0.4217,13.29108468078369,11.246302422201584,19.7,30.0
02a59614o0312c,97.9791506896552,35.5565886206897,>20.136621945775868,0.0,2.01,c,22.186,59614.34404015,8725.42,970.12,183.0,182.0,15.9,7.9,182.7,1022.2,494.2,1.16,2.5,2.29,1.0,3.0,-0.4137,21.53432982924667,10.699446896292368,19.64,30.0
02a59614o0323c,97.9791506896552,35.5565886206897,>20.120591553249085,0.0,2.26,c,22.186,59614.34928485,8784.97,1050.7,207.0,181.6,18.5,8.2,180.6,773.6,434.4,1.12,2.46,2.27,1.0,3.0,-0.4167,24.507072636131138,10.862594357636503,19.68,30.0
02a59614o0398c,97.9791506896552,35.5565886206897,>20.54,0.0,3.0,c,22.183,59614.38482195,8799.26,926.34,191.0,179.8,6.4,8.1,181.7,1071.1,565.5,1.44,2.48,2.27,1.0,3.0,-0.4177,8.578596822113347,10.857286602987202,19.66,30.0
01a59615o0237o,97.979143,35.5565843333333,19.59,0.26,3.64,o,22.213,59615.32379565,10405.1,7197.7,198.0,182.4,29.5,8.1,181.1,-151.9,547.9,1.05,2.84,2.6,1.0,3.0,-0.4747,53.170708738386416,14.599414941726438,19.32,30.0
01a59615o0248o,97.979143,35.5565843333333,>19.773998516730373,0.0,1.64,o,22.213,59615.32890915,10429.4,7235.87,205.0,183.6,14.1,8.6,182.7,901.1,693.3,1.46,2.79,2.53,1.0,3.0,-0.4827,24.473866255801422,14.927322680843423,19.34,30.0
01a59615o0257o,97.979143,35.5565843333333,>19.724630233127886,0.0,2.6,o,22.212,59615.33327845,10369.2,7160.03,198.0,183.7,22.1,8.5,183.5,144.7,584.0,1.48,2.86,2.64,1.0,3.0,-0.4687,40.54347588043301,15.593644569397307,19.32,30.0
01a59615o0269o,97.979143,35.5565843333333,>20.22,0.0,3.0,o,22.216,59615.33895225,413.05,7425.17,183.0,181.5,8.1,8.6,181.0,-332.5,559.2,1.24,2.83,2.58,1.0,3.0,-0.4767,14.422810774025951,15.313107735385579,19.35,30.0
02a59615o0307c,97.979143,35.5565843333333,>20.05421539825385,0.0,1.23,c,22.187,59615.34069405,8740.42,1003.2,178.0,177.8,10.6,8.6,178.1,1554.1,564.7,1.05,2.48,2.27,1.0,3.0,-0.4177,14.156051976677992,11.4850987735312,19.65,30.0
01a59615o0275o,97.979143,35.5565843333333,19.06,0.17,5.92,o,22.217,59615.34181545,434.98,7464.7,226.0,180.8,49.1,8.3,178.9,732.0,557.3,0.95,2.81,2.55,1.0,3.0,-0.4837,86.27535157706312,14.584224401010673,19.36,30.0
01a59615o0278o,97.979143,35.5565843333333,>19.792890379880753,0.0,1.83,o,22.212,59615.34320125,10357.4,7279.01,171.0,184.0,15.0,8.2,180.6,-1005.1,648.8,1.17,2.83,2.57,1.0,3.0,-0.4797,26.77747134217141,14.638351000387035,19.33,30.0
02a59615o0314c,97.979143,35.5565843333333,>19.987905764799645,0.0,1.98,c,22.186,59615.34389895,8720.29,965.08,191.0,178.6,18.2,9.2,178.4,138.2,576.4,0.72,2.49,2.26,1.0,3.0,-0.4167,24.29617569703586,12.281583319380765,19.65,30.0
01a59615o0341o,97.979143,35.5565843333333,19.36,0.23,4.27,o,22.215,59615.37338835,391.51,7388.55,188.0,179.9,37.6,8.8,176.8,-561.5,735.7,1.21,2.79,2.54,1.0,3.0,-0.4807,65.28065602162906,15.27845140931744,19.4,30.0
02a59615o0385c,97.979143,35.5565843333333,>20.43,0.0,3.0,c,22.181,59615.37704515,8774.56,1043.68,184.0,179.9,7.3,8.5,181.5,948.5,531.1,1.06,2.55,2.31,1.0,3.0,-0.4167,10.247873733578812,11.932455717180808,19.63,30.0
01a59615o0358o,97.979143,35.5565843333333,>19.782039351480158,0.0,2.74,o,22.214,59615.38123845,377.69,7507.41,214.0,181.0,23.3,8.5,179.7,746.1,558.5,1.35,2.79,2.53,1.0,3.0,-0.4877,40.591901007669094,14.808204230265545,19.42,30.0
02a59615o0397c,97.979143,35.5565843333333,>20.53,0.0,3.0,c,22.181,59615.38252785,8798.11,928.22,202.0,180.3,3.0,8.2,182.9,1077.7,521.9,1.15,2.48,2.25,1.0,3.0,-0.4167,3.9894607709443766,10.904526107247964,19.61,30.0
01a59616o0229o,97.979143,35.5565843333333,19.33,0.23,4.21,o,22.208,59616.32466185,9865.76,1183.0,225.0,179.9,35.4,8.4,175.1,-1497.9,589.5,0.95,2.87,2.72,1.0,3.0,-0.4647,67.14486547834852,15.932679944014902,19.29,30.0
01a59616o0236o,97.979143,35.5565843333333,>19.70448879159736,0.0,2.39,o,22.208,59616.32788485,9887.33,1221.64,197.0,180.2,20.1,8.4,177.5,-162.2,624.9,0.98,2.87,2.7,1.0,3.0,-0.4647,37.84429886912153,15.815527885603025,19.31,30.0
01a59616o0252o,97.979143,35.5565843333333,>19.718264323429487,0.0,2.91,o,22.207,59616.33527595,9832.08,1147.66,193.0,178.3,23.6,8.1,178.6,-3.7,628.5,1.18,2.9,2.75,1.0,3.0,-0.4667,45.85655658196489,15.738902894657441,19.28,30.0
01a59616o0258o,97.979143,35.5565843333333,>19.717999077450933,0.0,1.21,o,22.216,59616.33804055,187.24,1385.36,192.0,180.2,10.2,8.4,182.2,936.2,723.0,1.41,2.89,2.67,1.0,3.0,-0.4677,19.035663593903866,15.676428842038483,19.31,30.0
01a59616o0268o,97.979143,35.5565843333333,>19.77723057657478,0.0,2.13,o,22.214,59616.34335885,209.87,1425.92,201.0,180.8,16.6,7.8,179.9,-181.0,511.2,0.9,2.9,2.7,1.0,3.0,-0.4707,31.581197627879945,14.839357921533951,19.32,30.0
01a59616o0277o,97.979143,35.5565843333333,19.4,0.24,4.12,o,22.215,59616.34750125,152.28,1346.58,232.0,179.3,34.2,8.3,179.3,727.2,583.8,1.06,2.83,2.68,1.0,3.0,-0.4777,63.373264747827825,15.380061327689209,19.32,30.0
01a59616o0280o,97.979143,35.5565843333333,>20.22,0.0,3.0,o,22.207,59616.34888595,9821.48,1267.77,186.0,179.8,8.0,8.1,176.6,-1714.2,663.4,1.26,2.87,2.69,1.0,3.0,-0.4677,15.062009216390774,15.250284331595658,19.3,30.0
01a59616o0298o,97.979143,35.5565843333333,>20.21,0.0,3.0,o,22.215,59616.35728555,141.91,1465.61,172.0,181.7,7.6,8.5,183.1,-332.7,528.1,1.18,2.83,2.64,1.0,3.0,-0.4757,13.847223436216703,15.487026211558158,19.36,30.0
02a59617o0292o,97.979143,35.5565843333333,>19.86195712415859,0.0,1.21,o,22.141,59617.33577275,8741.99,999.04,200.0,180.5,12.8,10.6,181.5,1.8,549.9,0.89,2.43,2.13,1.0,3.0,-0.4277,16.548345970634966,13.70409900693208,19.42,30.0
02a59617o0300o,97.979143,35.5565843333333,>19.865869996437553,0.0,1.67,o,22.142,59617.33943035,8722.63,960.52,216.0,180.3,17.9,10.7,181.8,1418.3,743.6,1.18,2.43,2.11,1.0,3.0,-0.4237,22.819204749296283,13.640530213266496,19.41,30.0
02a59617o0316o,97.979143,35.5565843333333,>19.80581576437003,0.0,2.16,o,22.14,59617.34686115,8782.14,1039.98,190.0,181.3,21.0,9.7,179.3,-1097.3,556.2,1.08,2.6,2.3,1.0,3.0,-0.4217,31.22333034916095,14.422204970802914,19.32,30.0
02a59617o0385o,97.979143,35.5565843333333,>19.746663648844375,0.0,1.64,o,22.136,59617.38040445,8799.34,924.49,192.0,180.0,16.6,10.1,183.5,989.9,831.8,0.98,2.57,2.32,1.0,3.0,-0.4357,25.020036651087377,15.223034347950755,19.32,30.0
02a59618o0359o,97.979143,35.5565843333333,>19.848801678711578,0.0,1.77,o,22.136,59618.36620265,3011.16,5328.7,208.0,181.4,19.5,11.0,179.7,-736.6,733.2,0.93,2.37,2.1,1.0,3.0,-0.4397,24.62413578843323,13.890538137064896,19.37,30.0
02a59618o0366o,97.979143,35.5565843333333,>19.901335765547277,0.0,2.71,o,22.137,59618.36940625,2992.77,5293.39,222.0,180.9,32.3,11.9,177.6,-100.2,622.1,1.11,2.25,1.95,1.0,3.0,-0.4437,36.05607073667992,13.283815534566285,19.47,30.0
02a59618o0378o,97.979143,35.5565843333333,19.71,0.27,3.55,o,22.138,59618.37492455,3049.95,5370.09,239.0,181.0,45.4,12.8,180.5,-138.5,634.0,1.31,2.17,1.87,1.0,3.0,-0.4567,47.393189651236376,13.361956553652545,19.45,30.0
02a59618o0408o,97.979143,35.5565843333333,>20.28,0.0,3.0,o,22.135,59618.38872265,3067.8,5248.85,176.0,181.2,12.1,12.1,182.3,-420.0,671.2,0.98,2.29,1.99,1.0,3.0,-0.4427,14.042119814848013,14.042119814848013,19.42,30.0
01a59619o0228o,97.979143,35.5565843333333,>20.01,0.0,3.0,o,22.212,59619.31963125,9891.76,1188.62,207.0,179.4,2.4,10.2,177.0,-809.0,778.0,0.96,2.85,2.62,1.0,3.0,-0.4757,4.3824416089079925,18.62537683785897,19.11,30.0
01a59619o0234o,97.979143,35.5565843333333,>19.54756257847848,0.0,2.09,o,22.211,59619.32241625,9913.16,1228.81,186.0,179.0,20.9,10.0,178.2,715.2,821.7,1.19,2.86,2.62,1.0,3.0,-0.4777,38.403636986910186,18.374945926751284,19.12,30.0
01a59619o0246o,97.979143,35.5565843333333,>19.516320837107138,0.0,1.79,o,22.211,59619.32798195,9855.35,1152.09,222.0,180.6,19.1,10.7,180.6,-530.1,696.1,1.16,2.77,2.57,1.0,3.0,-0.4867,33.62056479543466,18.83455724142151,19.12,30.0
01a59619o0253o,97.979143,35.5565843333333,>19.530674145137123,0.0,2.81,o,22.219,59619.33120725,214.78,1391.64,219.0,179.6,27.3,9.7,179.0,519.0,740.4,1.16,2.95,2.72,1.0,3.0,-0.4647,52.688072665722856,18.720670507601156,19.11,30.0
01a59619o0260o,97.979143,35.5565843333333,>19.57201347457964,0.0,2.22,o,22.219,59619.33443425,236.43,1432.21,191.0,181.6,22.4,10.1,181.6,946.1,633.6,1.09,2.82,2.58,1.0,3.0,-0.4837,39.891060110252965,17.98659406756942,19.18,30.0
01a59619o0267o,97.979143,35.5565843333333,>19.485367028053545,0.0,1.25,o,22.207,59619.33784895,9840.51,1271.04,202.0,177.5,13.2,10.6,175.6,-790.7,831.3,0.9,2.87,2.61,1.0,3.0,-0.4767,24.313925439054074,19.52481891317979,19.11,30.0
01a59619o0277o,97.979143,35.5565843333333,>19.499310143932295,0.0,1.86,o,22.219,59619.34253605,177.17,1352.78,224.0,180.0,19.5,10.5,182.2,781.0,680.1,1.04,2.87,2.62,1.0,3.0,-0.4757,35.62677776346808,19.18364956494435,19.18,30.0
01a59619o0301o,97.979143,35.5565843333333,>20.01,0.0,3.0,o,22.218,59619.35364975,164.97,1471.36,192.0,180.6,-6.4,10.6,185.6,1612.6,667.8,0.93,2.82,2.56,1.0,3.0,-0.4887,-11.371762815544587,18.834482163245724,19.19,30.0
02a59619o0325o,97.979143,35.5565843333333,>19.921596456423735,0.0,1.02,o,22.135,59619.36313575,3005.43,5328.73,191.0,180.1,13.5,13.2,180.0,1505.5,702.1,1.15,2.12,1.81,1.0,3.0,-0.4567,13.363091729117075,13.066134135136693,19.35,30.0
02a59619o0332o,97.979143,35.5565843333333,>19.845824883871703,0.0,2.49,o,22.135,59619.36633605,2986.27,5290.77,210.0,178.2,34.8,14.0,180.7,1448.9,659.7,1.26,2.12,1.83,1.0,3.0,-0.4537,34.73161193415071,13.972487559715804,19.36,30.0
02a59619o0344o,97.979143,35.5565843333333,19.65,0.27,3.55,o,22.136,59619.37183325,3042.73,5367.4,224.0,180.0,50.8,14.3,179.6,-1325.0,857.5,1.17,2.11,1.81,1.0,3.0,-0.4567,50.00155235732744,14.07524013208233,19.38,30.0
02a59619o0372o,97.979143,35.5565843333333,>19.840348504223517,0.0,1.96,o,22.132,59619.38472105,3061.97,5249.79,190.0,180.3,27.7,14.1,179.3,554.5,819.6,0.72,2.12,1.82,1.0,3.0,-0.4567,27.64685681299831,14.072948774847514,19.4,30.0
01a59620o0086o,97.979143,35.5565843333333,>19.3441662697719,0.0,2.35,o,22.209,59620.24982775,10286.5,9239.29,188.0,182.0,31.0,13.2,183.0,140.2,848.2,1.01,2.71,2.49,1.0,3.0,-0.4897,51.9623850865811,22.125918811060338,18.96,30.0
01a59620o0111o,97.979143,35.5565843333333,>19.450912877838835,0.0,1.61,o,22.211,59620.26140715,10269.6,9195.47,179.0,182.8,19.1,11.9,181.2,413.5,821.4,1.14,2.72,2.51,1.0,3.0,-0.4887,32.30239608409204,20.125576617837453,19.03,30.0
01a59620o0143o,97.979143,35.5565843333333,>19.94,0.0,3.0,o,22.215,59620.27697555,10331.5,9271.38,205.0,183.9,11.9,12.1,186.1,709.1,997.8,1.16,2.69,2.5,1.0,3.0,-0.4907,19.787822013847567,20.12039045105509,19.0,30.0
01a59620o0151o,97.979143,35.5565843333333,19.45,0.31,3.03,o,22.216,59620.28067195,10346.8,9149.68,191.0,184.0,35.5,11.7,179.4,-237.0,856.0,1.3,2.71,2.53,1.0,3.0,-0.4947,60.34994941158318,19.889983327197836,19.01,30.0
01a59620o0154o,97.979143,35.5565843333333,>19.75,0.0,3.0,o,22.21,59620.28217575,617.15,9357.8,190.0,179.2,2.5,13.8,181.7,1006.8,1046.1,0.9,2.74,2.56,1.0,3.0,-0.4777,4.3041686713718255,23.75901106597248,18.93,30.0
01a59620o0166o,97.979143,35.5565843333333,>19.84,0.0,3.0,o,22.21,59620.28772325,598.02,9317.65,208.0,181.2,8.0,12.9,180.1,433.5,849.5,1.04,2.71,2.54,1.0,3.0,-0.4797,13.541031231631045,21.834912861005066,18.93,30.0
01a59620o0188o,97.979143,35.5565843333333,>19.83,0.0,3.0,o,22.212,59620.29843185,655.14,9393.19,179.0,181.1,2.7,13.2,180.4,954.8,815.5,1.08,2.7,2.51,1.0,3.0,-0.4877,4.524389596416,22.11923802692266,18.96,30.0
01a59620o0204o,97.979143,35.5565843333333,>19.310866766788894,0.0,1.44,o,22.21,59620.30610815,672.52,9273.87,195.0,179.5,19.4,13.5,178.5,903.4,969.2,1.1,2.72,2.51,1.0,3.0,-0.4867,32.779558564910026,22.81051755805595,18.94,30.0
02a59625o0242o,97.979143,35.5565843333333,>19.160919384428784,0.0,1.17,o,22.134,59625.35780985,3011.87,5331.05,167.0,179.3,25.7,21.9,178.8,-620.5,1289.1,0.85,2.33,2.01,1.0,3.0,-0.4447,30.735752265586072,26.191166327483852,18.62,30.0
02a59625o0250o,97.979143,35.5565843333333,>19.66,0.0,3.0,o,22.134,59625.36146625,2991.55,5289.68,188.0,182.0,20.5,21.6,180.3,-668.9,1267.2,1.13,2.29,1.97,1.0,3.0,-0.4517,23.769186312615155,25.044606065975,18.64,30.0
02a59625o0262o,97.979143,35.5565843333333,>19.162745100035643,0.0,2.1,o,22.133,59625.36703795,3049.53,5367.77,247.0,178.7,48.3,23.0,180.4,-983.7,1353.3,0.99,2.28,1.94,1.0,3.0,-0.4467,54.70694371705181,26.050925579548483,18.65,30.0
02a59625o0283o,97.979143,35.5565843333333,>19.138045079044822,0.0,1.72,o,22.131,59625.37703575,3068.29,5251.38,225.0,181.7,38.6,22.4,182.9,1817.9,1173.4,1.03,2.35,2.0,1.0,3.0,-0.4387,46.20020556080294,26.810481983471135,18.61,30.0
02a59626o0313o,97.979143,35.5565843333333,>19.49,0.0,3.0,o,22.136,59626.36093335,8293.92,9351.03,197.0,176.7,-13.5,27.5,175.6,-84.4,1638.3,0.83,2.2,1.89,1.0,3.0,-0.4517,-14.40048100914342,29.334313166773637,18.65,30.0
02a59626o0319o,97.979143,35.5565843333333,>19.0531477056573,0.0,2.53,o,22.136,59626.36371425,8274.78,9311.0,335.0,178.8,63.9,25.3,177.2,975.2,1388.4,1.07,2.12,2.12,1.0,3.0,-0.4387,72.7999909452625,28.823783582396572,18.59,30.0
02a59626o0336o,97.979143,35.5565843333333,>19.45,0.0,3.0,o,22.136,59626.37160765,8330.79,9391.71,179.0,186.0,12.8,26.2,187.4,1047.4,1295.0,1.18,2.29,1.98,1.0,3.0,-0.4467,14.820722903157105,30.3361671923997,18.59,30.0
02a59626o0364o,97.979143,35.5565843333333,>19.42,0.0,3.0,o,22.134,59626.38453935,8348.16,9275.19,233.0,184.1,9.3,26.2,189.1,3233.4,1582.2,0.94,2.32,2.0,1.0,3.0,-0.4467,11.039761074832974,31.10126238286278,18.56,30.0
02a59627o0377o,97.979143,35.5565843333333,>19.271893341121284,0.0,1.53,o,22.129,59627.37804965,8286.67,9350.89,202.0,176.7,35.9,23.4,179.9,579.5,1268.7,0.76,2.16,1.82,1.0,3.0,-0.4487,36.33944858161887,23.68643723704405,18.85,30.0
01a59627o0267o,97.979143,35.5565843333333,>19.1,0.0,3.0,o,22.204,59627.37982625,4545.45,7692.9,195.0,179.4,1.4,20.3,180.8,1508.0,1661.4,1.03,3.13,2.74,1.0,3.0,-0.4697,2.941586890097693,42.65300990641655,18.45,30.0
02a59627o0384o,97.979143,35.5565843333333,>19.32359802052219,0.0,2.44,o,22.129,59627.38125615,8267.43,9310.21,235.0,182.8,56.5,23.2,182.0,153.9,1179.0,1.0,2.1,1.79,1.0,3.0,-0.4557,55.04013859502949,22.600552485038655,18.86,30.0
01a59627o0274o,97.979143,35.5565843333333,>19.13,0.0,3.0,o,22.204,59627.38305035,4564.87,7732.56,170.0,181.0,-7.0,20.4,186.0,2545.3,1705.8,0.98,3.08,2.69,1.0,3.0,-0.4737,-14.261321870771837,41.561566594820775,18.5,30.0
02a59627o0401o,97.979143,35.5565843333333,>19.72,0.0,3.0,o,22.125,59627.38905745,8324.84,9389.17,131.0,183.5,-27.0,21.9,190.8,-349.5,1048.6,0.93,2.22,1.89,1.0,3.0,-0.4387,-29.00930258793631,23.529767654659448,18.81,30.0
01a59627o0297o,97.979143,35.5565843333333,>19.12,0.0,3.0,o,22.2,59627.39371595,4506.58,7657.14,214.0,182.9,5.4,21.4,184.7,356.5,1673.5,1.48,3.03,2.62,1.0,3.0,-0.4927,10.767042440712013,42.66939041319205,18.52,30.0
02a59627o0430o,97.979143,35.5565843333333,>19.54,0.0,3.0,o,22.124,59627.40246025,8343.44,9275.03,168.0,179.1,14.4,23.7,182.1,767.9,1143.1,0.9,2.33,1.96,1.0,3.0,-0.4307,16.731436509926656,27.537155922587615,18.69,30.0
01a59627o0321o,97.979143,35.5565843333333,>18.592865581296188,0.0,1.02,o,22.197,59627.40496315,4492.56,7775.07,217.0,178.5,21.4,20.9,176.9,342.4,1801.8,1.07,3.16,2.72,1.0,3.0,-0.4727,45.480842939630044,44.41820642234897,18.45,30.0
02a59629o0233o,97.979143,35.5565843333333,>19.456385634642732,0.0,2.29,o,22.118,59629.42429105,8291.94,9356.72,202.0,181.4,38.0,16.6,181.5,-363.1,976.3,1.08,2.33,2.01,1.0,3.0,-0.4357,45.73980621884552,19.98107324296936,19.0,30.0
02a59629o0240o,97.979143,35.5565843333333,>19.88,0.0,3.0,o,22.116,59629.42749685,8272.67,9316.49,152.0,180.5,-7.9,16.1,183.1,172.5,994.8,1.08,2.37,2.06,1.0,3.0,-0.4277,-9.858285763371589,20.09093680889653,18.98,30.0
02a59629o0254o,97.979143,35.5565843333333,>19.86,0.0,3.0,o,22.113,59629.43391855,8328.97,9398.52,200.0,180.0,6.2,17.2,183.0,2435.0,955.7,0.94,2.29,2.02,1.0,3.0,-0.4367,7.412032015916895,20.562411398995255,18.98,30.0
02a59629o0278o,97.979143,35.5565843333333,>18.25,0.0,3.0,o,21.22,59629.46528965,8351.06,9276.55,160.0,172.8,10.6,30.7,173.4,2276.8,1921.8,0.96,2.41,2.09,1.0,3.0,-0.4237,31.03329853165692,89.87945895489318,17.42,30.0
02a59630o0247o,97.979143,35.5565843333333,>20.18,0.0,3.0,o,22.125,59630.34021075,8302.05,9353.46,167.0,179.5,2.4,12.2,179.4,-519.6,649.1,0.86,2.36,2.08,1.0,3.0,-0.4317,2.9974042925727606,15.236805153911535,19.25,30.0
02a59630o0256o,97.979143,35.5565843333333,>19.740369075146322,0.0,1.95,o,22.123,59630.34434315,8283.0,9314.01,209.0,180.5,25.5,13.1,181.7,-688.5,683.9,1.32,2.31,1.99,1.0,3.0,-0.4357,29.989137953395954,15.406184595666156,19.24,30.0
02a59630o0272o,97.979143,35.5565843333333,>19.681883997983913,0.0,1.43,o,22.12,59630.35181515,8339.65,9393.45,203.0,181.0,18.1,12.7,179.5,-666.4,697.9,1.2,2.38,2.11,1.0,3.0,-0.4307,23.211153972497318,16.286279306669382,19.2,30.0
02a59630o0294o,97.979143,35.5565843333333,>20.16,0.0,3.0,o,22.129,59630.36190535,8357.59,9277.24,217.0,181.8,13.4,13.6,180.1,-673.1,714.2,0.96,2.29,1.97,1.0,3.0,-0.4397,15.437083459498893,15.667487690237682,19.27,30.0
01a59631o0189o,97.979143,35.5565843333333,>20.34,0.0,3.0,o,22.209,59631.30515875,4526.23,7688.08,195.0,180.7,2.7,7.3,179.6,-1277.3,495.4,1.37,2.93,2.61,1.0,3.0,-0.4777,5.072600230873147,13.714808031619986,19.36,30.0
01a59631o0201o,97.979143,35.5565843333333,>20.34,0.0,3.0,o,22.209,59631.31123255,4546.45,7725.17,187.0,180.4,4.6,7.4,180.5,-757.1,537.7,1.17,2.89,2.61,1.0,3.0,-0.4787,8.532080160141085,13.72552025761827,19.39,30.0
01a59631o0208o,97.979143,35.5565843333333,>19.87491201352195,0.0,2.07,o,22.211,59631.31443145,4489.29,7647.96,217.0,180.4,15.7,7.6,180.1,-690.5,515.0,1.28,2.83,2.55,1.0,3.0,-0.4877,28.040452236110745,13.573722101556795,19.42,30.0
01a59631o0235o,97.979143,35.5565843333333,>19.83049271331844,0.0,2.84,o,22.208,59631.32755655,4474.28,7767.48,206.0,179.9,21.3,7.5,180.5,764.4,538.8,1.38,2.93,2.61,1.0,3.0,-0.4827,40.238934874132596,14.168639040187534,19.38,30.0
01a59632o0305o,97.979143,35.5565843333333,>19.79862333212847,0.0,2.54,o,22.211,59632.34373665,4038.28,1203.71,176.0,181.8,19.8,7.8,182.4,-8.8,537.0,1.27,2.89,2.69,1.0,3.0,-0.4597,37.125649336039125,14.62525579904572,19.31,30.0
01a59632o0317o,97.979143,35.5565843333333,>19.851046899539014,0.0,1.31,o,22.212,59632.34926415,4060.93,1242.93,184.0,181.5,9.7,7.4,183.2,314.6,732.5,1.14,2.89,2.68,1.0,3.0,-0.4647,18.187085828742493,13.8746840342984,19.3,30.0
01a59632o0324o,97.979143,35.5565843333333,>19.712961076473682,0.0,1.29,o,22.209,59632.35246175,4002.81,1167.13,197.0,181.0,10.7,8.3,180.7,-545.0,572.7,0.93,2.9,2.71,1.0,3.0,-0.4637,20.39434734739504,15.81991429751204,19.29,30.0
01a59632o0352o,97.979143,35.5565843333333,>20.1,0.0,3.0,o,22.207,59632.36554715,3990.98,1285.96,180.0,181.9,3.9,7.9,179.3,-535.6,564.1,1.27,3.07,2.87,1.0,3.0,-0.4417,8.181701383253197,16.573189981461603,19.22,30.0
02a59633o0216c,97.979143,35.5565843333333,>20.38,0.0,3.0,c,22.179,59633.30593075,8304.66,9350.97,169.0,180.4,1.6,7.6,178.9,-875.9,510.3,0.78,2.73,2.52,1.0,3.0,-0.3977,2.5825094284734815,12.266919785249035,19.49,30.0
02a59633o0224c,97.979143,35.5565843333333,>20.019543704721592,0.0,1.33,c,22.178,59633.30968075,8285.17,9306.61,198.0,181.9,10.0,7.5,180.4,-608.8,468.0,1.12,2.69,2.5,1.0,3.0,-0.4007,15.83620204228654,11.877151531714905,19.51,30.0
02a59633o0236c,97.979143,35.5565843333333,>19.95716712666117,0.0,1.04,c,22.178,59633.31528455,8342.48,9389.26,192.0,179.6,8.3,8.0,178.2,476.1,568.7,1.04,2.68,2.49,1.0,3.0,-0.4027,13.066852199561753,12.59455633692699,19.53,30.0
02a59633o0260c,97.979143,35.5565843333333,>20.0296948675484,0.0,2.15,c,22.176,59633.32629555,8362.68,9273.49,186.0,179.7,15.5,7.2,177.3,53.6,461.9,0.88,2.73,2.53,1.0,3.0,-0.4017,25.279798716174625,11.742874242352084,19.51,30.0
02a59635o0271c,97.979143,35.5565843333333,>20.41,0.0,3.0,c,22.175,59635.33093425,1101.08,7393.22,203.0,179.5,-0.4,7.6,180.2,1687.0,493.1,0.92,2.7,2.47,1.0,3.0,-0.4017,-0.6304918165409015,11.979344514277127,19.52,30.0
02a59635o0283c,97.979143,35.5565843333333,>19.98527780433436,0.0,1.08,c,22.173,59635.33643585,1080.96,7354.67,202.0,180.6,7.7,7.1,182.2,804.5,511.6,1.23,2.82,2.61,1.0,3.0,-0.3967,13.357927626221374,12.317050148853475,19.48,30.0
02a59635o0290c,97.979143,35.5565843333333,>19.97077235151241,0.0,1.22,c,22.172,59635.33963485,1137.59,7430.94,189.0,178.4,8.4,6.9,179.0,1779.5,572.8,0.92,2.87,2.65,1.0,3.0,-0.3977,15.085711639844682,12.39183456130099,19.48,30.0
01a59635o0301o,97.979143,35.5565843333333,>19.85170934689895,0.0,1.29,o,22.207,59635.34187775,4042.92,1207.9,182.0,181.8,9.4,7.3,184.4,-90.0,611.9,1.3,2.92,2.7,1.0,3.0,-0.4557,17.874471695214037,13.881238656921541,19.3,30.0
01a59635o0308o,97.979143,35.5565843333333,>19.80775711638103,0.0,1.63,o,22.203,59635.34507585,4063.33,1246.03,196.0,183.1,11.9,7.3,182.3,-449.5,575.9,1.24,2.95,2.78,1.0,3.0,-0.4507,23.51649096415222,14.426082692295054,19.31,30.0
02a59635o0313c,97.979143,35.5565843333333,>20.00032121990577,0.0,2.74,c,22.169,59635.35018985,1157.63,7312.66,193.0,180.9,20.8,7.6,179.9,890.5,492.7,1.2,2.69,2.48,1.0,3.0,-0.4067,33.13035130712482,12.105320669910991,19.56,30.0
01a59635o0322o,97.979143,35.5565843333333,>19.82009243505388,0.0,1.07,o,22.202,59635.35145865,4006.8,1168.7,186.0,181.4,7.7,7.2,180.9,441.3,561.4,1.51,2.97,2.77,1.0,3.0,-0.4537,15.320949773490643,14.326082905082158,19.27,30.0
01a59635o0344o,97.979143,35.5565843333333,>20.33,0.0,3.0,o,22.199,59635.36153695,3993.13,1286.68,165.0,181.2,0.4,6.8,182.4,500.3,549.9,1.52,2.96,2.78,1.0,3.0,-0.4507,0.7960773060822157,13.53331420339767,19.28,30.0
01a59636o0223o,97.979143,35.5565843333333,>19.84271575930421,0.0,2.46,o,22.207,59636.30767995,4032.21,1203.45,195.0,181.4,16.7,6.8,179.8,-480.7,511.1,1.21,3.01,2.85,1.0,3.0,-0.4487,34.33100934424788,13.979093625202731,19.3,30.0
01a59636o0229o,97.979143,35.5565843333333,>20.23,0.0,3.0,o,22.203,59636.31046895,4054.31,1242.91,205.0,181.6,5.9,6.7,181.2,-294.8,464.3,1.0,3.12,2.94,1.0,3.0,-0.4407,12.921492544970633,14.673559330729363,19.26,30.0
01a59636o0241o,97.979143,35.5565843333333,>19.788199613955396,0.0,1.84,o,22.205,59636.31595045,3995.38,1165.16,184.0,181.9,12.5,6.8,182.9,-20.6,509.5,1.35,3.1,2.93,1.0,3.0,-0.4407,27.058148284414496,14.719632666721486,19.24,30.0
01a59636o0275o,97.979143,35.5565843333333,>19.83694492145011,0.0,1.03,o,22.206,59636.33214785,3982.51,1284.95,174.0,182.0,7.4,7.2,180.3,-403.2,465.8,1.31,2.93,2.75,1.0,3.0,-0.4577,14.420847333087803,14.031094702463808,19.31,30.0
02a59637o0279c,97.979143,35.5565843333333,>20.4,0.0,3.0,c,22.169,59637.34805655,1105.19,7395.6,211.0,181.7,6.8,8.4,182.7,849.6,488.1,0.77,2.58,2.35,1.0,3.0,-0.4127,9.898177241315002,12.227160121624415,19.61,30.0
02a59637o0286c,97.979143,35.5565843333333,>20.038717095404454,0.0,1.63,c,22.167,59637.35125475,1086.3,7356.88,182.0,180.6,12.4,7.6,181.5,1024.6,479.4,1.1,2.65,2.43,1.0,3.0,-0.4077,19.117565110341687,11.717217325693293,19.56,30.0
02a59637o0299c,97.979143,35.5565843333333,>20.051668265424343,0.0,1.09,c,22.165,59637.35725155,1143.49,7431.45,201.0,180.8,8.4,7.7,180.4,-0.1,570.2,1.05,2.62,2.39,1.0,3.0,-0.4087,12.628077065741016,11.575737310262596,19.57,30.0
02a59637o0321c,97.979143,35.5565843333333,>20.009471895720985,0.0,1.25,c,22.16,59637.36737375,1165.43,7315.88,180.0,178.7,10.0,8.0,181.1,1652.4,645.1,1.28,2.6,2.38,1.0,3.0,-0.4107,14.952336090203561,11.96186887216285,19.56,30.0
02a59638o0178c,97.979143,35.5565843333333,>20.51,0.0,3.0,c,22.184,59638.28949695,1113.42,7397.84,183.0,180.0,4.5,8.9,179.3,-477.2,552.8,0.86,2.41,2.18,1.0,3.0,-0.4247,5.660369670246022,11.19495334781991,19.65,30.0
02a59638o0190c,97.979143,35.5565843333333,>20.56,0.0,3.0,c,22.184,59638.29498645,1095.2,7365.19,171.0,180.5,7.2,8.4,180.7,419.3,539.0,1.06,2.41,2.2,1.0,3.0,-0.4237,9.13126538709656,10.653142951612654,19.69,30.0
02a59638o0213c,97.979143,35.5565843333333,>20.061952944559888,0.0,1.43,c,22.181,59638.30611245,1151.23,7437.7,172.0,179.7,12.4,8.7,179.6,181.5,545.9,0.95,2.46,2.24,1.0,3.0,-0.4187,16.314116371423776,11.446194550918296,19.65,30.0
02a59638o0220c,97.979143,35.5565843333333,>20.059690829874956,0.0,2.36,c,22.18,59638.30932425,1171.06,7318.29,212.0,179.6,20.3,8.6,180.3,335.0,551.4,0.89,2.48,2.25,1.0,3.0,-0.4167,27.020226307684613,11.446992425915647,19.66,30.0
02a59639o0152c,97.979143,35.5565843333333,>20.51,0.0,3.0,c,22.186,59639.27735345,1108.62,7398.72,198.0,180.4,-2.9,8.8,181.3,811.9,484.7,0.86,2.43,2.19,1.0,3.0,-0.4257,-3.6915362004506704,11.201902953091691,19.65,30.0
02a59639o0160c,97.979143,35.5565843333333,>20.51,0.0,3.0,c,22.185,59639.28102275,1089.25,7360.44,204.0,181.0,6.5,8.9,180.5,-476.0,499.9,0.77,2.4,2.19,1.0,3.0,-0.4257,8.179513216435302,11.199641173272951,19.69,30.0
02a59639o0175c,97.979143,35.5565843333333,>20.45,0.0,3.0,c,22.184,59639.28787855,1145.73,7434.35,196.0,180.2,7.0,9.0,177.4,-559.0,566.9,0.84,2.47,2.23,1.0,3.0,-0.4197,9.188795824795166,11.814166060450926,19.62,30.0
02a59639o0199c,97.979143,35.5565843333333,>20.077214657389693,0.0,1.79,c,22.183,59639.29885415,1167.07,7319.41,195.0,177.4,15.9,8.9,179.5,1931.5,638.4,1.05,2.42,2.19,1.0,3.0,-0.4257,20.21228207325696,11.31379311018786,19.68,30.0
01a59639o0130o,97.979143,35.5565843333333,>19.828268505839866,0.0,1.1,o,22.209,59639.32851805,4038.33,1206.79,207.0,182.6,9.0,8.2,185.1,868.1,534.6,1.46,2.73,2.58,1.0,3.0,-0.4767,15.559069033956645,14.176040675382719,19.35,30.0
01a59639o0152o,97.979143,35.5565843333333,>19.79175190314625,0.0,2.95,o,22.209,59639.33858865,4062.27,1246.89,197.0,180.9,23.6,8.0,179.7,336.6,701.1,1.27,2.85,2.67,1.0,3.0,-0.4567,43.27398294945077,14.669146762525683,19.28,30.0
01a59639o0159o,97.979143,35.5565843333333,>19.785155920748053,0.0,1.78,o,22.21,59639.34180685,4005.02,1171.1,213.0,182.2,14.8,8.3,181.0,-28.4,498.0,1.07,2.8,2.64,1.0,3.0,-0.4587,26.38653835145687,14.797855967371085,19.3,30.0
01a59639o0186o,97.979143,35.5565843333333,>20.21,0.0,3.0,o,22.209,59639.35430995,3993.92,1289.22,174.0,181.2,-5.0,8.2,179.4,-599.2,574.8,1.22,2.85,2.7,1.0,3.0,-0.4557,-9.262695210103242,15.190820144569317,19.28,30.0
01a59640o0267o,97.979143,35.5565843333333,>20.12,0.0,3.0,o,22.198,59640.34107035,9484.79,5014.39,193.0,181.0,-5.8,8.9,180.4,-529.4,775.0,1.29,2.91,2.61,1.0,3.0,-0.4707,-10.862261032364383,16.66795227380052,19.21,30.0
01a59640o0275o,97.979143,35.5565843333333,>20.15,0.0,3.0,o,22.198,59640.34472875,9506.78,5052.84,186.0,180.9,-9.9,8.9,179.6,-960.5,629.1,1.34,2.86,2.6,1.0,3.0,-0.4727,-18.185838122179213,16.348884776504544,19.22,30.0
01a59640o0316o,97.979143,35.5565843333333,>20.21,0.0,3.0,o,22.195,59640.36367815,9447.49,4981.23,152.0,178.9,-9.0,8.4,178.3,361.1,672.6,1.11,2.89,2.57,1.0,3.0,-0.4767,-16.620045974843986,15.51204290985439,19.23,30.0
01a59640o0346o,97.979143,35.5565843333333,>20.13,0.0,3.0,o,22.187,59640.37742505,9433.61,5104.12,184.0,180.9,2.9,8.9,179.5,-508.7,603.9,0.97,2.86,2.62,1.0,3.0,-0.4727,5.422805996615671,16.64240461030327,19.21,30.0
01a59641o0220o,97.979143,35.5565843333333,>19.871062459185737,0.0,1.61,o,22.203,59641.31957355,9479.36,5013.77,179.0,181.0,12.2,7.6,182.2,228.1,508.8,1.17,2.83,2.58,1.0,3.0,-0.4687,21.8235158042176,13.594977058365062,19.38,30.0
01a59641o0227o,97.979143,35.5565843333333,>20.28,0.0,3.0,o,22.204,59641.32279075,9500.8,5051.91,198.0,180.9,0.5,8.0,180.6,-287.4,564.6,1.06,2.84,2.59,1.0,3.0,-0.4677,0.8993875133499515,14.390200213599224,19.36,30.0
01a59641o0240o,97.979143,35.5565843333333,>20.31,0.0,3.0,o,22.203,59641.32872215,9443.27,4978.35,154.0,182.4,5.5,8.1,179.8,-679.1,603.4,0.99,2.74,2.58,1.0,3.0,-0.4647,9.49055703662391,13.977002181209759,19.4,30.0
01a59643o0156o,97.979143,35.5565843333333,>20.15,0.0,3.0,o,22.202,59643.27824155,9467.9,5007.32,189.0,180.5,-6.9,9.0,180.6,-461.7,696.9,1.19,2.86,2.57,1.0,3.0,-0.4807,-12.574971008831064,16.4021360984753,19.23,30.0
01a59643o0166o,97.979143,35.5565843333333,>20.23,0.0,3.0,o,22.192,59643.28279755,9490.59,5045.78,173.0,180.9,5.8,8.7,180.4,-254.7,538.4,1.16,2.8,2.51,1.0,3.0,-0.4907,10.294813696382834,15.442220544574253,19.25,30.0
01a59643o0188o,97.979143,35.5565843333333,>20.16,0.0,3.0,o,22.2,59643.29297895,9432.41,4973.18,170.0,181.6,-11.0,8.9,180.5,-1009.0,665.2,1.22,2.86,2.58,1.0,3.0,-0.4767,-20.0880217314969,16.25303576457477,19.25,30.0
01a59643o0205o,97.979143,35.5565843333333,>19.798789956567628,0.0,2.23,o,22.2,59643.30073355,9416.96,5091.23,198.0,181.2,18.3,8.2,181.5,536.0,583.7,1.29,2.81,2.53,1.0,3.0,-0.4837,32.40683934117416,14.521097409706451,19.3,30.0
01a59644o0150o,97.979143,35.5565843333333,>19.786850311778796,0.0,1.42,o,22.205,59644.27653985,9468.37,5006.25,180.0,180.1,12.2,8.6,178.3,-702.4,617.7,0.89,2.75,2.52,1.0,3.0,-0.4827,20.943622946814877,14.763537487099013,19.34,30.0
01a59644o0158o,97.979143,35.5565843333333,>19.75141538945733,0.0,1.36,o,22.204,59644.28020905,9490.56,5044.09,183.0,181.8,11.7,8.6,179.2,-225.8,531.5,0.87,2.78,2.57,1.0,3.0,-0.4797,20.669145680842,15.192705372242838,19.31,30.0
01a59644o0170o,97.979143,35.5565843333333,>19.76592955634038,0.0,2.78,o,22.202,59644.28574645,9430.72,4970.02,182.0,181.0,23.6,8.5,179.9,302.8,574.3,1.14,2.77,2.57,1.0,3.0,-0.4767,41.50339662070361,14.94825725745681,19.33,30.0
01a59644o0192o,97.979143,35.5565843333333,>20.23,0.0,3.0,o,22.201,59644.29621205,9417.61,5088.76,200.0,180.8,6.1,8.6,182.1,587.2,611.0,1.36,2.8,2.54,1.0,3.0,-0.4797,10.756731499178796,15.165228015235682,19.31,30.0
02a59645o0150c,97.979143,35.5565843333333,>18.041075186746266,0.0,2.3,c,20.306,59645.28945365,3039.58,7265.3,195.0,175.6,24.6,10.7,174.9,-452.1,678.5,0.93,2.37,2.11,1.0,3.0,-0.4477,169.63858986426817,73.78589071331989,17.6,30.0
02a59645o0158c,97.979143,35.5565843333333,>19.23,0.0,3.0,c,20.592,59645.29339115,3020.31,7222.64,174.0,176.7,1.2,7.1,175.1,0.5,452.6,0.78,2.35,2.1,1.0,3.0,-0.4457,6.263645184250016,37.05990067347926,17.99,30.0
02a59645o0170c,97.979143,35.5565843333333,>17.19,0.0,3.0,c,19.116,59645.29929035,3077.9,7301.98,172.0,180.8,2.6,10.6,180.3,1509.0,586.6,1.13,2.47,2.25,1.0,3.0,-0.4397,59.18498809936757,241.29264378972937,16.33,30.0
02a59645o0191c,97.979143,35.5565843333333,>18.351923732009915,0.0,1.97,c,20.458,59645.30976255,3097.03,7182.53,201.0,177.5,18.1,9.2,177.2,-49.0,535.9,0.92,2.37,2.11,1.0,3.0,-0.4447,108.2101804984415,55.00185970086528,17.85,30.0
02a59646o0168o,97.979143,35.5565843333333,>17.59351453503964,0.0,1.27,o,20.111,59646.29480745,3027.38,7259.19,178.0,175.4,21.4,16.9,175.7,1793.2,799.0,1.19,2.13,1.84,1.0,3.0,-0.4627,140.33627512225678,110.82631072738971,17.1,30.0
02a59646o0174o,97.979143,35.5565843333333,>15.47,0.0,3.0,o,18.998,59646.29772275,3008.45,7220.87,182.0,157.1,-33.4,70.5,159.6,1587.7,3401.9,0.82,2.07,1.77,1.0,3.0,-0.4717,-575.5046326269893,1214.7627724611602,15.7,30.0
02a59646o0188o,97.979143,35.5565843333333,>18.15,0.0,3.0,o,20.195,59646.30466445,3065.32,7298.65,174.0,175.1,-4.2,19.0,175.3,-361.3,1110.3,0.75,2.0,1.73,1.0,3.0,-0.4757,-22.776350343881404,103.035870603273,17.32,30.0
02a59646o0209o,97.979143,35.5565843333333,>19.54,0.0,3.0,o,21.19,59646.31513955,3082.92,7178.92,193.0,176.3,0.7,13.1,177.4,19.8,744.7,1.12,2.0,1.74,1.0,3.0,-0.4757,1.526989424415532,28.57651637120496,18.55,30.0
01a59647o0058o,97.979143,35.5565843333333,>19.94,0.0,3.0,o,22.19,59647.26188785,9469.54,5004.97,172.0,182.7,-2.0,11.6,183.2,1648.7,837.9,1.34,2.7,2.53,1.0,3.0,-0.4837,-3.4345751730159324,19.92053600349241,19.01,30.0
01a59647o0066o,97.979143,35.5565843333333,>18.691668265424344,0.0,1.09,o,21.867,59647.26553815,9492.42,5042.03,159.0,164.3,19.2,17.6,161.8,-448.6,1206.4,1.18,2.68,2.47,1.0,3.0,-0.5117,44.14603682978664,40.46720042730443,18.22,30.0
01a59647o0089o,97.979143,35.5565843333333,>19.65,0.0,3.0,o,22.102,59647.27608285,9431.35,4968.41,210.0,248.9,-6.3,14.0,241.6,-807.5,975.4,1.12,2.73,2.5,1.0,3.0,-0.4927,-11.81957744062649,26.265727645836648,18.7,30.0
01a59647o0109o,97.979143,35.5565843333333,>19.61,0.0,3.0,o,22.106,59647.28532795,9417.04,5086.67,167.0,190.1,-4.2,14.2,195.3,3297.6,1083.5,1.42,2.77,2.53,1.0,3.0,-0.4967,-8.09111410614452,27.3556715017267,18.76,30.0
02a59653o0298o,97.979143,35.5565843333333,>19.54,0.0,3.0,o,22.099,59653.34438235,4745.32,1156.51,168.0,178.5,4.6,20.0,177.2,-205.0,1357.7,1.04,2.46,2.15,1.0,3.0,-0.4337,6.351702434174493,27.616097539889104,18.63,30.0
02a59653o0305o,97.979143,35.5565843333333,>19.45,0.0,3.0,o,22.096,59653.34758785,4725.54,1116.73,136.0,181.2,-6.9,17.8,181.7,-553.2,1052.8,0.96,2.69,2.39,1.0,3.0,-0.4177,-11.443477418837412,29.52085479062405,18.49,30.0
02a59653o0322o,97.979143,35.5565843333333,>19.57,0.0,3.0,o,22.094,59653.35556325,4784.4,1196.01,188.0,173.2,18.0,18.3,169.4,384.2,1266.8,0.92,2.52,2.21,1.0,3.0,-0.4237,26.050979962829288,26.485162962209778,18.57,30.0
02a59653o0347o,97.979143,35.5565843333333,>19.067189286556683,0.0,1.42,o,22.081,59653.36719625,4804.85,1076.68,199.0,181.6,29.8,21.0,177.1,-1852.1,1343.5,0.83,2.41,2.12,1.0,3.0,-0.4367,40.52545623790606,28.558207415974056,18.54,30.0
02a59654o0200o,97.979143,35.5565843333333,>17.68,0.0,3.0,o,21.257,59654.30335205,4756.87,1160.66,29.0,186.3,-34.2,53.6,195.1,3627.7,3348.5,0.87,2.41,2.08,1.0,3.0,-0.4617,-99.73905035920119,156.31617249278315,16.7,30.0
02a59654o0218o,97.979143,35.5565843333333,>16.93,0.0,3.0,o,20.8,59654.31207125,4738.32,1124.88,162.0,182.4,-125.1,62.3,197.0,7094.8,4504.1,1.12,2.52,2.26,1.0,3.0,-0.4647,-633.1768601349853,315.3230886203803,15.94,30.0
02a59654o0225o,97.979143,35.5565843333333,>16.43,0.0,3.0,o,20.459,59654.31527155,4796.56,1201.86,144.0,197.3,-131.9,72.3,197.2,6158.8,5018.7,0.9,2.55,2.21,1.0,3.0,-0.4617,-901.8534997403716,494.34426104040085,15.46,30.0
02a59654o0248o,97.979143,35.5565843333333,>19.44,0.0,3.0,o,22.049,59654.32625625,4816.07,1082.3,191.0,178.5,13.6,23.0,176.8,-1331.6,1285.4,1.12,2.35,2.04,1.0,3.0,-0.4467,18.03830323246711,30.505953996084088,18.47,30.0
01a59655o0164o,97.979143,35.5565843333333,>18.682577519061983,0.0,1.04,o,22.114,59655.28556275,3558.17,4993.98,146.0,179.8,17.1,16.4,181.3,1580.3,1246.1,0.86,3.2,2.99,1.0,3.0,-0.4417,42.4400632345473,40.70275070447811,18.13,30.0
01a59655o0176o,97.979143,35.5565843333333,>19.2,0.0,3.0,o,22.138,59655.29104435,3579.6,5035.15,128.0,179.0,-11.0,14.5,181.0,333.1,1426.9,1.22,3.34,3.09,1.0,3.0,-0.4267,-28.409028121399416,37.44826434184469,18.2,30.0
01a59655o0183o,97.979143,35.5565843333333,>19.46,0.0,3.0,o,22.172,59655.29425365,3521.54,4959.62,193.0,182.2,2.7,15.2,186.5,1830.0,1258.1,1.04,2.93,2.73,1.0,3.0,-0.4667,5.434414706140101,30.5937420493813,18.41,30.0
01a59655o0209o,97.979143,35.5565843333333,>19.01,0.0,3.0,o,22.101,59655.30660225,3507.59,5075.05,205.0,177.8,-20.7,17.5,181.8,2235.1,1458.4,0.96,3.25,3.03,1.0,3.0,-0.4347,-53.16858228573534,44.94928454108061,18.03,30.0
01a59656o0178o,97.979143,35.5565843333333,>16.74,0.0,3.0,o,20.97,59656.33431085,3932.78,9554.03,84.0,196.6,-26.9,69.2,188.6,-11203.8,5512.7,0.91,2.77,2.57,1.0,3.0,-0.5227,-153.50549190718831,394.8914513002762,15.8,30.0
01a59656o0190o,97.979143,35.5565843333333,>16.57,0.0,3.0,o,20.848,59656.33979135,3954.31,9593.72,163.0,190.3,-134.2,72.5,209.0,2590.7,4960.5,1.03,2.77,2.57,1.0,3.0,-0.5267,-860.050897727983,464.63256397376125,15.66,30.0
01a59656o0197o,97.979143,35.5565843333333,>16.437335642541356,0.0,1.1,o,21.089,59656.34298035,3893.53,9516.94,143.0,192.9,68.1,62.1,195.3,5171.6,4678.5,1.0,2.79,2.59,1.0,3.0,-0.5197,352.54115624155276,321.4802614185084,16.03,30.0
01a59656o0225o,97.979143,35.5565843333333,>16.7,0.0,3.0,o,20.844,59656.35586845,3874.91,9637.95,263.0,201.7,38.3,65.2,174.0,-14322.5,4550.0,1.24,2.76,2.52,1.0,3.0,-0.5337,242.25187219620594,412.3974430076405,15.68,30.0
02a59657o0136o,97.979143,35.5565843333333,>19.95,0.0,3.0,o,22.125,59657.27307065,4759.04,1153.58,235.0,181.7,11.6,18.8,183.1,1474.6,932.4,0.87,2.18,1.81,1.0,3.0,-0.4527,11.872763118326747,19.242064364184728,19.0,30.0
02a59657o0143o,97.979143,35.5565843333333,>19.92,0.0,3.0,o,22.124,59657.27627205,4738.27,1113.84,139.0,179.2,-13.3,19.5,179.8,157.6,1127.8,1.03,2.14,1.83,1.0,3.0,-0.4487,-13.473339378803422,19.754144202005016,19.01,30.0
02a59657o0156o,97.979143,35.5565843333333,>19.9,0.0,3.0,o,22.124,59657.28226215,4796.33,1191.3,216.0,182.0,11.4,19.9,180.2,-998.0,1078.2,1.37,2.16,1.81,1.0,3.0,-0.4487,11.529113711258697,20.12538270649544,18.98,30.0
02a59657o0183o,97.979143,35.5565843333333,>19.85,0.0,3.0,o,22.121,59657.29465005,4817.57,1076.35,209.0,180.6,5.3,20.4,175.9,527.1,987.8,0.84,2.17,1.83,1.0,3.0,-0.4517,5.474512332677353,21.071707846531694,18.94,30.0
02a59658o0225o,97.979143,35.5565843333333,>19.463730275547928,0.0,1.07,o,22.121,59658.31370855,8925.16,5582.75,196.0,182.0,19.1,17.8,182.8,-394.8,879.4,1.36,2.27,1.9,1.0,3.0,-0.4437,21.27019986073206,19.822489922567048,19.0,30.0
02a59658o0232o,97.979143,35.5565843333333,>19.86,0.0,3.0,o,22.12,59658.31691325,8905.62,5544.15,133.0,181.1,13.3,19.2,182.0,611.6,1080.9,1.05,2.22,1.88,1.0,3.0,-0.4477,14.398631264050845,20.78599400524633,18.98,30.0
02a59658o0244o,97.979143,35.5565843333333,>19.85,0.0,3.0,o,22.118,59658.32241275,8963.13,5623.37,166.0,180.7,-1.2,18.7,180.4,-554.3,978.0,1.0,2.28,1.9,1.0,3.0,-0.4417,-1.3434714424825736,20.935763312020104,18.95,30.0
02a59658o0271o,97.979143,35.5565843333333,>19.79,0.0,3.0,o,22.113,59658.33478255,8983.34,5506.75,190.0,181.2,1.2,18.3,179.1,595.8,984.2,1.25,2.33,1.99,1.0,3.0,-0.4367,1.4379672293072319,21.92900024693529,18.88,30.0
01a59659o0171o,97.979143,35.5565843333333,>20.24,0.0,3.0,o,22.201,59659.28768975,3921.46,9548.45,191.0,181.9,7.5,7.9,180.5,-252.6,513.0,1.16,2.94,2.61,1.0,3.0,-0.4707,14.15167500610132,14.90643100642672,19.31,30.0
01a59659o0213o,97.979143,35.5565843333333,>19.533428965902566,0.0,1.41,o,22.196,59659.30685645,3945.78,9590.0,174.0,180.8,14.0,9.9,179.4,785.8,699.6,1.13,2.9,2.6,1.0,3.0,-0.4767,26.221535922236743,18.54237183072455,19.13,30.0
01a59659o0220o,97.979143,35.5565843333333,>20.02,0.0,3.0,o,22.197,59659.31004845,3884.41,9513.16,186.0,179.8,-5.0,9.6,182.4,596.8,735.7,1.24,2.96,2.62,1.0,3.0,-0.4757,-9.614390377200325,18.459629524224624,19.1,30.0
01a59659o0234o,97.979143,35.5565843333333,>20.02,0.0,3.0,o,22.193,59659.31644535,3867.18,9632.3,205.0,182.0,5.1,10.0,181.4,-154.8,811.9,1.28,2.89,2.57,1.0,3.0,-0.4827,9.48767692103416,18.60328808045914,19.04,30.0
01a59660o0048o,97.979143,35.5565843333333,>20.07,0.0,3.0,o,22.209,59660.24922775,3909.84,9545.37,146.0,182.2,-2.1,10.6,183.5,1353.8,629.8,1.22,2.72,2.48,1.0,3.0,-0.5007,-3.554664564685319,17.942592564602087,19.13,30.0
01a59660o0086o,97.979143,35.5565843333333,>19.489814636165512,0.0,2.09,o,22.205,59660.26709905,3936.17,9587.41,201.0,180.8,22.2,10.6,184.8,2671.0,798.0,0.9,2.86,2.58,1.0,3.0,-0.4827,40.57863732168357,19.375385387830896,19.09,30.0
01a59660o0113o,97.979143,35.5565843333333,>20.04,0.0,3.0,o,22.202,59660.27992945,3876.95,9512.48,160.0,180.5,-16.6,9.9,182.2,-66.4,695.0,1.09,2.86,2.58,1.0,3.0,-0.4827,-30.426540259244106,18.145948708826303,19.13,30.0
01a59660o0126o,97.979143,35.5565843333333,>19.55394950555492,0.0,1.88,o,22.204,59660.28587145,3859.99,9630.36,195.0,180.7,19.2,10.2,179.6,-433.5,705.9,1.2,2.83,2.52,1.0,3.0,-0.4927,34.264701303932156,18.20312256771396,19.11,30.0
02a59661o0237c,97.979143,35.5565843333333,>20.38,0.0,3.0,c,22.129,59661.32096895,8925.87,5582.48,194.0,180.7,4.9,8.5,181.1,309.6,601.0,1.01,2.57,2.29,1.0,3.0,-0.4087,7.156874982980101,12.414987215373644,19.47,30.0
02a59661o0244c,97.979143,35.5565843333333,>20.49,0.0,3.0,c,22.15,59661.32418305,8906.65,5543.19,165.0,180.0,-8.4,7.8,182.0,1170.1,646.6,1.16,2.59,2.29,1.0,3.0,-0.4077,-12.11639094553723,11.250934449427428,19.53,30.0
02a59661o0257c,97.979143,35.5565843333333,>20.39,0.0,3.0,c,22.127,59661.33015295,8965.08,5622.01,182.0,179.7,-3.8,8.4,180.8,1009.5,686.7,1.2,2.56,2.3,1.0,3.0,-0.4097,-5.568139961545419,12.30851991499514,19.49,30.0
02a59662o0003c,97.979143,35.5565843333333,>16.76,0.0,3.0,c,19.451,59662.30907365,8927.68,5582.79,176.0,180.1,2.7,16.6,179.2,-162.6,1193.3,0.85,2.85,2.51,1.0,3.0,-0.3847,55.23840004260856,339.6138669286304,16.49,30.0
02a59662o0015c,97.979143,35.5565843333333,>17.64,0.0,3.0,c,19.594,59662.31465675,8908.19,5546.23,172.0,183.2,-1.8,9.5,185.1,240.9,648.2,1.26,2.68,2.38,1.0,3.0,-0.3957,-29.076558454015327,153.45961406285863,16.7,30.0
02a59662o0021c,97.979143,35.5565843333333,>16.88,0.0,3.0,c,18.971,59662.31747975,8966.41,5626.27,166.0,177.3,8.9,11.5,176.6,2.2,738.4,0.84,2.56,2.32,1.0,3.0,-0.4017,238.93331143326927,308.73405409916813,16.02,30.0
02a59662o0050c,97.979143,35.5565843333333,>20.04,0.0,3.0,c,21.85,59662.33095175,8988.02,5508.17,169.0,178.9,-12.8,8.8,179.4,-158.6,643.4,1.12,2.59,2.32,1.0,3.0,-0.3987,-24.454369155892564,16.81237879467614,19.1,30.0
01a59663o0053o,97.979143,35.5565843333333,>20.27,0.0,3.0,o,22.194,59663.23560715,3907.24,9542.22,198.0,181.8,1.4,9.3,185.4,1071.7,630.2,1.24,2.61,2.43,1.0,3.0,-0.4977,2.252856668628224,14.965405013030344,19.28,30.0
01a59663o0069o,97.979143,35.5565843333333,>19.715605949717727,0.0,1.32,o,22.196,59663.24307685,3930.18,9582.2,195.0,181.7,12.9,9.8,180.7,490.8,638.1,0.97,2.6,2.44,1.0,3.0,-0.4927,20.630589128323034,15.672850655625256,19.29,30.0
01a59663o0076o,97.979143,35.5565843333333,>20.24,0.0,3.0,o,22.194,59663.24627375,3870.39,9505.32,200.0,181.5,-3.1,9.4,178.9,-453.3,629.3,1.39,2.62,2.45,1.0,3.0,-0.4977,-5.048795903622859,15.309252094856417,19.32,30.0
01a59663o0109o,97.979143,35.5565843333333,>20.27,0.0,3.0,o,22.195,59663.26170115,3855.27,9624.29,175.0,181.9,-10.4,9.0,181.8,28.6,554.6,0.99,2.65,2.47,1.0,3.0,-0.4897,-17.12911447425948,14.823272141186091,19.31,30.0
01a59664o0188o,97.979143,35.5565843333333,>20.19,0.0,3.0,o,22.165,59664.29744205,5558.89,3408.02,164.0,179.8,3.2,8.5,175.9,-918.8,666.4,1.12,2.88,2.53,1.0,3.0,-0.4847,6.00373801293351,15.947429096854641,19.24,30.0
01a59664o0195o,97.979143,35.5565843333333,>20.19,0.0,3.0,o,22.162,59664.30063845,5579.82,3448.4,151.0,181.2,-9.1,8.5,181.0,-376.8,756.4,1.05,2.85,2.53,1.0,3.0,-0.4807,-16.87973090191386,15.766781611677782,19.24,30.0
01a59664o0217o,97.979143,35.5565843333333,>20.26,0.0,3.0,o,22.158,59664.31073085,5523.07,3373.27,180.0,180.9,3.4,8.2,180.6,476.6,561.5,1.23,2.8,2.5,1.0,3.0,-0.4827,6.15652577927739,14.84809158531606,19.23,30.0
01a59664o0231o,97.979143,35.5565843333333,>20.18,0.0,3.0,o,22.154,59664.31713095,5508.93,3492.24,172.0,181.6,0.6,8.6,178.5,-1611.0,564.8,1.12,2.81,2.54,1.0,3.0,-0.4807,1.109813573676383,15.907327889361492,19.25,30.0
02a59665o0097c,97.979143,35.5565843333333,>20.27,0.0,3.0,c,22.182,59665.25871385,8934.18,5582.97,194.0,179.9,-2.2,10.3,182.1,1895.2,622.9,1.13,2.51,2.25,1.0,3.0,-0.4137,-2.9501063045888003,13.811861335120291,19.39,30.0
02a59665o0105c,97.979143,35.5565843333333,>20.29,0.0,3.0,c,22.18,59665.26239715,8914.91,5541.9,163.0,180.6,-0.3,10.4,178.6,582.1,601.5,1.19,2.48,2.22,1.0,3.0,-0.4147,-0.39326441929566963,13.633166535583216,19.43,30.0
02a59665o0118c,97.979143,35.5565843333333,>20.29,0.0,3.0,c,22.178,59665.26836305,8972.78,5621.71,189.0,179.3,-7.3,10.4,179.7,114.9,665.0,1.07,2.47,2.21,1.0,3.0,-0.4157,-9.514168360938672,13.55443163750167,19.41,30.0
02a59665o0154c,97.979143,35.5565843333333,>19.828673224786456,0.0,2.21,c,22.173,59665.28491435,8990.98,5505.31,160.0,179.5,24.1,10.9,179.9,1261.8,621.4,1.01,2.46,2.21,1.0,3.0,-0.4147,31.39808556457725,14.20079388605361,19.39,30.0
02a59666o0184c,97.979143,35.5565843333333,>20.23,0.0,3.0,c,22.155,59666.29804205,2452.66,9127.38,186.0,179.0,-0.1,10.0,180.4,-120.7,653.1,0.94,2.54,2.32,1.0,3.0,-0.4067,-0.1425215204307214,14.25215204307214,19.37,30.0
02a59666o0191c,97.979143,35.5565843333333,>20.27,0.0,3.0,c,22.154,59666.30123835,2435.42,9089.67,158.0,180.4,-11.6,10.4,179.5,3.0,645.2,1.18,2.45,2.23,1.0,3.0,-0.4187,-15.512710293060437,13.907947159295565,19.43,30.0
02a59666o0205c,97.979143,35.5565843333333,>19.869155878009074,0.0,1.05,c,22.15,59666.30765345,2492.15,9166.1,180.0,180.2,10.7,10.2,180.8,649.1,647.3,0.97,2.45,2.23,1.0,3.0,-0.4167,14.335520640815945,13.66563649872174,19.43,30.0
02a59666o0240c,97.979143,35.5565843333333,>19.804402085488686,0.0,1.73,c,22.136,59666.32372075,2512.81,9046.36,210.0,181.2,18.2,10.5,180.7,966.5,531.8,1.14,2.47,2.25,1.0,3.0,-0.4157,25.102073948547666,14.481965739546732,19.38,30.0
01a59667o0166o,97.979143,35.5565843333333,>17.344122817343784,0.0,1.22,o,20.018,59667.28798295,5557.79,3411.54,191.0,185.5,12.7,10.4,181.5,-143.6,802.8,1.0,2.75,2.65,1.0,3.0,-0.4707,169.9577738687199,139.17801954603834,16.87,30.0
01a59667o0188o,97.979143,35.5565843333333,>17.55,0.0,3.0,o,19.906,59667.29803185,5579.68,3450.23,170.0,179.3,2.0,10.4,178.7,-20.9,809.8,1.36,2.96,2.85,1.0,3.0,-0.4397,33.38299612309877,173.59157984011358,16.68,30.0
01a59667o0206o,97.979143,35.5565843333333,>18.38,0.0,3.0,o,20.616,59667.30629765,5521.12,3374.85,162.0,175.0,4.9,10.7,173.9,460.2,795.3,0.99,2.83,2.6,1.0,3.0,-0.4757,38.34551798969468,83.73409030402713,17.46,30.0
01a59667o0213o,97.979143,35.5565843333333,>17.63,0.0,3.0,o,19.943,59667.30948975,5504.61,3492.28,170.0,185.2,7.0,11.0,180.9,-1829.2,910.5,0.97,2.83,2.71,1.0,3.0,-0.4657,105.15078317116897,165.23694498326552,16.75,30.0
02a59669o0161c,97.979143,35.5565843333333,>20.25,0.0,3.0,c,22.143,59669.28783785,2445.52,9126.32,206.0,178.7,5.3,10.1,180.2,1060.1,548.6,1.11,2.51,2.26,1.0,3.0,-0.4067,7.352190908590286,14.010778901275826,19.41,30.0
02a59669o0168c,97.979143,35.5565843333333,>20.23,0.0,3.0,c,22.14,59669.29103785,2428.83,9086.16,162.0,181.6,-2.3,10.2,181.1,144.9,586.6,1.35,2.5,2.27,1.0,3.0,-0.4137,-3.221457804103912,14.286465044286913,19.4,30.0
02a59669o0183c,97.979143,35.5565843333333,>20.19,0.0,3.0,c,22.135,59669.29795155,2484.76,9163.7,179.0,179.6,-1.7,10.3,180.2,-149.1,608.0,0.96,2.53,2.31,1.0,3.0,-0.4107,-2.4566323567823463,14.884301926387158,19.39,30.0
02a59669o0206c,97.979143,35.5565843333333,>20.26,0.0,3.0,c,22.128,59669.30852815,2504.96,9042.62,185.0,180.6,4.3,9.6,181.8,1179.9,638.8,1.34,2.53,2.3,1.0,3.0,-0.4107,6.226952574183019,13.902033653989994,19.39,30.0
01a59671o0047o,97.979143,35.5565843333333,>20.13,0.0,3.0,o,22.205,59671.23409465,5544.6,3405.94,204.0,180.6,5.1,9.0,181.8,1231.0,665.0,1.34,2.88,2.62,1.0,3.0,-0.4767,9.48031353062765,16.729965054048794,19.08,30.0
01a59671o0062o,97.979143,35.5565843333333,>19.635680409956016,0.0,1.3,o,22.205,59671.24133345,5565.88,3445.02,196.0,181.0,12.0,9.2,180.0,-291.9,680.1,1.2,2.91,2.59,1.0,3.0,-0.4717,22.178529326108755,17.003539150016707,19.14,30.0
01a59671o0071o,97.979143,35.5565843333333,>20.16,0.0,3.0,o,22.203,59671.24545255,5508.54,3369.26,186.0,179.5,-0.6,9.1,180.0,14.1,678.3,1.14,2.86,2.53,1.0,3.0,-0.4847,-1.0794351349281357,16.37143287974339,19.18,30.0
01a59671o0093o,97.979143,35.5565843333333,>19.620320582693083,0.0,1.6,o,22.199,59671.25557635,5493.0,3487.09,176.0,181.4,15.4,9.6,179.5,-415.9,643.0,1.09,2.82,2.56,1.0,3.0,-0.4767,27.540291944926317,17.16797419943459,19.18,30.0
01a59672o0046o,97.979143,35.5565843333333,>20.04,0.0,3.0,o,22.196,59672.23383785,10092.7,9553.86,182.0,179.7,-3.5,11.0,178.3,347.6,654.2,1.04,2.68,2.48,1.0,3.0,-0.4867,-5.831942917335969,18.32896345448447,19.17,30.0
01a59672o0076o,97.979143,35.5565843333333,>20.13,0.0,3.0,o,22.193,59672.24790185,10116.7,9595.09,182.0,181.4,4.5,9.8,180.9,115.1,716.2,1.18,2.72,2.52,1.0,3.0,-0.4807,7.711532688663193,16.794004521977623,19.2,30.0
01a59672o0086o,97.979143,35.5565843333333,>19.6429459942081,0.0,2.3,o,22.19,59672.25266865,10054.3,9520.45,191.0,179.3,22.8,9.9,176.4,600.8,606.2,1.31,2.69,2.5,1.0,3.0,-0.4867,38.653238010960386,16.78364282054859,19.24,30.0
01a59672o0100o,97.979143,35.5565843333333,>19.613671138948966,0.0,1.29,o,22.19,59672.25922755,10039.4,9639.98,202.0,181.1,12.9,10.0,181.1,302.0,618.9,1.14,2.72,2.53,1.0,3.0,-0.4787,22.21456844625724,17.220595694773056,19.19,30.0
02a59673o0064c,97.979143,35.5565843333333,>15.28,0.0,3.0,c,17.516,59673.24440195,2445.66,9091.6,181.0,183.2,-13.0,13.5,183.7,860.0,968.6,0.93,2.53,2.3,1.0,3.0,-0.4207,-1329.0779556840432,1380.1963385949678,14.1,30.0
02a59673o0072c,97.979143,35.5565843333333,>17.69,0.0,3.0,c,20.347,59673.24805765,2501.68,9168.35,126.0,179.4,-10.2,18.9,180.5,1900.7,1061.0,1.03,2.6,2.35,1.0,3.0,-0.4027,-79.3962749967682,147.11662719989403,17.11,30.0
01a59680o0118o,97.979143,35.5565843333333,>19.031582451489438,0.0,1.84,o,22.172,59680.27613095,1503.86,3153.04,231.0,179.6,26.0,14.1,180.4,1311.1,1013.9,1.05,2.98,2.77,1.0,3.0,-0.4717,54.25354569399661,29.422115164821236,18.62,30.0
01a59680o0133o,97.979143,35.5565843333333,>19.57,0.0,3.0,o,22.171,59680.28297505,1523.89,3192.8,191.0,184.1,-7.8,14.1,180.7,-888.6,1053.2,0.94,2.9,2.68,1.0,3.0,-0.4807,-15.466289670952914,27.95829286672258,18.61,30.0
01a59680o0142o,97.979143,35.5565843333333,>19.62,0.0,3.0,o,22.171,59680.28709015,1466.36,3115.13,134.0,180.9,-22.2,13.6,182.1,-701.4,1240.5,0.98,2.89,2.66,1.0,3.0,-0.4887,-43.862279614205455,26.870585709603343,18.63,30.0
01a59680o0166o,97.979143,35.5565843333333,>19.52,0.0,3.0,o,22.163,59680.29817665,1450.42,3231.84,226.0,183.3,-6.3,15.0,179.9,-892.5,1196.3,0.92,2.87,2.65,1.0,3.0,-0.4877,-12.394444450842581,29.510582025815676,18.6,30.0
02a59682o0140o,97.979143,35.5565843333333,>19.71,0.0,3.0,o,22.093,59682.29626945,8053.06,2850.1,213.0,179.9,12.2,19.3,181.4,984.5,1147.8,0.6,2.33,1.99,1.0,3.0,-0.4297,14.795429379897218,23.405884182952157,18.8,30.0
02a59682o0149o,97.979143,35.5565843333333,>19.238669681470896,0.0,1.03,o,22.091,59682.30038585,8033.26,2810.35,238.0,177.8,21.0,20.4,183.0,747.2,1096.5,0.78,2.31,1.96,1.0,3.0,-0.4347,25.02914943633193,24.314030881008158,18.79,30.0
02a59682o0161o,97.979143,35.5565843333333,>19.66,0.0,3.0,o,22.088,59682.30587845,8091.89,2888.58,160.0,176.6,-3.2,20.5,180.1,1846.9,1205.6,0.87,2.31,1.98,1.0,3.0,-0.4357,-3.8671043723866037,24.773637385601678,18.74,30.0
02a59682o0188o,97.979143,35.5565843333333,>19.68,0.0,3.0,o,22.08,59682.31825305,8111.47,2773.23,138.0,176.0,-60.9,20.6,178.3,877.9,1161.5,1.23,2.29,1.94,1.0,3.0,-0.4297,-71.61652598486319,24.22496609668607,18.71,30.0
01a59683o0105o,97.979143,35.5565843333333,>19.51,0.0,3.0,o,22.184,59683.28074385,1501.24,3156.79,189.0,183.0,-3.0,16.0,186.3,286.2,1374.9,1.21,2.79,2.63,1.0,3.0,-0.4747,-5.518740226013154,29.43328120540349,18.6,30.0
01a59683o0113o,97.979143,35.5565843333333,>19.53,0.0,3.0,o,22.184,59683.28441065,1521.87,3195.11,188.0,181.0,0.6,15.9,176.7,-2597.7,1107.9,1.02,2.69,2.69,1.0,3.0,-0.4797,1.0934893451404235,28.97746764622123,18.56,30.0
01a59683o0125o,97.979143,35.5565843333333,>18.974142681305214,0.0,1.73,o,22.184,59683.28991505,1462.73,3117.86,221.0,183.4,27.9,16.1,185.7,252.9,1043.1,0.99,2.88,2.65,1.0,3.0,-0.4887,54.075595438331625,31.20491349667166,18.55,30.0
01a59683o0157o,97.979143,35.5565843333333,>19.42,0.0,3.0,o,22.171,59683.30454095,1449.54,3237.27,187.0,181.7,15.7,16.5,178.2,555.3,1127.3,1.06,2.86,2.68,1.0,3.0,-0.4727,30.476088415083932,32.02901011776337,18.5,30.0
01a59684o0002o,97.979143,35.5565843333333,>19.6,0.0,3.0,o,22.199,59684.24496745,1490.25,3153.24,200.0,180.8,7.1,16.5,176.4,290.1,1052.4,1.16,2.69,2.47,1.0,3.0,-0.4947,11.881364712346723,27.611622218833933,18.63,30.0
01a59684o0009o,97.979143,35.5565843333333,>19.53,0.0,3.0,o,22.196,59684.24815505,1511.83,3192.35,172.0,182.0,6.9,17.3,179.9,-563.5,1161.7,1.14,2.73,2.47,1.0,3.0,-0.5007,11.815917127100516,29.625415405628825,18.64,30.0
01a59684o0029o,97.979143,35.5565843333333,>19.55,0.0,3.0,o,22.193,59684.25734435,1453.41,3114.99,179.0,179.6,8.0,16.9,174.0,484.6,1056.2,1.08,2.73,2.47,1.0,3.0,-0.5007,13.737519837594503,29.02051065691839,18.61,30.0
01a59684o0045o,97.979143,35.5565843333333,>19.54,0.0,3.0,o,22.192,59684.26482115,1438.57,3232.1,105.0,180.0,-20.4,16.9,183.6,400.9,1268.8,1.1,2.74,2.48,1.0,3.0,-0.5037,-35.43163197730823,29.35267551061319,18.58,30.0
02a59685o0099o,97.979143,35.5565843333333,>16.36,0.0,3.0,o,20.681,59685.30750365,8050.33,2851.98,189.0,137.9,-42.2,83.7,169.4,6089.5,6570.0,0.98,2.72,2.36,1.0,3.0,-0.4097,-255.3595493519959,506.4832767953094,15.41,30.0
02a59690o0095c,97.979143,35.5565843333333,>19.95,0.0,3.0,c,22.094,59690.26894685,4518.93,9506.86,177.0,176.8,5.6,12.4,176.7,93.0,972.4,1.26,2.55,2.28,1.0,3.0,-0.4037,8.306571347881832,18.393122270309775,19.16,30.0
02a59690o0102c,97.979143,35.5565843333333,>19.43038387588567,0.0,1.59,c,22.092,59690.27217515,4499.55,9467.72,220.0,180.2,21.3,13.4,179.4,46.2,843.9,1.07,2.6,2.31,1.0,3.0,-0.3987,32.54795272940016,20.476176834458315,19.15,30.0
02a59690o0114c,97.979143,35.5565843333333,>19.98,0.0,3.0,c,22.081,59690.27767765,4555.2,9545.07,170.0,180.8,-24.1,11.8,185.2,1607.2,747.0,1.06,2.56,2.29,1.0,3.0,-0.4037,-36.47969809879169,17.86142894463659,19.15,30.0
02a59690o0143c,97.979143,35.5565843333333,>19.94,0.0,3.0,c,22.073,59690.29094595,4575.21,9422.55,187.0,181.0,-2.4,12.5,179.6,677.2,741.0,1.26,2.51,2.28,1.0,3.0,-0.4107,-3.5956594757493923,18.72739310286142,19.14,30.0
02a59693o0070c,97.979143,35.5565843333333,>18.47,0.0,3.0,c,21.458,59693.25794805,4515.97,9507.88,189.0,177.3,-9.9,21.1,180.5,1757.3,1511.0,0.97,2.89,2.58,1.0,3.0,-0.3857,-33.27449619498461,70.91837067819952,18.24,30.0
02a59693o0078c,97.979143,35.5565843333333,>19.17,0.0,3.0,c,21.418,59693.26160395,4497.72,9466.2,169.0,177.9,-4.6,11.7,177.6,135.8,857.3,0.85,2.72,2.5,1.0,3.0,-0.4087,-14.942576559975198,38.00611864167605,18.22,30.0
02a59693o0090c,97.979143,35.5565843333333,>16.95,0.0,3.0,c,20.052,59693.26711715,4553.22,9544.34,239.0,173.4,-19.9,32.3,174.2,2639.8,1883.9,1.05,2.44,2.2,1.0,3.0,-0.4117,-180.06293667795228,292.2629575225055,16.83,30.0
02a59693o0121c,97.979143,35.5565843333333,>16.76,0.0,3.0,c,19.779,59693.28132465,4573.37,9425.71,75.0,168.9,7.9,26.7,166.7,-577.6,1780.3,1.41,2.57,2.34,1.0,3.0,-0.4037,102.21975067095207,345.4768788499266,16.43,30.0

