#expname,ra,dec,mag,dm,snr,filter,zp,mjd,x,y,peakval,skyval,peakfit,dpeak,skyfit,flux,dflux,chin,major,minor,snrdet,snrlimit,apfit,uJy,duJy,mag5sig,texp
01a59634o0355o,160.875618125,19.08293,>20.32,0.0,3.0,o,22.209,59634.36859155,2086.07,8060.71,195.0,182.3,1.6,7.4,182.2,287.3,569.8,0.89,2.89,2.67,1.0,3.0,-0.4637,2.994248440667786,13.84839903808851,19.33,30.0
01a59634o0378o,160.875618125,19.08293,>20.17,0.0,3.0,o,22.146,59634.37927275,2066.99,8023.29,163.0,180.4,-11.0,7.7,182.9,680.8,557.0,1.05,2.91,2.75,1.0,3.0,-0.4607,-22.56197497868662,15.79338248508063,19.28,30.0
01a59634o0385o,160.875618125,19.08293,>20.17,0.0,3.0,o,22.209,59634.38246775,2126.47,8099.38,182.0,179.7,-3.5,7.4,180.3,293.1,633.1,0.95,3.1,2.86,1.0,3.0,-0.4337,-7.320732139213222,15.47811938005081,19.24,30.0
01a59634o0392o,160.875618125,19.08293,>19.82835928126359,0.0,1.26,o,22.209,59634.38589485,2144.49,7981.72,184.0,181.6,9.2,7.3,181.1,697.3,578.7,0.96,2.93,2.74,1.0,3.0,-0.4587,17.83055066506083,14.148154332059136,19.31,30.0
01a59635o0437o,160.875618125,19.08293,>20.45,0.0,3.0,o,22.213,59635.40539415,2090.46,8048.75,183.0,182.3,0.8,6.4,181.7,705.9,460.1,1.29,2.89,2.75,1.0,3.0,-0.4517,1.5194250035949763,12.15540002875981,19.39,30.0
01a59635o0441o,160.875618125,19.08293,>19.95233626469889,0.0,1.65,o,22.215,59635.40721755,2070.92,8010.23,184.0,182.3,11.4,6.9,181.6,66.6,521.5,0.88,2.84,2.7,1.0,3.0,-0.4587,20.9867747277362,12.70252154573507,19.4,30.0
01a59635o0447o,160.875618125,19.08293,>19.93472198326534,0.0,2.37,o,22.212,59635.41005135,2130.27,8086.1,208.0,181.3,16.6,7.0,180.7,287.6,482.5,1.01,2.83,2.7,1.0,3.0,-0.4607,30.592645413063444,12.900513125990607,19.4,30.0
01a59635o0518o,160.875618125,19.08293,>20.41,0.0,3.0,o,22.212,59635.44342035,8374.14,2588.55,185.0,181.0,4.1,6.9,178.0,-406.0,539.5,0.92,2.84,2.69,1.0,3.0,-0.4707,7.624532536559842,12.831530366405588,19.43,30.0
01a59636o0372o,160.875618125,19.08293,>20.05,0.0,3.0,o,21.944,59636.37768535,2089.4,8053.25,190.0,181.3,-0.4,6.9,181.4,139.7,501.9,1.12,2.96,2.79,1.0,3.0,-0.4617,-1.020738864850125,17.607745418664656,19.13,30.0
01a59636o0378o,160.875618125,19.08293,>20.18,0.0,3.0,o,21.942,59636.38052835,2069.77,8014.22,194.0,181.2,3.7,6.9,182.8,428.4,438.2,0.78,2.83,2.6,1.0,3.0,-0.4687,8.482429384005787,15.818584526929708,19.21,30.0
02a59636o0416c,160.875618125,19.08293,>20.66,0.0,3.0,c,22.187,59636.40321455,6672.66,4621.83,188.0,180.7,-3.9,6.6,181.6,294.7,455.6,1.14,2.61,2.37,1.0,3.0,-0.4097,-5.6808353962020846,9.613721439726605,19.68,30.0
02a59636o0420c,160.875618125,19.08293,>20.69,0.0,3.0,c,22.186,59636.40504095,6692.36,4660.35,169.0,181.4,3.7,6.7,180.3,348.9,369.3,1.12,2.55,2.33,1.0,3.0,-0.4137,5.200637351544705,9.417370339283654,19.65,30.0
01a59636o0433o,160.875618125,19.08293,>20.43,0.0,3.0,o,22.215,59636.40672255,2133.3,8088.11,178.0,182.5,-0.6,6.9,182.2,156.0,487.7,0.81,2.81,2.67,1.0,3.0,-0.4617,-1.0837461731437286,12.46308099115288,19.4,30.0
02a59636o0430c,160.875618125,19.08293,>20.265576101300336,0.0,1.63,c,22.187,59636.40982785,6638.16,4580.13,186.0,181.4,10.9,6.7,180.8,669.9,450.4,1.37,2.57,2.34,1.0,3.0,-0.4117,15.46444092787616,9.505665524474335,19.68,30.0
01a59636o0445o,160.875618125,19.08293,>20.48,0.0,3.0,o,22.214,59636.41239055,2150.36,7969.09,180.0,181.5,5.2,7.2,179.1,-100.6,461.6,0.99,2.68,2.57,1.0,3.0,-0.4767,8.750442316967058,12.115997054262081,19.45,30.0
02a59636o0447c,160.875618125,19.08293,>20.68,0.0,3.0,c,22.188,59636.41760375,6620.21,4695.17,182.0,179.6,-4.1,6.7,179.9,410.3,429.0,1.08,2.56,2.34,1.0,3.0,-0.4137,-5.799605121763931,9.47740349166301,19.66,30.0
02a59637o0492c,160.875618125,19.08293,>20.59,0.0,3.0,c,22.19,59637.44728965,3909.45,5942.47,172.0,181.6,-1.5,7.2,180.7,-249.8,401.0,1.37,2.57,2.36,1.0,3.0,-0.4087,-2.134494945051852,10.24557573624889,19.69,30.0
02a59637o0499c,160.875618125,19.08293,>20.63,0.0,3.0,c,22.189,59637.45050645,3890.4,5902.73,169.0,179.1,3.6,6.4,178.0,-238.6,444.2,0.99,2.68,2.45,1.0,3.0,-0.4027,5.5202929376949,9.813854111457598,19.63,30.0
02a59637o0530c,160.875618125,19.08293,>20.65,0.0,3.0,c,22.189,59637.46535555,3946.2,5982.06,190.0,179.2,1.0,7.2,177.9,158.9,445.8,1.16,2.5,2.3,1.0,3.0,-0.4147,1.3577711920431474,9.77595258271066,19.69,30.0
02a59637o0544c,160.875618125,19.08293,>20.59,0.0,3.0,c,22.188,59637.47176815,3965.73,5865.72,182.0,179.3,7.2,7.3,178.4,-593.0,500.5,1.0,2.56,2.34,1.0,3.0,-0.4097,10.147219721926641,10.28815332917562,19.66,30.0
02a59638o0383c,160.875618125,19.08293,>20.64,0.0,3.0,c,22.182,59638.38476755,6677.18,4616.65,193.0,181.4,-1.6,6.5,180.9,320.2,409.1,1.08,2.63,2.42,1.0,3.0,-0.4097,-2.4090723463783807,9.78685640716217,19.67,30.0
02a59638o0387c,160.875618125,19.08293,>20.55,0.0,3.0,c,22.183,59638.38659445,6696.07,4658.24,169.0,180.8,-8.8,6.9,179.3,-780.1,435.8,0.87,2.69,2.43,1.0,3.0,-0.4047,-13.533183514354342,10.611246164664198,19.64,30.0
01a59638o0434o,160.875618125,19.08293,>20.36,0.0,3.0,o,22.215,59638.40335325,2091.05,8055.41,153.0,180.7,-6.3,7.9,182.0,348.8,589.3,1.17,2.72,2.56,1.0,3.0,-0.4847,-10.787185922548954,13.526788696529644,19.34,30.0
01a59638o0442o,160.875618125,19.08293,>20.29,0.0,3.0,o,22.217,59638.40702725,2072.11,8016.12,161.0,181.7,7.1,7.9,181.2,713.0,524.9,1.05,2.85,2.63,1.0,3.0,-0.4727,12.918666963635864,14.374291410242721,19.32,30.0
02a59638o0462c,160.875618125,19.08293,>20.7,0.0,3.0,c,22.187,59638.42195055,6640.54,4586.7,168.0,181.1,5.0,6.8,180.5,342.4,442.0,0.96,2.52,2.3,1.0,3.0,-0.4107,6.8305728318346475,9.28957905129512,19.72,30.0
01a59638o0476o,160.875618125,19.08293,>20.31,0.0,3.0,o,22.216,59638.42346235,2134.35,8088.45,167.0,180.1,-10.0,7.8,178.0,15.5,554.9,0.99,2.8,2.65,1.0,3.0,-0.4697,-17.978880696777495,14.023526943486445,19.33,30.0
02a59638o0468c,160.875618125,19.08293,>20.68,0.0,3.0,c,22.186,59638.42469445,6621.38,4702.94,182.0,181.0,-2.0,6.7,180.5,-632.9,429.4,0.99,2.55,2.34,1.0,3.0,-0.4107,-2.8154302906567814,9.43169147370022,19.7,30.0
01a59638o0498o,160.875618125,19.08293,>19.898341121638275,0.0,1.72,o,22.217,59638.43350415,2151.82,7970.22,182.0,181.6,13.1,7.6,181.0,-140.6,546.9,1.21,2.78,2.59,1.0,3.0,-0.4777,23.00247677800935,13.344948359761148,19.36,30.0
01a59639o0365o,160.875618125,19.08293,>20.41,0.0,3.0,o,22.217,59639.43783825,8430.62,2510.47,193.0,181.1,1.3,6.8,182.1,994.1,504.8,1.04,2.9,2.69,1.0,3.0,-0.4677,2.4504868453713944,12.817931191173448,19.4,30.0
01a59639o0375o,160.875618125,19.08293,>20.45,0.0,3.0,o,22.218,59639.44251135,8452.36,2549.3,187.0,181.9,-3.3,6.6,181.9,193.0,610.5,0.95,2.88,2.68,1.0,3.0,-0.4677,-6.148935917136362,12.297871834272724,19.42,30.0
01a59639o0439o,160.875618125,19.08293,>20.43,0.0,3.0,o,22.218,59639.47238025,8399.75,2475.29,191.0,181.8,0.6,6.1,181.3,507.8,410.4,0.88,3.01,2.82,1.0,3.0,-0.4577,1.2182196475976517,12.385233083909458,19.4,30.0
01a59639o0452o,160.875618125,19.08293,>20.4,0.0,3.0,o,22.216,59639.47832645,8384.91,2592.98,180.0,180.1,1.5,6.8,180.2,433.7,514.5,0.87,2.9,2.69,1.0,3.0,-0.4757,2.8510201203116843,12.924624545412971,19.41,30.0
02a59640o0354c,160.875618125,19.08293,>20.247137128631877,0.0,1.19,c,22.16,59640.38293925,6679.15,4615.8,187.0,181.3,8.1,6.8,179.7,26.6,383.0,1.03,2.52,2.3,1.0,3.0,-0.4247,11.491378801552687,9.647083438340527,19.67,30.0
02a59640o0358c,160.875618125,19.08293,>20.76,0.0,3.0,c,22.151,59640.38516855,6691.06,4655.98,167.0,181.8,-14.2,6.7,188.4,2403.5,390.6,1.49,2.43,2.21,1.0,3.0,-0.4237,-18.80380058998818,8.872215771332453,19.71,30.0
01a59640o0368o,160.875618125,19.08293,>20.37,0.0,3.0,o,22.214,59640.38776325,3807.15,4034.34,175.0,182.4,-2.6,7.5,181.9,29.1,443.5,1.0,2.79,2.6,1.0,3.0,-0.4757,-4.603727872860542,13.27998424863618,19.38,30.0
01a59640o0372o,160.875618125,19.08293,>20.41,0.0,3.0,o,22.215,59640.38958935,3788.44,3997.55,216.0,181.0,-0.2,7.3,182.1,1010.1,500.7,1.06,2.79,2.59,1.0,3.0,-0.4777,-0.3530959272775347,12.888001345630016,19.34,30.0
02a59640o0369c,160.875618125,19.08293,>20.7,0.0,3.0,c,22.146,59640.39121915,6636.2,4580.43,187.0,181.7,4.4,6.6,180.4,70.2,409.6,1.02,2.5,2.29,1.0,3.0,-0.4247,6.245783309306688,9.368674963960034,19.67,30.0
01a59640o0383o,160.875618125,19.08293,>20.36,0.0,3.0,o,22.218,59640.39500155,3847.55,4073.57,182.0,182.0,4.1,7.5,182.3,1061.6,474.4,1.09,2.72,2.72,1.0,3.0,-0.4657,7.309377803605149,13.370813055375274,19.34,30.0
02a59640o0390c,160.875618125,19.08293,>20.66,0.0,3.0,c,22.149,59640.40287525,6622.36,4698.07,168.0,180.4,-10.7,6.7,180.6,-257.0,431.3,1.11,2.54,2.32,1.0,3.0,-0.4157,-15.461948573661608,9.681780882573157,19.61,30.0
01a59640o0457o,160.875618125,19.08293,>20.38,0.0,3.0,o,22.221,59640.43080295,6678.64,6611.68,186.0,181.4,-0.9,7.2,181.6,538.5,501.5,0.86,2.83,2.68,1.0,3.0,-0.4627,-1.6357709239221376,13.086167391377101,19.4,30.0
02a59641o0258c,160.875618125,19.08293,>19.97,0.0,3.0,c,21.547,59641.53100865,3901.53,5941.72,182.0,178.5,5.9,6.4,178.0,285.4,451.1,0.75,2.72,2.45,1.0,3.0,-0.4197,16.847898805492193,18.275686839855943,19.09,30.0
02a59641o0264c,160.875618125,19.08293,>20.08,0.0,3.0,c,21.545,59641.53422375,3883.03,5903.52,181.0,179.4,1.8,5.9,177.6,-297.9,449.3,0.84,2.72,2.41,1.0,3.0,-0.4177,5.0561179535264715,16.572831069892324,19.07,30.0
02a59641o0274c,160.875618125,19.08293,>20.02,0.0,3.0,c,21.529,59641.53974885,3935.62,5981.39,161.0,178.5,2.1,5.6,178.3,552.7,443.0,1.16,2.8,2.55,1.0,3.0,-0.4127,6.490471567874113,17.307924180997635,19.02,30.0
01a59642o0323o,160.875618125,19.08293,>19.77384999593238,0.0,1.8,o,22.202,59642.35814185,3807.44,4046.68,205.0,181.9,14.2,7.9,181.2,242.4,584.3,0.98,2.94,2.59,1.0,3.0,-0.4757,26.686657640363222,14.84680249006123,19.25,30.0
01a59642o0327o,160.875618125,19.08293,>20.26,0.0,3.0,o,22.201,59642.35996555,3786.79,4008.12,204.0,181.3,4.3,8.3,180.9,522.3,592.1,1.09,2.85,2.53,1.0,3.0,-0.4837,7.716006450618088,14.893686869797708,19.26,30.0
01a59642o0340o,160.875618125,19.08293,>20.27,0.0,3.0,o,22.142,59642.36620775,3844.99,4086.54,178.0,182.0,-4.8,7.3,179.6,-127.0,524.5,0.89,2.91,2.63,1.0,3.0,-0.4797,-9.617201602625606,14.62616077065978,19.21,30.0
01a59642o0407o,160.875618125,19.08293,>20.35,0.0,3.0,o,22.207,59642.39836865,3863.52,3959.58,189.0,181.5,5.0,6.6,182.3,1345.3,567.8,0.75,3.02,2.78,1.0,3.0,-0.4507,10.07814235420053,13.3031479075447,19.25,30.0
04a59643o0359c,160.875618125,19.08293,>20.05,0.0,3.0,c,21.498,59643.16203445,5969.51,9740.3,166.0,182.8,-0.4,6.9,183.2,-2.0,493.7,0.89,2.61,2.11,1.0,3.0,-0.3697,-0.9430651565119443,16.267873949831035,19.03,30.0
04a59643o0365c,160.875618125,19.08293,>18.78,0.0,3.0,c,20.3,59643.16473655,5950.79,9700.56,189.0,179.7,6.8,7.4,177.7,-951.4,445.8,0.86,2.6,2.11,1.0,3.0,-0.3687,48.09760609129848,52.341512511118935,17.83,30.0
04a59643o0418c,160.875618125,19.08293,>20.07,0.0,3.0,c,21.554,59643.19033535,6019.78,9774.06,172.0,180.9,1.1,7.7,180.1,123.8,397.7,1.0,2.54,2.0,1.0,3.0,-0.3727,2.278322204052864,15.948255428370047,19.11,30.0
04a59643o0439c,160.875618125,19.08293,>20.25,0.0,3.0,c,21.776,59643.20011655,6041.15,9654.28,160.0,182.3,-2.1,7.6,180.9,189.5,444.9,0.99,2.52,2.12,1.0,3.0,-0.3827,-3.762828647065851,13.617856056047838,19.32,30.0
01a59643o0325o,160.875618125,19.08293,>20.42,0.0,3.0,o,22.206,59643.35625925,3806.14,4043.27,166.0,180.5,-0.4,7.1,179.7,256.7,459.7,0.93,2.81,2.59,1.0,3.0,-0.4797,-0.7184967708098201,12.753317681874305,19.41,30.0
01a59643o0332o,160.875618125,19.08293,>19.96259830568889,0.0,1.2,o,22.211,59643.35952445,3787.52,4005.68,195.0,181.7,8.5,7.1,179.8,-191.5,457.4,0.88,2.78,2.6,1.0,3.0,-0.4737,15.010522674801933,12.538201293069847,19.43,30.0
01a59643o0339o,160.875618125,19.08293,>20.48,0.0,3.0,o,22.212,59643.36271245,3846.57,4080.68,194.0,181.7,-1.7,6.4,183.2,780.6,418.7,1.18,2.86,2.7,1.0,3.0,-0.4647,-3.1778797817209337,11.963782707655279,19.41,30.0
01a59643o0350o,160.875618125,19.08293,>20.42,0.0,3.0,o,22.209,59643.36778035,3864.11,3963.82,176.0,180.9,-1.4,7.0,182.6,826.4,483.4,0.83,2.82,2.62,1.0,3.0,-0.4717,-2.5271858462630408,12.635929231315203,19.46,30.0
01a59644o0330o,160.875618125,19.08293,>20.36,0.0,3.0,o,22.211,59644.35978095,3806.99,4041.72,154.0,182.3,5.8,7.4,178.7,-675.5,592.4,0.85,2.85,2.62,1.0,3.0,-0.4737,10.58115046573663,13.500088525250183,19.35,30.0
01a59644o0337o,160.875618125,19.08293,>20.37,0.0,3.0,o,22.214,59644.36302945,3788.48,4003.79,189.0,180.8,3.1,7.1,179.5,158.2,482.4,0.91,2.86,2.7,1.0,3.0,-0.4657,5.789622353337456,13.26010280925675,19.38,30.0
01a59644o0344o,160.875618125,19.08293,>20.4,0.0,3.0,o,22.212,59644.36622185,3848.24,4079.53,149.0,181.5,-14.1,6.7,181.8,622.3,428.6,0.93,2.88,2.74,1.0,3.0,-0.4607,-26.83619312048573,12.751949922500312,19.34,30.0
01a59644o0357o,160.875618125,19.08293,>19.960697891274123,0.0,1.23,o,22.211,59644.37241935,3864.75,3960.52,187.0,181.2,8.6,7.0,179.6,471.8,522.3,1.24,2.8,2.61,1.0,3.0,-0.4797,15.440300032793035,12.567686073203635,19.38,30.0
02a59644o0395c,160.875618125,19.08293,>19.41696057744855,0.0,1.11,c,21.227,59644.44927045,5841.28,5850.28,182.0,180.2,5.2,4.7,179.4,-208.0,391.8,0.94,2.84,2.66,1.0,3.0,-0.4297,22.81193185633959,20.61847687015309,18.77,30.0
02a59644o0402c,160.875618125,19.08293,>19.85,0.0,3.0,c,21.228,59644.45275155,5822.13,5811.63,180.0,180.1,3.9,5.2,178.3,-210.4,420.3,1.19,2.71,2.52,1.0,3.0,-0.4437,15.652841368275904,20.870455157701205,18.86,30.0
02a59644o0413c,160.875618125,19.08293,>19.86,0.0,3.0,c,21.227,59644.45811995,5879.49,5889.94,176.0,179.8,-0.3,5.2,177.8,-465.1,387.5,0.82,2.7,2.5,1.0,3.0,-0.4407,-1.1879106414996365,20.59045111932703,18.81,30.0
02a59644o0433c,160.875618125,19.08293,>19.96,0.0,3.0,c,21.224,59644.46800955,5899.47,5773.25,184.0,179.7,-0.5,5.7,178.5,-236.9,377.5,0.9,2.46,2.29,1.0,3.0,-0.4567,-1.6815095533333726,19.16920890800045,18.87,30.0
02a59645o0449c,160.875618125,19.08293,>19.79,0.0,3.0,c,21.149,59645.43855005,5841.84,5847.85,182.0,180.7,2.2,6.2,177.7,-553.4,384.6,1.31,2.5,2.26,1.0,3.0,-0.4277,7.7415847747336315,21.817193456067503,18.78,30.0
02a59645o0496c,160.875618125,19.08293,>19.73,0.0,3.0,c,21.098,59645.46323505,5820.09,5807.97,170.0,180.0,4.7,6.7,178.5,-324.5,396.6,0.93,2.41,2.18,1.0,3.0,-0.4367,16.25287291029837,23.168989042340225,18.76,30.0
02a59645o0502c,160.875618125,19.08293,>19.652913217792996,0.0,1.25,c,21.463,59645.46615185,5878.19,5887.02,181.0,180.2,7.9,6.3,179.0,200.3,434.0,0.93,2.49,2.28,1.0,3.0,-0.4257,20.879496934301642,16.650738061531687,19.1,30.0
02a59645o0512c,160.875618125,19.08293,>19.47813897789703,0.0,1.39,c,21.363,59645.47159315,5899.23,5771.01,178.0,181.0,9.9,7.1,179.5,-174.0,392.5,1.09,2.43,2.21,1.0,3.0,-0.4337,27.33962083422135,19.607202820502177,19.02,30.0
01a59646o0332o,160.875618125,19.08293,>16.83,0.0,3.0,o,18.888,59646.36251175,3806.37,4045.93,161.0,182.6,-6.1,9.0,185.4,1596.2,665.4,1.56,2.83,2.61,1.0,3.0,-0.4957,-239.72621208632938,353.6944112749122,15.8,30.0
01a59646o0338o,160.875618125,19.08293,>18.64,0.0,3.0,o,20.676,59646.36524585,3786.13,4006.94,216.0,180.4,3.3,9.1,180.1,-692.0,618.8,1.1,2.79,2.57,1.0,3.0,-0.4887,24.099609847237996,66.45649988177752,17.66,30.0
01a59646o0345o,160.875618125,19.08293,>18.61,0.0,3.0,o,20.605,59646.36843635,3845.36,4082.19,173.0,180.4,-16.6,8.7,180.1,-316.9,699.3,0.99,2.79,2.58,1.0,3.0,-0.4837,-129.3274583540395,67.78005347470743,17.59,30.0
01a59646o0367o,160.875618125,19.08293,>18.84,0.0,3.0,o,20.771,59646.37858715,3862.16,3965.8,160.0,178.2,-0.7,8.2,178.0,-915.1,589.6,0.92,2.79,2.6,1.0,3.0,-0.4807,-4.703642832893152,55.099816042462635,17.82,30.0
02a59646o0464c,160.875618125,19.08293,>18.0,0.0,3.0,c,19.125,59646.44491515,5829.28,5845.97,172.0,181.7,-4.6,5.2,180.5,-146.5,332.1,1.3,2.46,2.21,1.0,3.0,-0.4367,-101.30805039940003,114.52214392975657,16.75,30.0
02a59646o0508c,160.875618125,19.08293,>20.23,0.0,3.0,c,21.524,59646.46745175,5807.67,5807.04,161.0,180.9,-4.3,6.5,179.3,-578.7,403.6,1.01,2.37,2.14,1.0,3.0,-0.4407,-9.731713619398304,14.710729889788135,19.23,30.0
02a59646o0514c,160.875618125,19.08293,>19.647933350348776,0.0,1.1,c,21.513,59646.47056455,5867.53,5884.69,187.0,180.6,7.9,7.2,177.9,-500.5,475.2,0.84,2.38,2.16,1.0,3.0,-0.4407,18.30697315838968,16.684836296253888,19.22,30.0
02a59646o0525c,160.875618125,19.08293,>20.22,0.0,3.0,c,21.54,59646.47608535,5889.23,5768.97,158.0,181.2,-0.2,6.5,180.1,-295.8,350.9,1.03,2.4,2.17,1.0,3.0,-0.4407,-0.45799392405536143,14.884802531799247,19.22,30.0
01a59647o0249o,160.875618125,19.08293,>16.3,0.0,3.0,o,19.602,59647.34980785,3807.48,4043.27,199.0,172.9,19.1,24.5,168.9,-1101.4,2119.4,1.29,3.09,2.76,1.0,3.0,-0.4737,440.0070895187065,564.4069996444141,16.07,30.0
01a59647o0256o,160.875618125,19.08293,>20.1,0.0,3.0,o,22.085,59647.35304845,3788.97,4005.04,188.0,180.8,-8.9,8.0,181.6,236.8,577.2,1.14,2.91,2.67,1.0,3.0,-0.4767,-19.026241383118716,17.10223944549997,19.04,30.0
01a59647o0263o,160.875618125,19.08293,>20.25,0.0,3.0,o,22.203,59647.35624565,3848.29,4080.85,190.0,182.4,-5.0,7.7,181.2,-608.4,500.5,1.15,2.9,2.71,1.0,3.0,-0.4657,-9.600548333382305,14.784844433408743,19.21,30.0
01a59647o0274o,160.875618125,19.08293,>20.24,0.0,3.0,o,22.194,59647.36131255,3866.95,3964.33,178.0,181.4,-6.3,7.7,182.2,1107.1,512.0,1.08,2.91,2.7,1.0,3.0,-0.4657,-12.194276770669392,14.904116053040369,19.22,30.0
02a59648o0217o,160.875618125,19.08293,>20.35,0.0,3.0,o,22.114,59648.33045125,4738.62,4712.78,177.0,181.4,10.0,11.6,180.8,-583.5,545.1,0.89,2.24,1.96,1.0,3.0,-0.4447,11.419914041870749,13.247100288570069,19.35,30.0
02a59648o0224o,160.875618125,19.08293,>20.35,0.0,3.0,o,22.117,59648.33368105,4754.47,4752.36,190.0,181.6,6.8,11.6,183.5,992.6,540.5,1.09,2.25,1.95,1.0,3.0,-0.4452,7.742563706561713,13.207902793546452,19.38,30.0
02a59648o0231o,160.875618125,19.08293,>20.44,0.0,3.0,o,22.118,59648.33687985,4697.75,4675.4,207.0,181.9,-8.2,11.3,180.5,-627.9,523.8,0.89,2.19,1.9,1.0,3.0,-0.4487,-8.87503988455353,12.230237889689622,19.43,30.0
02a59648o0242o,160.875618125,19.08293,>20.34,0.0,3.0,o,22.12,59648.34195225,4677.94,4791.71,194.0,180.6,9.4,11.7,180.6,420.5,625.4,1.09,2.24,1.96,1.0,3.0,-0.4497,10.724836709349574,13.34899888291383,19.39,30.0
02a59649o0270o,160.875618125,19.08293,>19.886810679117595,0.0,2.42,o,22.124,59649.36837915,4743.98,4715.16,195.0,181.3,28.8,11.9,181.0,432.3,645.5,0.73,2.23,1.95,1.0,3.0,-0.4517,32.48558616008255,13.422863725867439,19.41,30.0
02a59649o0274o,160.875618125,19.08293,>19.989643649225943,0.0,1.35,o,22.124,59649.37021125,4763.24,4753.93,180.0,180.9,14.4,10.7,181.0,1972.5,648.2,1.13,2.26,1.96,1.0,3.0,-0.4477,16.484878397841573,12.249180476173946,19.4,30.0
02a59649o0280o,160.875618125,19.08293,>19.84983425067834,0.0,1.6,o,22.125,59649.37295625,4705.99,4676.27,198.0,180.0,18.6,11.6,178.5,810.5,558.9,0.73,2.29,2.01,1.0,3.0,-0.4517,22.187237347847354,13.837201786829532,19.36,30.0
02a59649o0331o,160.875618125,19.08293,>20.45,0.0,3.0,o,22.128,59649.39864745,4687.41,4795.03,168.0,181.8,-24.2,11.1,183.3,-92.4,648.0,0.94,2.18,1.94,1.0,3.0,-0.4497,-26.401726924472758,12.109883010811885,19.43,30.0
01a59650o0358o,160.875618125,19.08293,>20.12,0.0,3.0,o,22.214,59650.38251225,9915.23,4166.34,180.0,179.8,3.0,9.6,178.1,-806.8,735.9,0.99,2.76,2.6,1.0,3.0,-0.4767,5.259717636367329,16.831096436375457,19.17,30.0
01a59650o0362o,160.875618125,19.08293,>19.674856895297335,0.0,1.28,o,22.216,59650.38433595,9896.59,4126.25,175.0,181.3,11.9,9.3,179.0,858.5,620.8,1.05,2.77,2.61,1.0,3.0,-0.4737,20.923097704222357,16.351664592375457,19.18,30.0
01a59650o0368o,160.875618125,19.08293,>20.12,0.0,3.0,o,22.213,59650.38707055,9956.81,4202.76,194.0,179.0,-5.3,9.6,180.6,774.7,634.4,0.96,2.75,2.6,1.0,3.0,-0.4757,-9.258500549523378,16.770114202910268,19.16,30.0
01a59650o0416o,160.875618125,19.08293,>20.17,0.0,3.0,o,22.217,59650.40966265,566.01,6523.3,182.0,180.8,5.1,9.3,181.0,-116.8,747.4,0.89,2.74,2.58,1.0,3.0,-0.4797,8.808443848315703,16.062456429281575,19.23,30.0
04a59651o0319o,160.875618125,19.08293,>19.75,0.0,3.0,o,21.902,59651.18680205,4744.23,6641.44,180.0,198.5,-5.5,16.6,198.1,1675.9,1046.0,1.34,2.31,1.9,1.0,3.0,-0.3987,-7.316224368372233,22.081695366359828,18.74,30.0
04a59651o0326o,160.875618125,19.08293,>19.332962188881364,0.0,1.95,o,21.903,59651.18999135,4766.22,6677.48,201.0,195.0,32.0,16.4,194.6,803.7,1018.7,1.05,2.34,1.95,1.0,3.0,-0.3877,43.76825100260471,22.431228638834913,18.73,30.0
04a59651o0337o,160.875618125,19.08293,>19.79,0.0,3.0,o,21.888,59651.19528815,4712.65,6595.6,185.0,194.1,-16.4,15.5,196.7,870.6,899.8,1.08,2.23,1.99,1.0,3.0,-0.4157,-22.69658583613473,21.451041491468796,18.75,30.0
04a59651o0410o,160.875618125,19.08293,>19.78,0.0,3.0,o,21.889,59651.23046935,4721.32,6686.33,215.0,193.4,0.9,15.0,191.7,24.8,931.6,1.01,2.36,1.97,1.0,3.0,-0.4007,1.2858179489308308,21.430299148847176,18.81,30.0
01a59651o0278o,160.875618125,19.08293,>19.72,0.0,3.0,o,21.793,59651.34557325,9916.99,4168.76,180.0,177.7,0.3,9.8,177.7,67.2,751.4,0.78,2.7,2.56,1.0,3.0,-0.4967,0.7604728775917786,24.842114001331435,18.61,30.0
01a59651o0282o,160.875618125,19.08293,>19.75,0.0,3.0,o,21.878,59651.34739555,9896.63,4130.67,190.0,175.1,0.8,9.4,175.3,220.7,724.6,1.03,2.89,2.62,1.0,3.0,-0.4817,2.026039304834267,23.80596183180264,18.62,30.0
01a59651o0288o,160.875618125,19.08293,>19.83,0.0,3.0,o,22.0,59651.35013095,9957.71,4207.59,151.0,179.4,-10.9,9.5,178.2,495.9,804.7,1.07,2.91,2.67,1.0,3.0,-0.4777,-25.22257915117629,21.98298182900686,18.74,30.0
01a59651o0310o,160.875618125,19.08293,>19.76,0.0,3.0,o,22.209,59651.36034665,9973.24,4084.4,102.0,180.2,-5.9,10.3,179.0,402.7,927.9,1.05,3.13,2.96,1.0,3.0,-0.4547,-13.14760977250024,22.952606890975005,18.79,30.0
01a59651o0320o,160.875618125,19.08293,None,None,None,o,22.218,59651.36495535,None,None,None,None,None,None,None,None,None,None,None,None,1.0,3.0,-0.4727,None,None,18.87,30.0
02a59657o0413o,160.875618125,19.08293,>19.63,0.0,3.0,o,22.129,59657.40051725,2131.65,9952.09,159.0,181.7,-27.7,25.1,178.9,-78.4,1303.2,0.94,2.15,1.85,1.0,3.0,-0.4437,-28.238960287785186,25.588371957523766,18.74,30.0
02a59657o0421o,160.875618125,19.08293,>19.213830894962065,0.0,1.31,o,22.133,59657.40424455,2112.57,9914.1,241.0,178.0,34.3,26.1,178.8,1897.0,1439.5,1.15,2.02,1.84,1.0,3.0,-0.4527,32.82630934060222,24.978620227105477,18.77,30.0
02a59657o0434o,160.875618125,19.08293,>19.13889719665973,0.0,1.18,o,22.131,59657.41027275,2169.19,9991.52,160.0,178.7,30.5,25.8,175.9,-20.6,1422.4,0.81,2.15,1.88,1.0,3.0,-0.4447,31.568568854069024,26.703904145409208,18.71,30.0
02a59657o0507o,160.875618125,19.08293,>19.58,0.0,3.0,o,22.128,59657.44477655,2180.33,9870.8,178.0,184.2,-11.4,25.2,185.0,1113.9,1466.1,1.01,2.17,1.92,1.0,3.0,-0.4467,-12.218687543714356,27.00973035978963,18.65,30.0
02a59658o0432o,160.875618125,19.08293,>19.96,0.0,3.0,o,22.13,59658.40891035,1893.68,4119.07,212.0,182.4,7.2,17.9,186.2,1487.0,936.8,1.18,2.18,1.89,1.0,3.0,-0.4417,7.582449726082038,18.85081251345395,18.93,30.0
02a59658o0439o,160.875618125,19.08293,>19.99,0.0,3.0,o,22.133,59658.41224815,1874.08,4079.58,171.0,183.5,8.7,16.9,183.9,815.7,1049.2,1.2,2.22,1.91,1.0,3.0,-0.4397,9.385649668952787,18.231894184517486,18.89,30.0
02a59658o0453o,160.875618125,19.08293,>19.55883710441055,0.0,1.94,o,22.132,59658.41872535,1933.17,4157.57,232.0,184.0,34.6,17.8,178.1,-539.9,1028.1,1.22,2.14,1.86,1.0,3.0,-0.4437,35.20153174817265,18.109458529406737,18.91,30.0
02a59658o0475o,160.875618125,19.08293,>19.97,0.0,3.0,o,22.131,59658.42881935,1954.04,4041.0,211.0,184.9,12.5,18.8,184.5,-351.6,1092.3,0.88,2.14,1.82,1.0,3.0,-0.4497,12.524313199533898,18.836567052098985,18.95,30.0
01a59658o0481o,160.875618125,19.08293,>19.75,0.0,3.0,o,22.215,59658.44648425,6405.1,716.3,173.0,181.1,-11.8,13.0,181.6,678.4,1182.9,1.23,2.82,2.63,1.0,3.0,-0.4887,-21.599595066770537,23.7961640566116,18.72,30.0
01a59658o0488o,160.875618125,19.08293,>19.66,0.0,3.0,o,22.217,59658.44973455,6425.91,755.79,195.0,183.1,9.3,13.2,182.2,-900.5,1068.7,1.05,2.88,2.77,1.0,3.0,-0.4537,17.69758270871802,25.11914965108364,18.67,30.0
01a59658o0500o,160.875618125,19.08293,>19.66,0.0,3.0,o,22.213,59658.45525365,6368.42,679.57,221.0,182.3,-15.1,13.8,186.7,1928.3,900.3,1.25,2.83,2.69,1.0,3.0,-0.4737,-28.033311839896644,25.619847906660514,18.69,30.0
01a59658o0524o,160.875618125,19.08293,>19.64,0.0,3.0,o,22.21,59658.46624445,6355.7,798.64,155.0,181.6,-5.5,14.3,183.4,1376.2,912.0,0.96,2.85,2.62,1.0,3.0,-0.4837,-10.136022970912968,26.353659724373717,18.68,30.0
04a59659o0509o,160.875618125,19.08293,>19.057458654341616,0.0,1.74,o,21.904,59659.20948485,6582.91,2646.34,247.0,177.3,33.2,19.1,174.9,3088.7,1175.0,0.72,2.47,2.04,1.0,3.0,-0.3877,50.09841080979071,28.82167609840369,18.55,30.0
04a59659o0516o,160.875618125,19.08293,>19.56,0.0,3.0,o,21.904,59659.21263715,6603.78,2683.56,158.0,176.4,-0.1,18.4,167.5,-2226.9,1076.7,1.04,2.4,1.97,1.0,3.0,-0.3867,-0.14146083366197695,26.028793393803756,18.6,30.0
04a59659o0530o,160.875618125,19.08293,>19.55,0.0,3.0,o,21.901,59659.21914185,6549.95,2603.54,170.0,189.9,18.3,18.3,188.6,185.5,962.9,1.04,2.42,1.97,1.0,3.0,-0.3847,26.127113213577754,26.127113213577754,18.58,30.0
04a59659o0554o,160.875618125,19.08293,>19.117554149519115,0.0,2.19,o,21.893,59659.23015705,6535.9,2715.59,219.0,178.9,41.8,19.1,180.3,-567.5,1008.4,0.87,2.41,1.97,1.0,3.0,-0.3817,59.706043878784456,27.28194827954027,18.53,30.0
01a59659o0464o,160.875618125,19.08293,>19.9,0.0,3.0,o,22.217,59659.42462325,6401.12,717.41,174.0,180.7,-0.7,10.2,183.5,762.5,639.2,0.89,2.99,2.78,1.0,3.0,-0.4627,-1.3994995705576307,20.39270802812548,18.97,30.0
01a59659o0475o,160.875618125,19.08293,>19.92,0.0,3.0,o,22.214,59659.42963475,6420.92,756.11,220.0,181.2,5.6,10.2,179.0,-1193.2,778.1,1.23,2.95,2.74,1.0,3.0,-0.4637,10.92746316170073,19.903593615954904,18.93,30.0
01a59659o0484o,160.875618125,19.08293,>19.8,0.0,3.0,o,21.895,59659.43373865,6364.09,679.86,209.0,181.3,7.0,8.0,183.0,687.3,729.5,0.93,3.07,2.8,1.0,3.0,-0.4637,19.48736825362867,22.271278004147046,18.69,30.0
01a59659o0505o,160.875618125,19.08293,>19.42918924459718,0.0,1.56,o,22.212,59659.44372645,6349.71,798.98,180.0,182.7,15.9,10.2,181.5,-313.5,724.7,1.04,2.98,2.78,1.0,3.0,-0.4617,31.799253845968988,20.399521335149913,18.9,30.0
01a59660o0364o,160.875618125,19.08293,>20.16,0.0,3.0,o,22.216,59660.39911495,6392.96,716.51,189.0,178.8,9.3,9.7,177.9,98.2,756.5,0.82,2.7,2.54,1.0,3.0,-0.4917,15.770271660991405,16.448562915227594,19.19,30.0
02a59660o0371o,160.875618125,19.08293,>19.813945860082647,0.0,1.41,o,22.131,59660.40432905,1896.16,4120.89,207.0,180.6,19.1,13.5,182.2,1034.7,661.2,1.06,2.2,1.89,1.0,3.0,-0.4407,20.26173343873808,14.321120493348905,19.32,30.0
02a59660o0379o,160.875618125,19.08293,>20.27,0.0,3.0,o,22.129,59660.40799555,1876.36,4079.82,139.0,181.9,10.4,13.4,185.5,341.7,714.0,1.16,2.18,1.9,1.0,3.0,-0.4417,11.020522336586138,14.199519164447524,19.32,30.0
02a59660o0394o,160.875618125,19.08293,>19.876382194468803,0.0,2.83,o,22.131,59660.41492405,1934.19,4158.08,200.0,180.3,34.8,12.3,179.6,1148.6,684.3,1.03,2.25,1.93,1.0,3.0,-0.4377,38.44835968815384,13.589506441502653,19.29,30.0
01a59660o0419o,160.875618125,19.08293,>19.64374064383154,0.0,1.55,o,22.213,59660.42485955,6419.99,757.2,182.0,180.9,15.2,9.8,181.7,1063.4,763.1,1.16,2.73,2.54,1.0,3.0,-0.4897,26.08547184829622,16.81826474429625,19.14,30.0
02a59660o0420o,160.875618125,19.08293,>19.781688279740774,0.0,1.79,o,22.128,59660.42701115,1953.64,4038.86,249.0,181.6,23.5,13.1,181.9,1229.9,689.6,0.92,2.28,1.95,1.0,3.0,-0.4377,26.656066667835084,14.859339291431471,19.32,30.0
01a59660o0429o,160.875618125,19.08293,19.56,0.3,3.14,o,22.199,59660.42957935,6362.44,680.54,218.0,181.8,30.5,9.7,181.2,908.9,610.8,1.08,2.77,2.57,1.0,3.0,-0.4897,54.434153924092186,17.31184567421948,19.1,30.0
01a59660o0450o,160.875618125,19.08293,>19.651602664034172,0.0,1.41,o,22.143,59660.43937655,6347.4,798.96,201.0,180.7,12.0,8.5,181.7,584.3,576.1,1.0,2.82,2.66,1.0,3.0,-0.4817,23.586892965787214,16.70738251743261,19.07,30.0
02a59661o0408o,160.875618125,19.08293,19.64,0.22,4.35,o,22.048,59661.40077775,1898.01,4121.37,210.0,181.7,44.4,10.2,182.7,799.4,510.7,0.96,2.2,1.88,1.0,3.0,-0.4417,50.62001219867998,11.628921721318374,19.52,30.0
02a59661o0415o,160.875618125,19.08293,20.12,0.29,3.21,o,22.131,59661.40398555,1879.03,4082.45,220.0,180.9,30.8,9.6,180.2,657.6,491.9,1.01,2.21,1.87,1.0,3.0,-0.4397,32.444668563000135,10.112623967688352,19.57,30.0
02a59661o0427o,160.875618125,19.08293,19.69,0.22,4.49,o,22.129,59661.40947255,1937.49,4159.85,206.0,182.1,47.1,10.5,180.8,259.4,594.1,0.95,2.17,1.84,1.0,3.0,-0.4437,48.20112884075756,10.745474582334488,19.54,30.0
02a59661o0452o,160.875618125,19.08293,>19.27419235709985,0.0,1.77,o,21.393,59661.42093075,1957.22,4042.39,181.0,185.0,20.3,11.5,184.5,444.9,637.6,1.21,2.19,1.85,1.0,3.0,-0.4457,41.5978252783352,23.56527047787462,18.62,30.0
02a59662o0154c,160.875618125,19.08293,>16.585774391355663,0.0,1.61,c,20.104,59662.40309315,1896.63,4122.49,233.0,176.3,47.4,29.4,175.6,4274.8,1657.2,1.13,2.53,2.36,1.0,3.0,-0.4067,452.65738596153585,280.76217610272477,17.5,30.0
02a59662o0161c,160.875618125,19.08293,19.25,0.3,3.18,c,20.858,59662.40630095,1877.17,4083.91,182.0,184.4,14.0,4.4,184.4,525.4,273.4,1.33,2.66,2.44,1.0,3.0,-0.4007,72.17025568634092,22.682080358564296,18.26,30.0
01a59662o0097o,160.875618125,19.08293,>19.907359409449878,0.0,1.94,o,22.206,59662.42067115,6394.81,707.36,178.0,180.6,13.2,6.8,181.3,318.0,514.8,0.91,2.93,2.72,1.0,3.0,-0.4607,25.513450692061532,13.143292780758971,19.38,30.0
01a59662o0105o,160.875618125,19.08293,19.44,0.22,4.52,o,22.205,59662.42440145,6415.97,747.23,217.0,181.8,31.2,6.9,182.5,691.2,492.0,1.04,2.94,2.75,1.0,3.0,-0.4497,60.616849910835725,13.40564949951175,19.36,30.0
02a59662o0203c,160.875618125,19.08293,>17.6,0.0,3.0,c,19.543,59662.42595565,1955.86,4042.61,179.0,181.1,-4.0,10.1,179.7,-855.4,592.1,1.17,2.52,2.35,1.0,3.0,-0.4027,-63.28301172679097,159.78960461014717,16.94,30.0
01a59662o0122o,160.875618125,19.08293,19.33,0.19,5.11,o,22.2,59662.43248685,6360.52,672.37,224.0,181.4,36.3,7.1,180.9,622.1,423.9,0.92,2.87,2.64,1.0,3.0,-0.4677,67.50737080119642,13.203921010702329,19.35,30.0
01a59662o0157o,160.875618125,19.08293,19.15,0.2,5.01,o,22.201,59662.44970125,6347.43,791.59,247.0,181.1,43.6,8.7,178.7,-427.4,548.5,1.03,2.81,2.64,1.0,3.0,-0.4647,79.09617487246133,15.782952325468202,19.27,30.0
04a59663o0255o,160.875618125,19.08293,19.21,0.19,5.21,o,21.942,59663.10869995,3988.31,7906.57,242.0,180.5,55.7,10.7,177.6,-993.7,620.6,0.88,2.33,1.93,1.0,3.0,-0.4267,75.08050247851092,14.423004964453623,19.33,30.0
04a59663o0263o,160.875618125,19.08293,19.3,0.19,5.1,o,21.943,59663.11239325,3968.17,7867.29,224.0,181.1,51.5,10.1,180.6,335.1,444.7,1.22,2.31,1.93,1.0,3.0,-0.4367,69.39613180629944,13.60972682026455,19.31,30.0
04a59663o0269o,160.875618125,19.08293,19.4,0.21,4.72,o,21.946,59663.11509665,4025.9,7943.79,234.0,181.3,47.7,10.1,180.0,452.0,542.4,1.26,2.31,1.91,1.0,3.0,-0.4297,63.02639565481478,13.34521165856665,19.32,30.0
04a59663o0296o,160.875618125,19.08293,19.62,0.25,3.87,o,21.943,59663.12731095,4049.46,7825.2,219.0,180.3,39.9,10.3,179.7,-63.7,524.4,1.05,2.24,1.93,1.0,3.0,-0.4277,51.70552692242618,13.347542037618792,19.34,30.0
02a59664o0213c,160.875618125,19.08293,19.24,0.16,6.23,c,22.137,59664.31330585,8698.97,6459.4,207.0,178.9,43.0,6.9,180.7,1601.4,534.0,1.03,2.75,2.51,1.0,3.0,-0.4077,73.05225327673814,11.722338316499844,19.52,30.0
02a59664o0219c,160.875618125,19.08293,19.24,0.15,6.82,c,22.144,59664.31611275,8718.54,6499.4,233.0,179.8,45.7,6.7,178.9,433.9,451.2,0.9,2.65,2.45,1.0,3.0,-0.4117,72.82607493264669,10.676908141110124,19.53,30.0
01a59664o0437o,160.875618125,19.08293,19.0,0.14,7.3,o,22.189,59664.41248635,2770.28,4868.99,229.0,181.0,48.9,6.7,179.3,740.0,489.6,1.01,2.85,2.63,1.0,3.0,-0.4707,91.13143583143372,12.486311248887647,19.44,30.0
01a59664o0444o,160.875618125,19.08293,18.98,0.14,7.42,o,22.187,59664.41567615,2790.75,4908.01,235.0,182.0,49.7,6.7,182.8,899.4,426.1,0.95,2.85,2.64,1.0,3.0,-0.4727,93.31767737144921,12.580049062147076,19.41,30.0
01a59664o0456o,160.875618125,19.08293,19.08,0.15,6.88,o,22.18,59664.42121885,2732.25,4831.06,243.0,181.6,46.8,6.8,181.1,900.9,418.1,1.26,2.81,2.55,1.0,3.0,-0.4827,85.00629712014221,12.351342316601862,19.44,30.0
01a59664o0480o,160.875618125,19.08293,18.91,0.15,6.85,o,22.084,59664.43219785,2716.98,4948.6,206.0,181.4,49.3,7.2,178.1,-393.5,534.4,1.17,2.8,2.59,1.0,3.0,-0.4827,99.00644347129563,14.459358884246015,19.34,30.0
02a59664o0288c,160.875618125,19.08293,19.19,0.16,6.33,c,22.127,59664.45818215,1926.81,4160.64,241.0,179.6,43.7,6.9,180.4,1164.0,474.6,0.89,2.79,2.56,1.0,3.0,-0.3917,76.39841539741275,12.062907694328326,19.45,30.0
02a59664o0300c,160.875618125,19.08293,19.49,0.2,4.93,c,22.123,59664.46371155,1947.56,4043.96,193.0,180.4,33.5,6.8,180.1,559.8,512.2,0.96,2.76,2.54,1.0,3.0,-0.3947,57.85572644247802,11.743848949517925,19.46,30.0
02a59665o0377c,160.875618125,19.08293,18.87,0.11,9.23,c,22.189,59665.38786205,1892.78,4117.82,249.0,180.8,79.4,8.6,177.7,162.2,538.6,1.06,2.45,2.24,1.0,3.0,-0.4147,102.89478176929808,11.144774851586439,19.63,30.0
02a59665o0384c,160.875618125,19.08293,19.04,0.12,8.26,c,22.188,59665.39106215,1874.15,4078.86,244.0,180.8,67.7,8.2,178.7,49.0,509.2,1.1,2.45,2.24,1.0,3.0,-0.4147,87.81354638523274,10.636205027458027,19.62,30.0
02a59665o0395c,160.875618125,19.08293,18.8,0.1,9.87,c,22.187,59665.39625095,1933.88,4158.83,231.0,180.1,82.9,8.4,178.1,14.5,490.3,0.81,2.49,2.26,1.0,3.0,-0.4107,109.95653914477283,11.141555233004727,19.59,30.0
02a59665o0470c,160.875618125,19.08293,19.11,0.13,7.65,c,22.179,59665.43147485,1947.9,4039.95,222.0,181.4,60.4,7.9,179.6,149.3,418.6,0.79,2.5,2.3,1.0,3.0,-0.4087,82.312070955784,10.765982790574398,19.61,30.0
02a59666o0402c,160.87563,19.0829183333333,18.98,0.11,9.16,c,22.19,59666.39812305,7828.66,7712.95,233.0,180.0,73.3,8.0,180.7,772.8,439.6,1.05,2.43,2.22,1.0,3.0,-0.4147,93.28718066282215,10.181411259243891,19.68,30.0
02a59666o0409c,160.87563,19.0829183333333,18.83,0.1,10.36,c,22.19,59666.40132495,7809.75,7673.95,254.0,180.3,82.9,8.0,178.2,486.5,510.8,0.79,2.44,2.23,1.0,3.0,-0.4147,106.416253541524,10.269361017276138,19.63,30.0
02a59666o0420c,160.87563,19.0829183333333,18.91,0.11,9.0,c,22.19,59666.40666395,7866.54,7752.33,254.0,179.5,76.5,8.5,180.1,1504.2,558.9,1.13,2.46,2.24,1.0,3.0,-0.4127,99.26663630686849,11.029626256318721,19.66,30.0
02a59666o0445c,160.87563,19.0829183333333,19.15,0.13,8.08,c,22.188,59666.41829345,7886.52,7636.11,223.0,179.0,61.4,7.6,180.1,890.7,524.0,1.31,2.47,2.24,1.0,3.0,-0.4077,79.77596899142732,9.874549907733673,19.63,30.0
01a59666o0162o,160.87563,19.0829183333333,18.83,0.13,7.96,o,22.213,59666.42352195,2771.59,4862.88,264.0,182.0,61.3,7.7,181.0,40.0,459.1,1.02,2.77,2.54,1.0,3.0,-0.4847,106.25092154076584,13.346363717192448,19.36,30.0
01a59666o0172o,160.87563,19.0829183333333,18.93,0.15,6.95,o,22.215,59666.42812395,2793.6,4903.6,237.0,181.7,52.8,7.6,180.2,-139.2,552.4,0.83,2.86,2.67,1.0,3.0,-0.4617,97.0666323333856,13.971712229805505,19.35,30.0
01a59666o0188o,160.87563,19.0829183333333,18.81,0.13,7.66,o,22.212,59666.43542225,2735.19,4826.69,239.0,181.9,60.5,7.9,183.3,1556.6,502.9,0.96,2.82,2.61,1.0,3.0,-0.4727,108.59347619564657,14.179974577613354,19.34,30.0
01a59666o0222o,160.87563,19.0829183333333,18.92,0.15,6.54,o,22.204,59666.45097005,2722.89,4944.03,252.0,181.0,58.2,8.9,181.6,1077.2,508.8,1.11,2.71,2.48,1.0,3.0,-0.4947,98.06244145075338,14.995802902262971,19.37,30.0
04a59667o0271o,160.875628928571,19.0829175,18.7,0.11,8.95,o,21.925,59667.09239705,3912.16,5976.62,271.0,183.7,75.2,8.4,186.1,2445.9,542.5,1.17,2.58,2.08,1.0,3.0,-0.4037,120.29833785546307,13.437580292365556,19.29,30.0
04a59667o0274o,160.875628928571,19.0829175,18.94,0.14,7.36,o,21.924,59667.09374805,3893.02,5937.66,239.0,184.1,62.6,8.5,185.3,1195.6,532.8,1.06,2.48,2.06,1.0,3.0,-0.4157,96.48326235355417,13.100762460147132,19.27,30.0
04a59667o0286o,160.875628928571,19.0829175,19.03,0.15,6.77,o,21.926,59667.09922565,3951.15,6014.14,242.0,185.0,58.9,8.7,184.8,355.1,577.8,1.02,2.47,2.03,1.0,3.0,-0.4157,88.93383723162856,13.136237417914575,19.28,30.0
04a59667o0307o,160.875628928571,19.0829175,18.74,0.11,9.11,o,21.928,59667.10881825,3973.05,5896.56,245.0,184.0,74.7,8.2,184.4,1541.7,465.2,1.0,2.52,2.07,1.0,3.0,-0.4067,116.15829623368701,12.75097763207809,19.26,30.0
01a59667o0428o,160.875628928571,19.0829175,>17.737886719268552,0.0,1.62,o,20.045,59667.40851275,2769.49,4865.58,204.0,180.1,12.6,7.8,178.3,-53.5,485.0,0.96,2.69,2.55,1.0,3.0,-0.4847,156.82733080113348,97.08358573403501,17.14,30.0
01a59667o0435o,160.875628928571,19.0829175,>18.330779568447156,0.0,2.15,o,20.583,59667.41171115,2789.51,4904.54,187.0,182.2,15.3,7.1,181.6,9.4,476.2,1.07,2.77,2.61,1.0,3.0,-0.4717,120.82879725951193,56.07087977402187,17.71,30.0
01a59667o0447o,160.875628928571,19.0829175,18.68,0.22,4.47,o,21.401,59667.41722585,2730.71,4828.11,243.0,182.0,33.1,7.4,181.4,402.1,426.3,1.29,2.76,2.6,1.0,3.0,-0.4747,122.48112566281611,27.3824873083033,18.57,30.0
01a59667o0473o,160.875628928571,19.0829175,18.43,0.25,3.94,o,21.163,59667.42910495,2713.71,4946.12,214.0,180.9,32.7,8.3,180.2,55.4,622.5,0.78,2.8,2.62,1.0,3.0,-0.4757,154.15791244013684,39.12876676615095,18.36,30.0
02a59668o0249c,160.87562875,19.082929375,>17.82,0.0,3.0,c,19.671,59668.32857015,2783.58,2912.67,176.0,181.5,1.6,9.4,181.2,415.7,567.7,1.29,2.52,2.33,1.0,3.0,-0.4107,22.47166178250394,132.02101297221068,16.96,30.0
02a59668o0261c,160.87562875,19.082929375,18.39,0.22,4.44,c,20.779,59668.33413405,2726.02,2833.5,201.0,181.9,34.6,7.8,179.8,468.5,462.4,0.86,2.41,2.23,1.0,3.0,-0.4097,160.16099186479565,36.10565712558977,18.11,30.0
02a59668o0290c,160.87562875,19.082929375,18.9,0.14,7.36,c,21.844,59668.34747645,2708.71,2951.72,230.0,180.4,55.2,7.5,183.5,787.4,421.7,0.97,2.47,2.28,1.0,3.0,-0.4097,100.39905458661299,13.641175894920245,19.25,30.0
02a59669o0383c,160.87562875,19.082929375,18.71,0.09,11.19,c,22.182,59669.39008035,7823.38,7710.77,254.0,181.9,87.3,7.8,181.0,2229.9,432.2,1.35,2.52,2.28,1.0,3.0,-0.4127,118.98942798824262,10.631357827128209,19.66,30.0
02a59669o0390c,160.87562875,19.082929375,18.63,0.09,11.91,c,22.179,59669.39327975,7804.35,7671.92,222.0,180.3,94.1,7.9,178.7,757.0,470.9,1.14,2.5,2.29,1.0,3.0,-0.4127,128.1515489235489,10.758737901126846,19.65,30.0
02a59669o0402c,160.87562875,19.082929375,18.59,0.08,12.44,c,22.18,59669.39880335,7861.74,7748.88,276.0,178.8,100.8,8.1,178.6,524.5,526.5,1.2,2.46,2.25,1.0,3.0,-0.4167,133.08738830970796,10.694522274887246,19.65,30.0
02a59669o0423c,160.875631621622,19.0829356756757,18.67,0.09,11.78,c,22.178,59669.40860065,7881.66,7633.73,252.0,177.9,93.1,7.9,177.9,1331.1,493.3,1.07,2.47,2.25,1.0,3.0,-0.4117,123.08011621118104,10.443962600089476,19.67,30.0
01a59670o0198o,160.875631621622,19.0829356756757,18.49,0.09,11.46,o,22.201,59670.30267125,7769.82,5732.84,271.0,182.3,80.2,7.0,181.2,1532.4,473.1,1.32,2.84,2.58,1.0,3.0,-0.4767,145.30185527076424,12.682206819144008,19.39,30.0
01a59670o0202o,160.875631621622,19.0829356756757,18.45,0.09,11.26,o,22.204,59670.30449415,7750.65,5693.13,264.0,182.1,83.3,7.4,180.3,575.6,456.6,1.15,2.83,2.59,1.0,3.0,-0.4777,150.6919130373092,13.3867965963516,19.41,30.0
01a59670o0210o,160.875631621622,19.0829356756757,18.46,0.09,11.14,o,22.207,59670.30814215,7810.19,5769.12,259.0,182.0,82.4,7.4,181.2,1736.8,458.0,1.11,2.83,2.62,1.0,3.0,-0.4727,149.6834152986698,13.442442636045586,19.4,30.0
01a59670o0233o,160.875631621622,19.0829356756757,18.35,0.09,12.01,o,22.208,59670.31866085,7827.9,5651.68,254.0,181.2,91.3,7.6,179.7,1248.7,477.9,1.14,2.83,2.62,1.0,3.0,-0.4697,165.24078506511023,13.754983203667447,19.4,30.0
02a59670o0110c,160.87564195122,19.0829368292683,18.57,0.1,10.84,c,22.182,59670.37843135,7835.03,7713.55,253.0,179.6,81.3,7.5,179.4,855.9,488.8,0.77,2.78,2.56,1.0,3.0,-0.4027,135.998479261203,12.545985171697694,19.53,30.0
02a59670o0117c,160.87564195122,19.0829368292683,18.59,0.1,10.84,c,22.181,59670.38162905,7815.81,7675.7,267.0,179.1,74.8,6.9,178.6,793.4,587.5,1.25,2.89,2.63,1.0,3.0,-0.3967,133.0190783441952,12.270476478274695,19.5,30.0
02a59670o0127c,160.87564195122,19.0829368292683,18.54,0.08,12.65,c,22.18,59670.38712195,7871.56,7751.48,273.0,180.8,89.8,7.1,180.5,776.7,419.9,0.97,2.68,2.45,1.0,3.0,-0.4047,139.10282829755556,10.9981078052633,19.57,30.0
02a59670o0155c,160.87564195122,19.0829368292683,18.61,0.09,11.6,c,22.18,59670.40022275,7891.28,7638.82,251.0,179.4,94.0,8.1,178.3,962.9,536.3,1.22,2.54,2.31,1.0,3.0,-0.4107,130.83751753850072,11.274296724062296,19.63,30.0
01a59671o0308o,160.875652391304,19.082947826087,18.37,0.09,12.16,o,22.21,59671.35506105,2753.9,4864.9,231.0,180.8,90.0,7.4,179.8,1255.9,500.6,0.74,2.83,2.63,1.0,3.0,-0.4727,163.66033610250113,13.456516523983424,19.41,30.0
01a59671o0374o,160.875652391304,19.082947826087,18.52,0.1,10.44,o,22.216,59671.38630205,2780.98,4904.54,270.0,181.0,73.1,7.0,180.5,1912.0,523.2,1.03,2.97,2.75,1.0,3.0,-0.4507,142.15602312195378,13.612751872143319,19.39,30.0
01a59671o0394o,160.875652391304,19.082947826087,18.38,0.09,12.21,o,22.214,59671.39546305,2724.73,4828.54,294.0,181.0,89.1,7.3,180.4,913.8,482.3,1.03,2.85,2.64,1.0,3.0,-0.4637,161.8397639011217,13.25959906260593,19.4,30.0
01a59671o0402o,160.875652391304,19.082947826087,18.43,0.1,10.86,o,22.193,59671.39911345,2708.03,4944.66,279.0,180.3,76.0,7.0,179.0,1115.7,601.5,1.07,2.98,2.78,1.0,3.0,-0.4557,153.82729300403304,14.168303303003041,19.3,30.0
01a59672o0297o,160.875652391304,19.082947826087,18.55,0.12,8.83,o,22.21,59672.35199745,2552.33,977.67,288.0,181.2,75.9,8.6,180.9,1474.0,579.1,1.11,2.81,2.63,1.0,3.0,-0.4797,137.9312238162505,15.628570814489516,19.33,30.0
01a59672o0304o,160.87566,19.082951509434,18.32,0.09,11.73,o,22.208,59672.35597665,2572.54,1015.95,286.0,181.1,91.5,7.8,181.3,1644.7,534.7,1.05,2.86,2.68,1.0,3.0,-0.4687,171.0332965384112,14.579887573766202,19.32,30.0
01a59672o0369o,160.87566,19.082951509434,18.34,0.09,11.19,o,22.211,59672.38696215,2521.48,939.62,259.0,180.2,96.2,8.6,181.4,2443.9,614.9,1.03,2.73,2.58,1.0,3.0,-0.4817,166.76932475818936,14.908692234100087,19.39,30.0
01a59672o0429o,160.87566,19.082951509434,18.52,0.12,8.65,o,21.923,59672.41548455,2511.55,1059.67,256.0,182.3,57.1,6.6,182.2,619.9,455.9,1.37,2.92,2.68,1.0,3.0,-0.4667,141.42054253433284,16.34633241202446,19.08,30.0
03a59673o0239c,160.87566,19.082951509434,18.4,0.08,13.18,c,22.115,59672.82260285,5850.22,9722.0,270.0,181.4,87.0,6.6,180.4,1542.7,400.3,1.53,2.9,2.56,1.0,3.0,-0.3787,157.94866556707095,11.982312560260555,19.46,30.0
03a59673o0245c,160.87566,19.082951509434,18.48,0.08,12.85,c,22.118,59672.82533595,5830.86,9683.3,264.0,181.7,84.8,6.6,182.3,8718.6,392.5,1.05,2.79,2.55,1.0,3.0,-0.3767,146.85846388391244,11.430021953229033,19.53,30.0
03a59673o0255c,160.87566,19.082951509434,18.49,0.09,11.1,c,22.121,59672.82988835,5885.55,9763.43,267.0,181.7,74.4,6.7,182.6,1462.0,449.6,0.81,3.1,2.59,1.0,3.0,-0.3807,145.5436086502675,13.106749703720322,19.46,30.0
03a59673o0278c,160.87566,19.082951509434,18.34,0.07,15.31,c,22.122,59672.84038335,5906.14,9649.5,274.0,181.4,107.2,7.0,179.8,879.0,384.0,1.06,2.68,2.38,1.0,3.0,-0.3887,167.67382889330608,10.948850767286777,19.6,30.0
02a59673o0358c,160.87566,19.0829531481482,>17.507156598089278,0.0,1.31,c,19.745,59673.38060015,7811.41,7674.39,149.0,163.6,12.8,9.8,162.6,172.2,617.7,1.24,2.43,2.28,1.0,3.0,-0.4057,157.7283773657057,120.76078892061845,17.04,30.0
02a59673o0431c,160.87566,19.0829531481482,18.47,0.11,9.05,c,21.76,59673.41552555,7868.13,7753.27,245.0,177.5,70.6,7.8,177.1,578.5,542.6,0.98,2.58,2.35,1.0,3.0,-0.4027,148.40584790265837,16.396113507659138,19.13,30.0
02a59673o0459c,160.87566,19.0829531481482,17.47,0.19,5.24,c,20.427,59673.42947825,7889.86,7638.67,186.0,149.4,48.7,9.3,145.8,-496.5,736.8,1.02,2.66,2.48,1.0,3.0,-0.3847,373.95644622677355,71.4126273081929,17.65,30.0
04a59675o0247o,160.875660517241,19.0829537931035,18.31,0.1,10.91,o,21.911,59675.07046745,5835.82,5876.73,292.0,180.5,99.3,9.1,178.7,665.3,616.0,1.18,2.56,2.23,1.0,3.0,-0.4077,171.81173447024221,15.745083420737203,19.13,30.0
04a59675o0253o,160.875660517241,19.0829537931035,18.3,0.1,10.88,o,21.89,59675.07316985,5817.0,5838.15,286.0,178.8,103.4,9.5,178.7,1232.0,604.2,1.08,2.49,2.19,1.0,3.0,-0.4087,174.39046912816536,16.022335171349813,19.14,30.0
04a59675o0264o,160.875660517241,19.0829537931035,18.47,0.11,9.53,o,21.912,59675.07814685,5876.6,5914.78,265.0,179.3,92.4,9.7,180.6,1471.5,617.4,1.1,2.5,2.12,1.0,3.0,-0.4087,148.4248388607573,15.581395421529715,19.19,30.0
04a59675o0288o,160.875660517241,19.0829537931035,18.4,0.1,10.7,o,21.915,59675.08896505,5899.27,5797.24,295.0,177.4,109.1,10.2,178.8,1263.0,526.3,0.96,2.39,1.99,1.0,3.0,-0.4197,158.42892421940985,14.81187009200715,19.24,30.0
02a59676o0263c,160.87566516129,19.0829551612903,18.47,0.08,13.08,c,22.165,59676.36616425,7733.31,3839.76,273.0,178.7,109.9,8.4,178.5,790.5,576.2,0.74,2.48,2.28,1.0,3.0,-0.4087,149.19111699514755,11.403142700266054,19.52,30.0
02a59676o0270c,160.87566516129,19.0829551612903,18.58,0.09,12.14,c,22.164,59676.36937085,7713.97,3801.19,269.0,179.7,95.9,7.9,180.5,1649.7,451.7,1.33,2.52,2.31,1.0,3.0,-0.4087,134.14975168728756,11.050918022206172,19.5,30.0
02a59676o0282c,160.87566516129,19.0829551612903,18.56,0.09,12.05,c,22.165,59676.37489845,7771.99,3879.16,259.0,179.9,98.8,8.2,181.3,1979.3,523.4,1.18,2.51,2.3,1.0,3.0,-0.4037,136.30671373395367,11.312905390874699,19.52,30.0
02a59676o0311c,160.87566516129,19.0829551612903,18.36,0.08,13.9,c,22.162,59676.38819205,7792.6,3763.77,299.0,181.0,120.9,8.7,180.6,772.0,475.7,1.13,2.48,2.27,1.0,3.0,-0.4097,164.00707535762263,11.801997978588226,19.55,30.0
03a59677o0359c,160.875666515152,19.0829634848485,18.58,0.12,8.71,c,22.122,59676.87425715,4675.54,836.11,218.0,182.1,30.5,3.5,183.0,1728.3,385.0,1.12,4.67,4.14,1.0,3.0,-0.3097,134.45464374277358,15.429221413105164,19.06,30.0
03a59677o0365c,160.875666515152,19.0829634848485,18.51,0.12,8.53,c,22.123,59676.87708825,4692.78,876.27,211.0,181.8,27.3,3.2,182.0,1128.1,336.2,1.02,5.31,4.62,1.0,3.0,-0.2407,143.17193314559572,16.782058097652246,18.94,30.0
03a59677o0376c,160.875666515152,19.0829634848485,18.43,0.1,10.41,c,22.122,59676.88214635,4634.8,797.89,245.0,183.6,38.5,3.7,183.5,1323.9,398.1,1.22,4.45,3.86,1.0,3.0,-0.3307,153.7328896285647,14.774329652615307,19.14,30.0
02a59677o0205c,160.875666515152,19.0829634848485,18.5,0.1,9.88,c,22.159,59677.31350925,2862.22,6749.5,297.0,179.9,107.7,10.9,181.7,2252.2,640.3,0.86,2.46,2.24,1.0,3.0,-0.4137,143.9320708777998,14.566941249470913,19.29,30.0
02a59677o0209c,160.875668082192,19.0829663013699,18.43,0.1,10.41,c,22.152,59677.31533605,2882.2,6789.07,290.0,180.4,117.6,11.3,180.1,2187.5,764.1,0.92,2.43,2.21,1.0,3.0,-0.4157,154.4417145364418,14.840062706307759,19.34,30.0
02a59677o0216c,160.875668082192,19.0829663013699,18.6,0.11,9.12,c,22.159,59677.31853585,2825.0,6712.06,248.0,179.9,99.4,10.9,178.6,361.3,644.4,1.19,2.45,2.24,1.0,3.0,-0.4127,132.17801708939584,14.494370083243606,19.33,30.0
02a59677o0258c,160.875668082192,19.0829663013699,18.51,0.11,9.65,c,22.147,59677.33858255,2809.36,6831.07,281.0,181.8,104.2,10.8,182.4,1275.9,643.8,1.16,2.47,2.27,1.0,3.0,-0.4127,143.1361312412802,14.835606692954187,19.29,30.0
02a59678o0113c,160.875668082192,19.0829663013699,18.51,0.14,7.24,c,22.166,59678.26961815,2865.57,6748.3,273.0,178.5,102.8,14.2,181.0,2197.4,967.7,1.16,2.41,2.41,1.0,3.0,-0.4077,143.08231068044108,19.764288051189332,18.98,30.0
02a59678o0118c,160.875668082192,19.0829663013699,18.51,0.14,7.38,c,22.167,59678.27217405,2885.24,6787.56,262.0,179.8,104.8,14.2,180.5,2333.2,933.0,1.37,2.53,2.25,1.0,3.0,-0.4107,143.22639708453968,19.4066301393174,18.97,30.0
02a59678o0124c,160.875668082192,19.0829663013699,18.47,0.13,7.73,c,22.168,59678.27491485,2827.31,6712.84,259.0,181.1,110.6,14.3,178.6,765.4,919.7,0.92,2.48,2.26,1.0,3.0,-0.4147,149.2361347618631,19.29544961206729,18.98,30.0
02a59678o0136c,160.875668082192,19.0829663013699,18.69,0.16,6.49,c,22.17,59678.28060785,2807.73,6826.81,268.0,178.4,92.8,14.3,181.2,1647.3,882.3,0.89,2.46,2.21,1.0,3.0,-0.4137,121.1250870808554,18.66474941008871,19.05,30.0
01a59679o0091o,160.875667162162,19.0829712162162,>17.65,0.0,3.0,o,20.889,59679.26557135,7952.35,9610.59,205.0,212.5,-8.2,24.7,222.3,2992.6,2232.1,0.96,2.95,2.72,1.0,3.0,-0.4917,-55.228534295149544,166.3591215963651,16.29,30.0
01a59679o0095o,160.875667162162,19.0829712162162,>17.54,0.0,3.0,o,21.157,59679.26739575,7933.81,9571.32,241.0,186.3,28.7,34.4,178.7,-4158.6,2742.2,0.93,2.98,2.73,1.0,3.0,-0.4887,152.69314951318518,183.01896666388745,16.68,30.0
01a59679o0103o,160.875667162162,19.0829712162162,>15.72,0.0,3.0,o,19.84,59679.27104225,7996.05,9650.55,210.0,196.5,45.1,54.5,184.6,-2935.6,4537.7,0.79,2.93,2.78,1.0,3.0,-0.4927,811.0501396883462,980.0938495125247,15.13,30.0
01a59679o0120o,160.875667162162,19.0829712162162,18.5,0.16,6.22,o,22.085,59679.27911805,8013.27,9531.03,266.0,179.7,67.8,10.9,177.7,1425.3,933.1,1.29,2.88,2.66,1.0,3.0,-0.4917,144.89805755647046,23.294820462618404,18.65,30.0
01a59684o0339o,160.875663733333,19.0829718666667,18.37,0.23,4.16,o,22.206,59684.40360895,8565.71,4441.03,244.0,180.2,90.7,21.8,180.7,639.8,1836.5,0.88,2.79,2.57,1.0,3.0,-0.4987,163.34406486977846,39.26020522779682,18.27,30.0
01a59684o0346o,160.875663733333,19.0829718666667,18.68,0.31,3.04,o,22.206,59684.40754385,8586.67,4479.48,214.0,178.1,61.2,20.1,176.3,548.5,1401.9,1.04,2.95,2.78,1.0,3.0,-0.4717,122.9637160350988,40.385142031135395,18.19,30.0
01a59684o0386o,160.875663733333,19.0829718666667,18.2,0.21,4.68,o,22.198,59684.42671985,8533.17,4407.8,279.0,175.0,96.5,20.6,177.6,3685.6,1603.2,1.26,2.92,2.72,1.0,3.0,-0.4827,191.08993561858665,40.79225568645478,18.12,30.0
01a59684o0393o,160.875663733333,19.0829718666667,18.21,0.22,4.38,o,22.195,59684.43046645,8513.65,4525.9,251.0,176.3,93.7,21.4,171.9,-2574.4,1800.7,1.01,2.95,2.73,1.0,3.0,-0.4847,189.00922405308944,43.16752822557218,18.14,30.0
04a59687o0404o,160.875667105263,19.0829732894737,18.53,0.19,5.11,o,21.922,59687.14143405,8448.91,582.76,205.0,175.4,109.8,21.5,183.8,3871.7,1209.2,1.19,2.32,1.86,1.0,3.0,-0.3947,140.46302415665394,27.50414407439034,18.56,30.0
04a59687o0415o,160.875667105263,19.0829732894737,>19.069090537445824,0.0,1.96,o,21.921,59687.14644475,8469.92,619.35,240.0,176.5,41.6,21.2,176.3,464.4,1399.6,0.92,2.4,1.92,1.0,3.0,-0.3777,55.99697237056635,28.536918611923234,18.52,30.0
04a59687o0430o,160.875667105263,19.0829732894737,>19.049771704025307,0.0,1.36,o,21.914,59687.15328695,8415.79,538.81,157.0,179.9,30.7,22.6,182.6,439.3,1239.3,1.02,2.29,1.88,1.0,3.0,-0.3957,39.508491904791924,29.08442726541686,18.52,30.0
04a59687o0456o,160.875667105263,19.0829732894737,18.76,0.26,3.72,o,21.904,59687.16511845,8399.48,653.27,243.0,180.6,87.4,23.5,188.3,2239.2,1123.0,1.04,2.32,1.88,1.0,3.0,-0.3827,113.63601935318152,30.554307263155213,18.48,30.0
02a59689o0207o,160.875666375,19.082973,18.82,0.12,8.22,o,22.101,59689.32279995,2507.96,1408.23,278.0,178.5,97.8,11.9,176.7,-342.5,683.3,0.97,2.2,1.91,1.0,3.0,-0.4437,108.08206860318421,13.151090147013214,19.45,30.0
02a59689o0214o,160.875666375,19.082973,18.74,0.11,9.01,o,22.101,59689.32601095,2487.7,1370.1,290.0,181.2,102.7,11.4,181.2,601.2,579.0,0.91,2.22,1.94,1.0,3.0,-0.4437,116.32790138224642,12.912736862294148,19.43,30.0
02a59689o0225o,160.875666375,19.082973,18.87,0.13,7.65,o,22.101,59689.33142245,2545.87,1446.07,237.0,181.0,88.0,11.5,180.7,769.6,544.5,0.97,2.26,1.97,1.0,3.0,-0.4397,102.66350392693224,13.416253354087734,19.4,30.0
02a59689o0250o,160.875666375,19.082973,18.98,0.15,6.82,o,22.099,59689.34292235,2565.12,1330.54,248.0,180.2,81.8,12.0,182.4,991.0,736.5,1.06,2.24,1.92,1.0,3.0,-0.4427,92.61072754065547,13.585925800585159,19.4,30.0
02a59690o0235c,160.875666585366,19.0829709756098,19.63,0.26,3.64,c,21.904,59690.33318775,112.41,8133.78,216.0,184.9,30.9,8.5,185.1,2314.8,1064.8,1.0,2.43,2.22,1.0,3.0,-0.4167,51.27155305484662,14.103825273986935,19.32,30.0
02a59690o0243c,160.875666585366,19.0829709756098,19.29,0.23,4.32,c,22.038,59690.33685885,92.95,8094.32,294.0,184.6,47.1,10.9,212.3,22223.7,1396.9,1.37,2.43,2.24,1.0,3.0,-0.4157,69.63602048051924,16.1153423192709,19.44,30.0
02a59690o0257c,160.875666585366,19.0829709756098,19.25,0.16,6.33,c,22.165,59690.34325795,150.17,8171.41,229.0,181.5,51.9,8.2,179.4,-210.5,421.2,0.95,2.52,2.31,1.0,3.0,-0.4077,72.46672319438866,11.449463009518052,19.55,30.0
02a59690o0263c,160.875666585366,19.0829709756098,19.75,0.21,4.75,c,22.17,59690.34607465,10148.7,8154.19,204.0,186.9,33.7,7.1,187.8,1002.6,487.9,1.7,2.47,2.28,1.0,3.0,-0.4147,45.605838649366234,9.608351762922855,19.57,30.0
02a59690o0270c,160.875666585366,19.0829709756098,19.14,0.14,7.3,c,22.167,59690.34941075,10128.7,8115.67,217.0,184.6,59.9,8.2,181.4,-19.0,560.8,1.13,2.45,2.27,1.0,3.0,-0.4177,80.4965948323119,11.019567239147873,19.62,30.0
02a59690o0278c,160.875666585366,19.0829709756098,19.52,0.18,5.41,c,22.163,59690.35306895,171.5,8053.7,230.0,179.8,42.2,7.8,180.5,589.8,513.8,1.38,2.45,2.25,1.0,3.0,-0.4157,56.314443752935574,10.408830835850651,19.57,30.0
02a59690o0282c,160.875666585366,19.0829709756098,19.35,0.16,6.25,c,22.168,59690.35489545,10187.6,8196.32,228.0,182.3,50.0,8.0,182.7,904.8,445.2,0.84,2.44,2.24,1.0,3.0,-0.4197,66.09469369961232,10.57515099193797,19.6,30.0
02a59690o0303c,160.875666585366,19.0829709756098,>19.52772496747986,0.0,2.4,c,21.663,59690.36474225,10207.1,8078.65,210.0,182.3,20.4,8.5,180.6,191.4,433.8,1.04,2.49,2.3,1.0,3.0,-0.4147,44.78330031205319,18.6597084633555,19.05,30.0
01a59692o0187o,160.875664939759,19.0829707228916,>18.534663781781727,0.0,1.18,o,21.172,59692.30975945,3868.58,8909.7,212.0,180.9,12.6,10.7,183.0,-12.7,841.5,1.24,2.66,2.54,1.0,3.0,-0.4847,54.707219672799596,46.45771829356791,18.26,30.0
01a59692o0200o,160.875664939759,19.0829707228916,19.32,0.3,3.09,o,21.755,59692.31576955,3891.89,8949.01,212.0,178.6,27.2,8.8,183.8,2351.4,659.3,1.15,2.64,2.52,1.0,3.0,-0.4887,68.22320485291745,22.072213334767408,18.85,30.0
01a59692o0208o,160.875664939759,19.0829707228916,19.14,0.22,4.42,o,21.956,59692.31952175,3832.29,8873.47,203.0,180.8,36.7,8.3,182.1,1054.9,605.2,1.05,2.74,2.58,1.0,3.0,-0.4747,80.24076828948738,18.147094735769628,19.04,30.0
01a59692o0228o,160.875664939759,19.0829707228916,19.6,0.28,3.44,o,22.203,59692.32928765,3815.87,8990.62,224.0,180.7,30.6,8.9,182.7,1643.7,559.8,0.86,2.71,2.56,1.0,3.0,-0.4807,52.588335862230814,15.295300299799159,19.34,30.0
02a59693o0224c,160.875664939759,19.0829707228916,>19.2429975106424,0.0,1.73,c,21.762,59693.32851985,110.92,8131.28,204.0,183.1,20.6,11.9,184.7,3798.8,945.7,0.93,2.52,2.32,1.0,3.0,-0.4107,41.98696579652343,24.254606455273237,19.08,30.0
02a59693o0234c,160.875664939759,19.0829707228916,19.29,0.28,3.36,c,21.798,59693.33343785,91.9,8091.89,269.0,183.4,37.0,11.0,214.4,26532.9,1395.5,1.45,2.46,2.27,1.0,3.0,-0.4127,69.81061012658188,20.754505713308124,19.11,30.0
02a59693o0236c,160.875664939759,19.0829707228916,19.43,0.28,3.43,c,21.775,59693.33435325,10148.4,8152.3,201.0,183.1,28.8,8.4,183.0,788.6,532.1,1.85,2.59,2.4,1.0,3.0,-0.4047,61.32848533979674,17.88747489077405,19.06,30.0
02a59693o0243c,160.875664939759,19.0829707228916,>18.83,0.0,3.0,c,20.314,59693.33765785,149.25,8167.62,177.0,180.9,-4.8,6.8,182.5,-2.5,424.7,0.85,2.48,2.33,1.0,3.0,-0.3967,-36.22493246747615,51.318654328924545,17.49,30.0
02a59693o0247c,160.875664939759,19.0829707228916,>19.541818737241734,0.0,1.67,c,21.691,59693.33948345,10128.3,8112.67,185.0,182.6,12.5,7.5,181.4,603.9,576.2,1.09,2.66,2.49,1.0,3.0,-0.4047,30.64430258908845,18.386581553453077,18.93,30.0
02a59693o0254c,160.875664939759,19.0829707228916,18.91,0.27,3.58,c,21.695,59693.34268215,10187.0,8192.73,252.0,182.0,48.3,13.5,183.9,2308.9,916.4,0.79,2.45,2.26,1.0,3.0,-0.4087,98.98750993083077,27.667316440294314,18.99,30.0
02a59693o0266c,160.875664939759,19.0829707228916,19.15,0.27,3.61,c,21.861,59693.34816615,173.08,8052.71,241.0,181.2,43.3,12.0,182.9,1594.7,758.2,0.99,2.49,2.3,1.0,3.0,-0.4137,79.13595081331925,21.93144133394529,19.18,30.0
02a59693o0278c,160.875664939759,19.0829707228916,>19.545728424845098,0.0,2.14,c,21.46,59693.35365815,10206.9,8078.05,204.0,181.7,14.8,6.9,181.5,76.5,442.2,1.2,2.48,2.33,1.0,3.0,-0.4117,39.41196264842313,18.374496099602677,18.71,30.0
02a59694o0158c,160.875664939759,19.0829707228916,19.57,0.23,4.3,c,22.176,59694.30002365,118.84,8130.03,237.0,183.8,36.1,8.4,180.9,42.4,698.5,1.0,2.65,2.4,1.0,3.0,-0.4007,54.16553821129852,12.603615539471123,19.51,30.0
02a59694o0165c,160.875664939759,19.0829707228916,19.65,0.25,3.84,c,22.176,59694.30322455,100.04,8093.3,239.0,185.4,34.2,8.9,197.9,12616.2,884.0,1.44,2.6,2.38,1.0,3.0,-0.4017,49.97296943715052,13.004661637153202,19.49,30.0
02a59694o0177c,160.875664939759,19.0829707228916,19.37,0.19,5.09,c,22.175,59694.30870715,157.4,8170.93,227.0,180.8,41.7,8.2,177.8,87.1,574.9,0.89,2.72,2.43,1.0,3.0,-0.3957,64.78433093035397,12.739364835225482,19.43,30.0
02a59694o0185c,160.875664939759,19.0829707228916,19.64,0.22,4.54,c,22.176,59694.31236315,10155.9,8150.57,219.0,182.3,34.5,7.6,184.1,1353.0,444.8,1.19,2.62,2.37,1.0,3.0,-0.4027,50.63227922259823,11.153777451934682,19.55,30.0
02a59694o0191c,160.875664939759,19.0829707228916,19.93,0.27,3.51,c,22.176,59694.31514395,10136.5,8111.4,232.0,181.8,27.4,7.8,182.8,1223.8,500.4,1.39,2.55,2.33,1.0,3.0,-0.4127,38.83339940528962,11.05476333435252,19.56,30.0
02a59694o0200c,160.875664939759,19.0829707228916,19.35,0.18,5.48,c,22.173,59694.31963145,177.51,8054.82,240.0,180.2,42.2,7.7,180.0,611.0,507.7,0.87,2.7,2.45,1.0,3.0,-0.3987,65.91754809955167,12.027609487358951,19.49,30.0
02a59694o0202c,160.875664939759,19.0829707228916,19.7,0.24,3.97,c,22.175,59694.32054625,10194.8,8191.91,202.0,186.7,30.6,7.7,188.4,1015.2,612.7,1.02,2.71,2.43,1.0,3.0,-0.4027,47.67116179254473,11.99568450335276,19.49,30.0
02a59694o0225c,160.875665058824,19.0829704705882,19.98,0.27,3.53,c,22.173,59694.33131455,10214.0,8079.05,189.0,180.9,26.1,7.4,180.8,-44.4,512.8,1.08,2.54,2.34,1.0,3.0,-0.4067,36.90190841360875,10.462610048302862,19.57,30.0
01a59695o0177o,160.875665058824,19.0829704705882,18.86,0.14,7.07,o,22.197,59695.30772765,3871.31,8911.47,253.0,180.3,60.1,8.5,179.5,374.7,703.3,1.1,2.71,2.57,1.0,3.0,-0.4787,104.07241476235353,14.719060324126538,19.34,30.0
01a59695o0185o,160.875665058824,19.0829704705882,19.35,0.23,4.27,o,22.201,59695.31137395,3892.99,8950.06,198.0,179.1,37.6,8.8,181.1,1621.5,577.3,0.88,2.74,2.6,1.0,3.0,-0.4757,66.17142709258286,15.48692974507259,19.33,30.0
01a59695o0198o,160.875665058824,19.0829704705882,19.13,0.18,5.46,o,22.189,59695.31802735,3834.14,8872.91,212.0,180.4,45.3,8.3,179.1,53.8,670.6,0.95,2.73,2.6,1.0,3.0,-0.4797,80.61074637502851,14.769739402047167,19.31,30.0
01a59695o0221o,160.875665058824,19.0829704705882,19.48,0.23,4.29,o,22.196,59695.32871755,3818.04,8991.27,209.0,181.2,33.9,7.9,183.1,1059.0,564.8,1.02,2.69,2.57,1.0,3.0,-0.4807,58.43107101678172,13.616680266447663,19.34,30.0
01a59696o0275o,160.875666022727,19.0829678409091,18.84,0.13,7.64,o,22.198,59696.35189645,1914.13,9048.53,230.0,182.2,63.4,8.3,181.6,349.1,623.1,1.19,2.68,2.49,1.0,3.0,-0.4877,105.96980722435023,13.873018926847115,19.42,30.0
01a59696o0282o,160.875666022727,19.0829678409091,19.03,0.17,6.06,o,22.198,59696.35512255,1936.83,9086.86,239.0,180.8,51.5,8.5,180.4,1152.3,586.4,1.05,2.72,2.54,1.0,3.0,-0.4807,88.54592822000728,14.614376502331297,19.36,30.0
01a59696o0296o,160.875666022727,19.0829678409091,18.76,0.13,8.17,o,22.197,59696.36163905,1875.87,9011.05,242.0,179.6,67.8,8.3,181.0,2467.4,592.5,1.14,2.67,2.5,1.0,3.0,-0.4887,113.56374587151103,13.902346470996191,19.36,30.0
01a59696o0323o,160.875666022727,19.0829678409091,19.36,0.23,4.33,o,22.194,59696.37420335,1860.84,9129.79,223.0,180.3,39.0,9.0,183.6,1454.5,595.0,0.78,2.66,2.52,1.0,3.0,-0.4867,65.66070322723779,15.152469975516413,19.34,30.0
02a59697o0128c,160.875666022727,19.0829678409091,19.71,0.25,3.9,c,22.048,59697.28745495,117.22,8133.1,222.0,181.9,32.4,8.3,180.9,191.6,522.1,0.95,2.44,2.23,1.0,3.0,-0.4187,47.57715238905753,12.187974223122763,19.5,30.0
02a59697o0135c,160.875666022727,19.0829678409091,>19.22,0.0,3.0,c,20.71,59697.29069255,99.12,8095.56,188.0,182.1,1.9,6.8,183.4,570.0,481.2,0.99,2.52,2.3,1.0,3.0,-0.4087,10.09812455146941,36.14065628946947,18.01,30.0
02a59697o0141c,160.875666022727,19.0829678409091,>18.900916825428094,0.0,2.32,c,20.892,59697.29344325,10154.2,8152.3,201.0,178.3,17.4,7.5,175.8,-926.7,513.0,0.98,2.51,2.27,1.0,3.0,-0.4167,77.44753012194987,33.382556087047355,18.23,30.0
02a59697o0148c,160.875666022727,19.0829678409091,>19.654521035099982,0.0,1.95,c,21.767,59697.29697375,157.75,8171.16,196.0,179.3,17.0,8.7,178.1,610.8,648.9,0.99,2.46,2.24,1.0,3.0,-0.4137,32.59798774116623,16.68249960871448,19.22,30.0
02a59697o0164c,160.875666022727,19.0829678409091,>18.780017140560275,0.0,1.65,c,20.724,59697.30457495,10135.7,8113.78,184.0,180.3,12.2,7.4,179.7,252.4,440.0,1.14,2.46,2.24,1.0,3.0,-0.4187,61.41885295473716,37.25405834959468,18.08,30.0
02a59697o0172c,160.875666022727,19.0829678409091,>19.826355898103056,0.0,2.37,c,21.6,59697.30823285,10194.5,8193.69,183.0,179.5,15.2,6.4,178.4,-226.7,419.0,1.08,2.44,2.24,1.0,3.0,-0.4167,33.809611305471456,14.235625812830087,19.05,30.0
02a59697o0173c,160.875666022727,19.0829678409091,19.75,0.24,4.07,c,21.986,59697.30868925,176.81,8055.71,195.0,181.4,28.9,7.1,181.9,544.7,406.7,1.04,2.47,2.25,1.0,3.0,-0.4157,45.765273214890506,11.243371620267219,19.42,30.0
02a59697o0184c,160.875666022727,19.0829678409091,19.74,0.27,3.48,c,21.887,59697.31372295,10213.1,8076.9,197.0,180.4,26.8,7.7,178.5,-448.4,445.1,0.94,2.47,2.24,1.0,3.0,-0.4127,46.15709959022422,13.261554733012183,19.38,30.0
02a59698o0247c,160.875666022727,19.0829678409091,19.44,0.21,4.65,c,22.043,59698.36248395,177.18,10090.9,196.0,178.2,39.5,8.5,175.5,329.9,605.7,1.09,2.51,2.29,1.0,3.0,-0.4077,60.93475155149479,13.112541473106473,19.47,30.0
02a59698o0257c,160.875666022727,19.0829678409091,>19.8186569846119,0.0,2.91,c,21.942,59698.36707125,157.56,10052.4,190.0,180.2,23.9,8.2,179.3,399.4,506.2,1.2,2.55,2.32,1.0,3.0,-0.4057,41.57045821131416,14.262667670827451,19.38,30.0
02a59698o0278c,160.875666022727,19.0829678409091,19.26,0.21,4.67,c,21.862,59698.37669355,215.24,10129.0,210.0,178.2,39.7,8.5,176.6,485.2,539.6,1.06,2.48,2.28,1.0,3.0,-0.4137,71.5707848710634,15.323719682721379,19.28,30.0
02a59698o0279c,160.875666022727,19.0829678409091,>19.964149554922454,0.0,2.96,c,21.876,59698.37715115,10249.9,10120.9,201.0,183.6,20.4,6.9,183.5,733.9,453.0,1.3,2.52,2.29,1.0,3.0,-0.4097,36.91687540694461,12.486590211172444,19.32,30.0
02a59698o0286c,160.875666022727,19.0829678409091,>20.42,0.0,3.0,c,21.892,59698.38036145,10235.0,10082.8,182.0,181.6,5.3,6.9,183.2,1230.2,485.6,0.81,2.48,2.26,1.0,3.0,-0.4127,9.204384128010744,11.98306612891965,19.36,30.0
02a59698o0298c,160.875666022727,19.0829678409091,>20.32,0.0,3.0,c,21.821,59698.38586355,10294.1,10164.4,188.0,183.3,3.6,6.8,183.4,498.7,443.9,1.0,2.53,2.31,1.0,3.0,-0.4087,6.934158222834527,13.097854420909663,19.25,30.0
02a59698o0317c,160.875666022727,19.0829678409091,19.19,0.23,4.32,c,21.747,59698.39459375,239.62,10012.6,217.0,180.3,36.7,8.5,179.3,201.9,452.4,0.99,2.54,2.33,1.0,3.0,-0.4077,76.56220755625617,17.73239139586315,19.15,30.0
02a59698o0321c,160.875666022727,19.0829678409091,19.24,0.21,4.8,c,21.666,59698.39644555,10310.2,10046.5,193.0,182.0,33.1,6.9,182.0,967.1,438.4,1.29,2.53,2.3,1.0,3.0,-0.4067,73.08615190774744,15.235481817627113,19.07,30.0
01a59699o0247o,160.875666022727,19.0829678409091,>18.89,0.0,3.0,o,20.818,59699.33637185,1908.71,9044.02,218.0,181.4,9.2,9.2,178.0,26.1,543.4,1.11,2.64,2.44,1.0,3.0,-0.4967,53.350725032895156,53.350725032895156,17.92,30.0
01a59699o0259o,160.875666022727,19.0829678409091,>18.355528597776498,0.0,2.75,o,20.808,59699.34189815,1930.71,9084.02,210.0,182.1,26.4,9.6,180.3,-647.5,536.1,1.29,2.61,2.47,1.0,3.0,-0.4757,151.6701557517076,55.15278390971184,17.86,30.0
01a59699o0265o,160.875666022727,19.0829678409091,>18.459935108426215,0.0,1.03,o,20.964,59699.34468305,1870.72,9006.72,189.0,180.8,10.1,9.8,179.6,142.0,611.0,0.91,2.64,2.43,1.0,3.0,-0.5087,51.55731825674612,50.0259127639715,18.07,30.0
01a59699o0293o,160.875666022727,19.0829678409091,>17.79,0.0,3.0,o,19.786,59699.35769395,1855.07,9125.37,235.0,182.2,-2.9,9.7,184.9,1646.8,578.1,1.14,2.61,2.48,1.0,3.0,-0.5027,-43.9591140758635,147.0356574261641,16.86,30.0
02a59705o0087o,160.87566258427,19.0829684269663,>17.889327631514032,0.0,1.13,o,20.589,59705.27785185,190.74,10097.2,223.0,186.8,19.2,17.0,187.9,2533.9,1127.4,1.22,2.4,1.99,1.0,3.0,-0.4277,95.65865982048544,84.69777171605482,17.51,30.0
02a59705o0095o,160.87566258427,19.0829684269663,>18.87711743979179,0.0,1.57,o,21.219,59705.28163095,171.15,10057.8,239.0,182.1,19.0,12.1,183.9,978.2,621.7,0.98,2.39,2.01,1.0,3.0,-0.4277,53.297434507985045,33.94205039719047,18.19,30.0
02a59705o0106o,160.87566258427,19.0829684269663,19.41,0.25,3.81,o,22.091,59705.28693315,228.87,10136.8,228.0,179.5,53.4,14.0,179.7,1795.7,867.6,0.78,2.29,1.93,1.0,3.0,-0.4377,62.30068096548695,16.333511863610813,19.36,30.0
02a59705o0113o,160.87566258427,19.0829684269663,>19.96509194155639,0.0,2.8,o,22.098,59705.29020555,10266.8,10125.1,201.0,182.2,29.4,10.5,181.4,555.0,637.4,1.37,2.33,1.95,1.0,3.0,-0.4387,35.066838085188785,12.523870744710281,19.41,30.0
02a59705o0121o,160.87566258427,19.0829684269663,19.34,0.2,5.08,o,22.098,59705.29385985,10246.8,10085.5,231.0,182.4,53.8,10.6,183.6,742.7,609.9,1.07,2.37,2.0,1.0,3.0,-0.4297,66.39255203387216,13.081060437900463,19.4,30.0
02a59705o0131o,160.87566258427,19.0829684269663,>19.069252289234516,0.0,1.32,o,21.679,59705.29845185,250.15,10021.7,168.0,177.6,21.0,15.9,179.0,1204.9,1001.6,1.27,2.36,1.99,1.0,3.0,-0.4267,37.665446440077716,28.518123733201698,18.8,30.0
02a59705o0133o,160.87566258427,19.0829684269663,19.44,0.22,4.52,o,22.083,59705.29936445,10304.9,10167.3,232.0,181.7,51.1,11.3,180.8,873.6,631.8,1.01,2.3,1.95,1.0,3.0,-0.4377,60.94556292840158,13.477198847180778,19.4,30.0
02a59705o0155o,160.87566258427,19.0829684269663,>19.28007460387955,0.0,2.76,o,21.65,59705.30966275,10322.5,10047.8,245.0,181.2,35.9,13.0,179.0,216.2,677.0,0.93,2.31,1.98,1.0,3.0,-0.4357,64.94270351491339,23.516856426013206,18.83,30.0
01a59708o0047o,160.87566258427,19.0829684269663,19.26,0.3,3.15,o,22.204,59708.25107805,4463.44,844.62,240.0,181.7,41.2,13.1,179.7,-88.7,881.9,1.14,2.72,2.62,1.0,3.0,-0.4677,71.8002831082844,22.82970166792538,18.76,30.0
01a59708o0064o,160.87566258427,19.0829684269663,>19.214729365221583,0.0,2.9,o,22.203,59708.25932745,4487.11,883.42,262.0,178.6,42.4,14.6,179.5,365.7,1105.1,0.91,2.69,2.52,1.0,3.0,-0.4947,72.12360440994128,24.835014726064692,18.75,30.0
01a59708o0078o,160.87566258427,19.0829684269663,19.19,0.28,3.35,o,22.203,59708.26646125,4428.61,806.96,230.0,179.9,44.2,13.2,180.7,1702.0,830.5,1.19,2.73,2.54,1.0,3.0,-0.4947,76.90903785467866,22.968309947551095,18.76,30.0
01a59712o0169o,160.87566258427,19.0829684269663,>18.98,0.0,3.0,o,22.148,59712.30491355,4805.45,6659.45,155.0,175.5,22.4,26.8,178.5,1381.5,1930.3,1.15,2.73,2.53,1.0,3.0,-0.4997,41.02890550812107,49.08815480435915,18.49,30.0
01a59712o0181o,160.87566258427,19.0829684269663,>19.06,0.0,3.0,o,22.159,59712.31044865,4826.47,6698.59,175.0,172.2,18.0,25.2,178.6,4598.9,1825.1,1.04,2.71,2.55,1.0,3.0,-0.4967,32.56422311696144,45.589912363746016,18.55,30.0
01a59712o0192o,160.87566258427,19.0829684269663,>18.752342479966725,0.0,2.14,o,22.184,59712.31551335,4767.26,6622.69,229.0,180.8,46.4,21.7,181.3,575.0,1505.5,0.8,2.74,2.5,1.0,3.0,-0.5037,81.840315949525,38.27445810570459,18.64,30.0
01a59712o0214o,160.87566258427,19.0829684269663,>18.92,0.0,3.0,o,22.14,59712.32564565,4754.19,6740.72,210.0,177.9,11.2,27.9,179.9,106.3,2053.5,1.18,2.77,2.51,1.0,3.0,-0.5087,20.976366310248054,52.25362679070721,18.41,30.0
04a59713o0223o,160.87566258427,19.0829684269663,>18.84970166541148,0.0,2.45,o,21.898,59713.04593255,8061.71,9133.77,198.0,180.4,52.9,21.6,181.2,3057.0,1170.0,0.93,2.53,2.12,1.0,3.0,-0.3867,85.36322208377501,34.85530429129565,18.25,30.0
04a59713o0231o,160.87566258427,19.0829684269663,>18.75605892454692,0.0,1.2,o,21.895,59713.04965245,8084.13,9170.22,222.0,180.1,23.9,19.9,182.4,-421.7,1159.4,0.9,2.8,2.34,1.0,3.0,-0.3527,45.7857713357337,38.12288073561091,18.16,30.0
04a59713o0244o,160.87566258427,19.0829684269663,>18.846976280188297,0.0,1.2,o,21.893,59713.05563235,8028.35,9089.35,167.0,177.6,23.8,19.8,180.6,-423.9,1284.8,1.28,2.71,2.23,1.0,3.0,-0.3527,42.131784705180365,35.05081248582232,18.19,30.0
04a59713o0268o,160.87566258427,19.0829684269663,>19.15,0.0,3.0,o,21.885,59713.06697465,8015.2,9200.05,144.0,179.9,-2.4,21.4,180.8,2593.9,1353.1,1.07,2.64,2.2,1.0,3.0,-0.3717,-4.185974657069874,37.32494069220638,18.17,30.0
02a59714o0232o,160.87566258427,19.0829684269663,>19.270930661319955,0.0,2.08,o,22.107,59714.33852925,4804.66,1800.97,187.0,179.2,45.7,22.0,175.9,1107.2,1123.1,0.81,2.14,1.92,1.0,3.0,-0.4507,49.42992453294761,23.79558730251307,18.76,30.0
02a59714o0244o,160.87566258427,19.0829684269663,19.12,0.29,3.32,o,22.104,59714.34403135,4786.26,1762.08,182.0,177.1,73.7,22.2,177.2,-31.8,1079.7,1.16,2.17,1.93,1.0,3.0,-0.4517,81.55362614789911,24.565678432610042,18.73,30.0
02a59714o0253o,160.87566258427,19.0829684269663,>19.296440611282623,0.0,2.78,o,22.103,59714.34814415,4843.37,1840.14,285.0,178.4,60.0,21.6,177.3,-451.9,1255.7,1.04,2.14,1.9,1.0,3.0,-0.4517,64.51747615312493,23.226291415124983,18.75,30.0
02a59714o0276o,160.87566258427,19.0829684269663,>19.65,0.0,3.0,o,22.099,59714.35865345,4865.1,1724.89,238.0,176.0,16.2,22.4,176.8,-875.2,1525.7,0.74,2.18,1.95,1.0,3.0,-0.4477,18.21230290316588,25.182443520426887,18.7,30.0
01a59715o0161o,160.87566258427,19.0829684269663,>19.14,0.0,3.0,o,22.201,59715.30350995,4805.77,6661.08,224.0,177.5,1.3,24.7,184.2,4271.3,1571.9,1.04,2.72,2.49,1.0,3.0,-0.5027,2.2298227840712537,42.3666328973538,18.6,30.0
01a59715o0173o,160.87566258427,19.0829684269663,>18.66896273949085,0.0,1.13,o,22.203,59715.30903385,4827.94,6700.45,243.0,182.3,28.0,24.8,185.8,1353.2,1791.0,1.16,2.64,2.52,1.0,3.0,-0.4947,46.74350177090956,41.401387282805615,18.6,30.0
01a59715o0213o,160.87566258427,19.0829684269663,>18.94,0.0,3.0,o,22.195,59715.32752475,4771.44,6626.39,218.0,179.5,20.6,29.9,179.9,-60.4,2171.5,0.86,2.64,2.54,1.0,3.0,-0.4867,34.66279743000375,50.31153607558796,18.54,30.0
01a59715o0224o,160.87566258427,19.0829684269663,>18.438510724561144,0.0,1.32,o,22.193,59715.33269085,4753.62,6742.8,237.0,176.2,35.9,27.2,174.0,423.4,1715.4,1.12,2.8,2.68,1.0,3.0,-0.4807,67.35130565011465,51.02940149535151,18.44,30.0
01a59716o0051o,160.87566258427,19.0829684269663,>19.62,0.0,3.0,o,21.951,59716.27574035,4798.3,6654.64,182.0,181.2,7.7,12.3,183.6,689.2,899.4,1.23,2.74,2.55,1.0,3.0,-0.4997,17.1056748949211,27.324649507471367,18.68,30.0
01a59716o0057o,160.87566258427,19.0829684269663,>19.315732682917425,0.0,2.8,o,22.145,59716.27855085,4818.87,6694.0,222.0,182.3,33.9,12.1,181.1,203.2,842.4,1.12,2.75,2.61,1.0,3.0,-0.4827,63.69885775434713,22.736170466890865,18.86,30.0
01a59716o0068o,160.87566258427,19.0829684269663,>19.17682891345088,0.0,2.11,o,22.168,59716.28367925,4762.43,6617.89,187.0,182.1,29.3,13.9,180.9,63.5,806.9,0.88,2.74,2.61,1.0,3.0,-0.4977,54.45245136455861,25.832391602981737,18.84,30.0
01a59716o0089o,160.87566258427,19.0829684269663,>19.74,0.0,3.0,o,22.2,59716.29378475,4746.09,6736.6,171.0,179.3,2.7,14.5,180.2,528.3,1048.1,0.96,2.67,2.49,1.0,3.0,-0.5107,4.583878712894164,24.61712642109828,18.9,30.0
02a59717o0190o,160.87566258427,19.0829684269663,19.51,0.27,3.56,o,22.09,59717.32308485,4802.44,1801.03,216.0,181.0,54.1,15.2,177.5,384.8,726.8,0.82,2.11,1.88,1.0,3.0,-0.4427,56.963453988891786,16.004519420169224,19.14,30.0
02a59717o0198o,160.87566258427,19.0829684269663,>19.716438773275538,0.0,2.09,o,22.094,59717.32674125,4782.1,1762.15,217.0,180.5,30.9,14.8,184.7,581.1,720.5,1.03,2.14,1.87,1.0,3.0,-0.4417,32.67176559781913,15.648612648793627,19.2,30.0
02a59717o0212o,160.87566258427,19.0829684269663,>19.666373614203984,0.0,1.99,o,22.094,59717.33313985,4840.85,1841.43,197.0,180.5,31.9,16.0,181.8,219.8,768.1,1.22,2.09,1.85,1.0,3.0,-0.4467,32.739153251342884,16.420891912899254,19.14,30.0
02a59717o0234o,160.87566258427,19.0829684269663,>19.561643537096533,0.0,2.04,o,22.079,59717.34322255,4861.04,1724.42,193.0,180.2,35.1,17.2,180.1,-112.5,866.2,0.85,2.09,1.87,1.0,3.0,-0.4437,36.81745412822699,18.041601453148267,19.05,30.0
01a59719o0021o,160.87566258427,19.0829684269663,>20.34,0.0,3.0,o,22.162,59719.27265935,4798.76,6656.9,174.0,182.1,4.9,7.5,183.0,645.8,480.2,1.1,2.74,2.6,1.0,3.0,-0.4702,8.893623415851096,13.612688901812898,19.34,30.0
01a59719o0027o,160.87566258427,19.0829684269663,>19.81781198938364,0.0,1.79,o,22.161,59719.27545945,4822.68,6696.4,203.0,181.3,14.3,8.0,182.7,1207.5,592.1,0.85,2.71,2.56,1.0,3.0,-0.4827,25.591988913074992,14.31719659472727,19.36,30.0
01a59719o0039o,160.87566258427,19.0829684269663,>19.78510099717539,0.0,2.51,o,22.054,59719.28098765,4762.68,6621.12,216.0,182.2,17.8,7.1,183.3,588.6,418.4,1.21,2.81,2.65,1.0,3.0,-0.4597,36.94289634899399,14.735649667295359,19.25,30.0
01a59719o0085o,160.87566258427,19.0829684269663,>19.768729127350426,0.0,1.43,o,22.159,59719.30285745,4750.2,6737.58,199.0,181.3,10.9,7.6,182.6,788.2,481.1,0.77,2.86,2.71,1.0,3.0,-0.4677,21.533794649765518,15.014388930111735,19.32,30.0
01a59720o0086o,160.87566258427,19.0829684269663,19.73,0.31,3.01,o,22.142,59720.33840975,6524.96,2659.35,237.0,181.6,26.5,8.8,180.6,-1173.8,598.7,1.3,2.64,2.49,1.0,3.0,-0.4987,46.409607254978155,15.411492220521048,19.26,30.0
01a59720o0094o,160.87566258427,19.0829684269663,>19.72970625097063,0.0,2.59,o,22.141,59720.34209095,6545.87,2698.82,216.0,181.6,22.0,8.5,181.9,1095.3,611.0,1.12,2.71,2.59,1.0,3.0,-0.4687,40.05442310389657,15.475572562869129,19.22,30.0
01a59720o0106o,160.87566258427,19.0829684269663,>19.689863080600073,0.0,2.45,o,22.134,59720.34761825,6486.97,2623.94,188.0,180.9,21.8,8.9,180.3,1183.6,623.8,0.84,2.7,2.52,1.0,3.0,-0.4847,39.298823034184636,16.044014908451526,19.2,30.0
01a59720o0129o,160.87566258427,19.0829684269663,>19.674730277608454,0.0,2.31,o,22.124,59720.35820665,6471.16,2743.27,184.0,181.6,20.3,8.8,180.9,-164.1,533.3,1.2,2.75,2.52,1.0,3.0,-0.4897,37.79096812813333,16.382291602343514,19.16,30.0
02a59721o0086c,160.87566258427,19.0829684269663,19.94,0.28,3.39,c,22.138,59721.27418895,4800.55,1801.66,211.0,181.1,28.1,8.3,179.6,32.5,462.0,0.83,2.45,2.24,1.0,3.0,-0.4167,38.23659119973988,11.294082098143809,19.56,30.0
02a59721o0093c,160.87566258427,19.0829684269663,19.55,0.2,4.93,c,22.137,59721.27738565,4782.63,1763.83,217.0,180.7,40.9,8.3,177.5,-738.2,472.6,0.91,2.43,2.21,1.0,3.0,-0.4227,54.812624930938235,11.123344423637834,19.56,30.0
02a59721o0110c,160.87566258427,19.0829684269663,19.9,0.3,3.12,c,21.989,59721.28521775,4839.65,1840.41,184.0,180.0,25.9,8.3,177.1,-649.9,559.5,0.84,2.43,2.22,1.0,3.0,-0.4157,39.702491131455645,12.723192138651811,19.38,30.0
02a59721o0132c,160.87566258427,19.0829684269663,>19.2,0.0,3.0,c,20.793,59721.29539395,4860.84,1723.08,175.0,182.7,-1.7,8.0,181.5,13.8,428.0,1.12,2.43,2.23,1.0,3.0,-0.4137,-7.861742287757665,36.9964342953302,18.15,30.0
02a59722o0143c,160.87566258427,19.0829684269663,>20.52,0.0,3.0,c,22.137,59722.30112045,5903.55,7811.14,165.0,179.0,-3.0,7.8,179.1,202.1,553.7,0.81,2.49,2.28,1.0,3.0,-0.4147,-4.219045354966186,10.96951792291208,19.56,30.0
02a59722o0151c,160.87566258427,19.0829684269663,>20.00726080566654,0.0,2.65,c,22.135,59722.30477355,5884.96,7772.46,186.0,180.1,22.3,8.4,179.1,165.1,594.7,0.93,2.51,2.3,1.0,3.0,-0.4087,31.77350795931423,11.968496271669933,19.52,30.0
02a59722o0169c,160.87566258427,19.0829684269663,>20.061288305605622,0.0,1.53,c,22.131,59722.31300935,5943.61,7849.95,196.0,180.3,11.5,7.5,178.5,-857.7,516.6,1.06,2.61,2.38,1.0,3.0,-0.4017,17.58223376902908,11.466674197192882,19.47,30.0
02a59722o0196c,160.87566258427,19.0829684269663,>20.4,0.0,3.0,c,22.123,59722.32537215,5964.71,7734.76,159.0,179.2,5.6,8.4,179.9,975.3,561.4,1.04,2.52,2.32,1.0,3.0,-0.4097,8.177777647112574,12.266666470668861,19.51,30.0
01a59723o0150o,160.87566258427,19.0829684269663,>19.866549062324363,0.0,2.94,o,22.187,59723.30110195,6513.67,2652.88,211.0,182.0,22.9,7.8,181.1,50.1,481.4,1.2,2.72,2.6,1.0,3.0,-0.4687,40.26581368092196,13.71499330616556,19.26,30.0
01a59723o0165o,160.87566258427,19.0829684269663,>19.766642048637703,0.0,2.35,o,22.188,59723.30801255,6536.49,2693.78,204.0,181.8,15.3,6.5,182.1,1567.4,522.2,1.02,3.48,2.92,1.0,3.0,-0.3677,35.18943318618649,14.949759196745896,19.05,30.0
01a59723o0189o,160.87566258427,19.0829684269663,>19.756746473624624,0.0,2.75,o,22.18,59723.31907665,6479.86,2618.98,212.0,181.8,22.3,8.1,181.2,694.2,561.7,1.08,2.85,2.58,1.0,3.0,-0.4857,41.680044531755996,15.139388372521232,19.22,30.0
01a59723o0196o,160.87566258427,19.0829684269663,>19.77611461310704,0.0,1.98,o,22.181,59723.32232155,6460.06,2735.85,170.0,180.6,15.8,8.0,177.6,255.9,604.4,1.2,2.8,2.65,1.0,3.0,-0.4667,29.25632268977827,14.813327944191526,19.2,30.0
01a59724o0158o,160.87566258427,19.0829684269663,>19.89380720530885,0.0,1.41,o,22.187,59724.30473575,6516.19,2654.43,214.0,181.4,11.6,8.2,182.6,1719.9,526.6,0.94,2.6,2.48,1.0,3.0,-0.4867,18.90783323873833,13.365882117039165,19.36,30.0
01a59724o0165o,160.87566258427,19.0829684269663,19.83,0.3,3.09,o,22.184,59724.30795765,6534.57,2693.23,213.0,181.3,24.4,7.9,182.0,571.4,531.4,1.01,2.75,2.48,1.0,3.0,-0.4947,42.494521788376524,13.75847221836781,19.35,30.0
01a59724o0186o,160.87566258427,19.0829684269663,>19.78210006971325,0.0,2.52,o,22.181,59724.31787515,6476.51,2618.4,198.0,181.8,21.7,8.6,184.4,1393.0,549.0,0.89,2.7,2.49,1.0,3.0,-0.4967,37.42670468335962,14.832703238566484,19.37,30.0
01a59724o0199o,160.87566258427,19.0829684269663,>20.28,0.0,3.0,o,22.18,59724.32387545,6462.17,2736.8,191.0,182.4,5.7,8.2,183.8,3736.2,592.8,0.95,2.72,2.59,1.0,3.0,-0.4717,10.076327374894271,14.495769205988246,19.31,30.0
02a59725o0124c,160.87566258427,19.0829684269663,>19.945924581435253,0.0,1.47,c,22.135,59725.29649895,5908.24,7814.17,207.0,181.0,12.5,8.5,181.6,1048.6,496.7,1.05,2.58,2.37,1.0,3.0,-0.4017,18.742900957487024,12.745172651091174,19.41,30.0
02a59725o0132c,160.87566258427,19.0829684269663,>19.94088900763468,0.0,1.97,c,22.132,59725.30016635,5889.57,7775.03,193.0,181.6,17.1,8.7,179.0,-1053.8,541.7,0.84,2.54,2.33,1.0,3.0,-0.4077,25.023294854196674,12.731150013538656,19.45,30.0
02a59725o0144c,160.87566258427,19.0829684269663,>20.35,0.0,3.0,c,22.118,59725.30565285,5947.47,7852.39,189.0,179.1,7.7,8.4,176.4,-726.3,526.6,0.88,2.56,2.37,1.0,3.0,-0.4117,11.744587876655102,12.81227768362375,19.43,30.0
02a59725o0166c,160.87566258427,19.0829684269663,>20.43,0.0,3.0,c,22.103,59725.31574385,5968.02,7735.7,188.0,180.0,4.8,7.8,178.4,-648.6,483.8,0.92,2.54,2.36,1.0,3.0,-0.4167,7.3679335815445,11.972892070009815,19.44,30.0
02a59726o0142c,160.87566258427,19.0829684269663,>20.47,0.0,3.0,c,22.131,59726.30149035,5908.95,7815.53,202.0,179.6,5.6,7.9,178.7,-236.4,507.6,0.98,2.53,2.32,1.0,3.0,-0.4097,8.149956267920466,11.497259735102089,19.52,30.0
02a59726o0150c,160.87566258427,19.0829684269663,>20.49,0.0,3.0,c,22.129,59726.30515255,5890.06,7775.98,163.0,180.2,4.7,8.0,180.5,268.8,569.9,0.81,2.47,2.28,1.0,3.0,-0.4097,6.574888669841243,11.191299863559562,19.57,30.0
02a59726o0164c,160.87566258427,19.0829684269663,>20.04161022866083,0.0,2.55,c,22.106,59726.31154895,5948.24,7852.99,194.0,180.1,19.6,7.7,177.2,180.4,454.9,0.96,2.56,2.32,1.0,3.0,-0.4107,29.562609508614116,11.613882306955546,19.51,30.0
02a59726o0186c,160.87566258427,19.0829684269663,>20.054629564379532,0.0,1.29,c,22.116,59726.32162195,5968.17,7736.17,160.0,180.2,10.2,7.9,178.4,-752.8,547.5,1.09,2.51,2.31,1.0,3.0,-0.4087,14.854041003358684,11.504600384954278,19.48,30.0
01a59727o0015o,160.87566258427,19.0829684269663,>16.45,0.0,3.0,o,18.251,59727.27291765,6508.47,2652.11,175.0,180.4,-6.0,7.5,179.7,-1191.9,585.8,0.96,2.72,2.58,1.0,3.0,-0.4827,-398.0142356827817,497.51779460347717,15.44,30.0
01a59727o0023o,160.87566258427,19.0829684269663,>15.91,0.0,3.0,o,17.658,59727.27668995,6530.27,2690.68,177.0,181.9,0.1,7.4,181.1,-144.5,423.3,1.23,2.67,2.53,1.0,3.0,-0.4897,11.09661524238863,821.1495279367585,14.85,30.0
01a59727o0034o,160.87566258427,19.0829684269663,>16.67,0.0,3.0,o,18.415,59727.28199085,6471.64,2615.33,162.0,181.8,-14.6,7.5,182.2,72.0,460.9,0.78,2.64,2.52,1.0,3.0,-0.4877,-793.078303154451,407.403237921807,15.61,30.0
01a59727o0066o,160.87566258427,19.0829684269663,>16.35,0.0,3.0,o,17.996,59727.29713205,6460.73,2733.78,186.0,182.0,-9.9,6.8,181.6,198.9,404.0,0.89,2.67,2.51,1.0,3.0,-0.4827,-793.1930910666339,544.8194968942533,15.19,30.0
01a59728o0114o,160.87566258427,19.0829684269663,>16.52,0.0,3.0,o,18.411,59728.28920815,6631.97,4591.67,168.0,174.3,0.1,8.7,174.1,-158.7,587.8,0.79,2.63,2.49,1.0,3.0,-0.4927,5.391552529506085,469.06507006702935,15.56,30.0
02a59729o0070c,160.87566258427,19.0829684269663,>17.941818737241732,0.0,1.67,c,20.189,59729.27032285,5955.12,7853.64,174.0,168.8,14.5,8.7,168.4,-288.3,590.2,0.82,2.6,2.38,1.0,3.0,-0.4167,133.92974826765445,80.35784896059265,17.45,30.0
02a59729o0087c,160.87566258427,19.0829684269663,>19.11,0.0,3.0,c,20.93,59729.27811655,5975.72,7738.31,173.0,180.3,-12.0,8.3,181.9,344.7,494.4,0.96,2.54,2.54,1.0,3.0,-0.3997,-57.492001014306226,39.765300701561806,18.18,30.0
02a59730o0130c,160.87566258427,19.0829684269663,>17.43,0.0,3.0,c,19.178,59730.29802655,525.51,1516.02,182.0,180.7,1.7,7.1,178.9,-623.4,544.0,1.0,2.77,2.55,1.0,3.0,-0.4157,45.43887979361624,189.77414502039724,16.2,30.0
02a59730o0138c,160.87566258427,19.0829684269663,>18.06,0.0,3.0,c,19.688,59730.30169305,505.39,1477.37,179.0,183.4,-13.5,5.8,184.1,-200.6,366.8,1.07,2.89,2.67,1.0,3.0,-0.3907,-240.82502713725032,103.46556721452234,16.66,30.0
02a59730o0151c,160.87566258427,19.0829684269663,>19.69,0.0,3.0,c,21.682,59730.30763685,566.04,1554.46,186.0,180.3,4.9,8.5,180.1,-60.7,651.1,0.7,2.83,2.6,1.0,3.0,-0.3847,13.210358659235576,22.915928286429054,18.81,30.0
01a59731o0032o,160.87566258427,19.0829684269663,>19.57,0.0,3.0,o,22.03,59731.24832755,6623.7,4587.13,166.0,193.2,-23.3,14.1,196.1,2342.7,1022.6,1.29,2.78,2.45,1.0,3.0,-0.5027,-47.04630790534565,28.47008332469414,18.48,30.0
01a59731o0039o,160.87566258427,19.0829684269663,>19.548577887716863,0.0,1.65,o,22.117,59731.25155255,6646.78,4624.97,184.0,184.0,16.3,9.9,184.6,2040.7,683.4,1.23,2.73,2.5,1.0,3.0,-0.4947,30.21683724669328,18.352557591549903,18.96,30.0
01a59731o0055o,160.87566258427,19.0829684269663,>19.746305264707882,0.0,2.15,o,22.19,59731.25897855,6588.87,4550.13,194.0,181.1,19.1,8.9,182.5,507.6,607.3,0.94,2.69,2.55,1.0,3.0,-0.4787,32.785708480795876,15.27711023450698,19.27,30.0
01a59731o0079o,160.87566258427,19.0829684269663,>19.803067877112216,0.0,1.31,o,22.186,59731.27024355,6572.5,4668.55,218.0,180.2,10.9,8.3,180.1,514.1,547.4,0.85,2.71,2.58,1.0,3.0,-0.4767,19.106196503146037,14.54875513542313,19.32,30.0
01a59732o0033o,160.87566258427,19.0829684269663,>19.312524678312087,0.0,1.8,o,22.195,59732.24884635,6625.96,4590.21,171.0,180.6,22.8,12.7,178.8,1270.1,870.5,0.79,2.8,2.54,1.0,3.0,-0.4917,40.877595350773404,22.769537761176416,18.79,30.0
01a59732o0040o,160.87566258427,19.0829684269663,>19.55715742457526,0.0,1.36,o,22.193,59732.25206895,6648.89,4628.4,198.0,179.8,14.5,10.7,182.8,311.1,695.4,1.13,2.71,2.46,1.0,3.0,-0.5047,24.707633208424546,18.232529333113288,19.09,30.0
01a59732o0057o,160.87566258427,19.0829684269663,>19.760457993083858,0.0,1.32,o,22.19,59732.25999245,6591.86,4553.1,196.0,181.6,11.9,9.0,182.4,1358.2,540.6,0.87,2.67,2.48,1.0,3.0,-0.4957,20.029432702618845,15.14831044735879,19.25,30.0
01a59732o0080o,160.87566258427,19.0829684269663,>19.74121969202025,0.0,1.48,o,22.187,59732.27094555,6575.4,4670.08,191.0,181.5,13.3,9.0,180.9,215.2,576.5,0.8,2.67,2.53,1.0,3.0,-0.4887,22.753183471378758,15.396891070857805,19.28,30.0
02a59733o0026c,160.87566258427,19.0829684269663,>19.99,0.0,3.0,c,22.161,59733.25067775,531.45,1521.71,228.0,179.7,5.2,13.3,182.7,607.7,848.8,0.9,2.36,2.36,1.0,3.0,-0.4157,7.024025747342084,17.965296623009564,18.88,30.0
02a59733o0033c,160.87566258427,19.0829684269663,>19.927568786374156,0.0,1.85,c,22.158,59733.25389875,512.52,1482.28,197.0,181.8,17.8,9.6,181.9,709.7,544.8,1.19,2.45,2.25,1.0,3.0,-0.4167,23.885115738998937,12.88186017384212,19.22,30.0
02a59733o0050c,160.87566258427,19.0829684269663,>20.077094603104516,0.0,2.7,c,22.154,59733.26168115,576.39,1559.42,213.0,180.7,21.9,8.1,179.6,-329.4,493.0,0.78,2.5,2.29,1.0,3.0,-0.4127,30.519565834200602,11.288058596211183,19.47,30.0
02a59733o0093c,160.87566258427,19.0829684269663,>20.46,0.0,3.0,c,22.144,59733.28147795,596.43,1439.03,183.0,180.9,7.8,7.9,180.1,286.3,443.2,1.0,2.55,2.34,1.0,3.0,-0.4047,11.350353453796957,11.495870805768714,19.46,30.0
02a59734o0085c,160.87566258427,19.0829684269663,>19.615841099887223,0.0,1.74,c,21.731,59734.28181425,597.89,1438.77,199.0,180.8,15.1,8.7,180.6,5.3,523.0,0.86,2.51,2.19,1.0,3.0,-0.4137,29.857506044372762,17.20266904543331,19.1,30.0
01a59739o0109o,160.87566258427,19.0829684269663,>19.327465275951614,0.0,1.15,o,22.189,59739.28589125,4712.11,4736.14,207.0,182.2,14.7,12.8,180.7,337.5,798.7,0.81,2.71,2.59,1.0,3.0,-0.4767,25.795570364869814,22.461449025192767,18.81,30.0
01a59739o0116o,160.87566258427,19.0829684269663,>19.36759076016171,0.0,2.81,o,22.188,59739.28912075,4732.38,4775.29,204.0,179.2,34.8,12.4,176.5,262.9,936.9,1.08,2.69,2.58,1.0,3.0,-0.4847,60.88495301010665,21.694638428888577,18.79,30.0
01a59739o0129o,160.87566258427,19.0829684269663,>19.87,0.0,3.0,o,22.185,59739.29511065,4673.49,4699.71,215.0,181.9,9.9,11.6,185.3,1586.3,759.3,1.19,2.76,2.63,1.0,3.0,-0.4617,17.78520070067365,20.83922506341559,18.77,30.0
01a59739o0154o,160.87566258427,19.0829684269663,>19.30370323334063,0.0,2.5,o,22.176,59739.30661975,4656.76,4818.3,212.0,180.1,32.8,13.1,180.8,1444.6,864.7,0.97,2.69,2.52,1.0,3.0,-0.4997,57.46261815733082,22.95000908112908,18.74,30.0
01a59740o0043o,160.87566258427,19.0829684269663,>19.302164980094,0.0,1.84,o,22.2,59740.25547625,4699.8,4731.58,215.0,182.5,23.8,12.9,178.7,138.3,988.0,1.28,2.78,2.56,1.0,3.0,-0.4867,42.307802036402876,22.93153975922677,18.75,30.0
01a59740o0057o,160.87566258427,19.0829684269663,>19.271022107258464,0.0,1.79,o,22.198,59740.26206165,4720.44,4770.55,195.0,181.2,19.9,11.1,179.6,-944.9,897.8,0.86,3.06,2.92,1.0,3.0,-0.4347,42.414670705351874,23.658434413537982,18.73,30.0
01a59740o0078o,160.87566258427,19.0829684269663,>19.77,0.0,3.0,o,22.195,59740.27195745,4663.13,4696.69,189.0,183.6,-0.4,11.0,180.7,-453.0,855.4,1.05,3.03,2.81,1.0,3.0,-0.4607,-0.8343872996818034,22.94565074124959,18.79,30.0
02a59741o0091o,160.87566258427,19.0829684269663,>19.29426979240799,0.0,1.18,o,22.103,59741.28059355,2062.8,8014.07,217.0,186.6,20.6,17.5,187.8,1434.2,1009.8,1.02,2.42,2.14,1.0,3.0,-0.4147,27.268114250573415,23.164660164322076,18.82,30.0
02a59741o0100o,160.87566258427,19.0829684269663,>19.33334296075806,0.0,1.1,o,22.101,59741.28471645,2044.09,7974.12,212.0,185.1,20.4,18.5,191.2,1352.7,1138.0,1.1,2.28,2.05,1.0,3.0,-0.4297,24.755837356830032,22.450146622615474,18.89,30.0
02a59741o0114o,160.87566258427,19.0829684269663,>19.73,0.0,3.0,o,22.097,59741.29111595,2100.88,8051.87,157.0,185.6,14.0,17.0,186.4,1213.9,884.2,1.14,2.42,2.16,1.0,3.0,-0.4207,18.91280296591805,22.96554645861478,18.81,30.0
02a59741o0142o,160.87566258427,19.0829684269663,>19.49,0.0,3.0,o,22.089,59741.30393405,2123.08,7933.29,182.0,185.2,-4.1,15.2,188.5,2100.1,1127.2,1.12,2.77,2.59,1.0,3.0,-0.4117,-7.594901314174788,28.156707311087022,18.61,30.0
01a59743o0027o,160.87566258427,19.0829684269663,>19.14,0.0,3.0,o,22.199,59743.24903795,4703.94,4735.85,216.0,180.6,3.2,14.0,180.0,31.0,1104.4,0.97,3.57,3.35,1.0,3.0,-0.4037,8.863836707628066,38.779285595872786,18.1,30.0
01a59743o0034o,160.87566258427,19.0829684269663,>19.03,0.0,3.0,o,22.17,59743.25226125,4725.87,4775.04,157.0,176.8,-7.1,8.9,178.2,998.0,1218.6,0.88,4.59,4.41,1.0,3.0,-0.3167,-31.55501340496076,39.554875958331095,18.01,30.0
01a59743o0072o,160.87566258427,19.0829684269663,>19.65,0.0,3.0,o,22.191,59743.27016765,4668.5,4697.18,184.0,182.9,5.4,11.1,182.2,1197.5,835.5,0.93,3.17,2.96,1.0,3.0,-0.4507,12.345352028518304,25.37655694750984,18.6,30.0
01a59743o0082o,160.87566258427,19.0829684269663,>19.63,0.0,3.0,o,22.189,59743.27481045,4652.58,4816.01,242.0,179.8,6.1,11.1,183.5,2488.7,922.1,1.01,3.19,2.97,1.0,3.0,-0.4527,14.133044053010448,25.7175063915436,18.57,30.0
01a59744o0074o,160.87566258427,19.0829684269663,>19.021805599884924,0.0,2.08,o,22.186,59744.27121105,8334.63,554.31,234.0,181.0,31.6,15.2,181.5,1449.1,1138.2,1.07,2.89,2.73,1.0,3.0,-0.4657,61.873732827993514,29.76204870207282,18.43,30.0
01a59744o0081o,160.87566258427,19.0829684269663,>19.4,0.0,3.0,o,22.182,59744.27443375,8355.04,593.79,224.0,178.8,13.1,15.8,179.1,1992.6,1071.1,0.94,2.95,2.79,1.0,3.0,-0.4677,26.90644125581471,32.45204365205134,18.44,30.0
01a59744o0095o,160.87566258427,19.0829684269663,17.21,0.07,14.52,o,22.182,59744.28089015,8299.64,518.2,296.0,178.2,243.9,16.8,186.7,6979.1,1318.7,7.56,2.85,2.74,1.0,3.0,-0.4677,475.29797984769607,32.73885224043171,18.43,30.0
01a59744o0132o,160.87566258427,19.0829684269663,>19.25,0.0,3.0,o,22.164,59744.29792575,8282.49,642.05,198.0,182.1,2.3,15.7,182.8,1214.4,1246.2,1.07,3.15,2.96,1.0,3.0,-0.4467,5.336897306892405,36.43012509487424,18.24,30.0
02a59746o0073o,160.87566258427,19.0829684269663,>19.9,0.0,3.0,o,21.927,59746.27345665,3852.17,4031.44,185.0,179.5,1.8,9.7,176.9,-521.4,618.5,0.97,2.74,2.43,1.0,3.0,-0.4047,3.569341379501996,19.234784100649645,18.9,30.0
02a59746o0080o,160.87566258427,19.0829684269663,>19.81977682992512,0.0,1.31,o,22.092,59746.27666025,3832.95,3991.37,189.0,181.5,12.7,9.7,180.9,-874.7,553.6,0.91,2.52,2.27,1.0,3.0,-0.4137,18.740831858028514,14.313863702588705,19.2,30.0
02a59746o0093o,160.87566258427,19.0829684269663,>19.66339200749355,0.0,1.52,o,22.024,59746.28260915,3890.53,4068.84,187.0,180.5,13.7,9.0,181.3,198.2,669.7,1.15,2.74,2.46,1.0,3.0,-0.3997,25.036002275881074,16.447008794374426,19.06,30.0
02a59746o0118o,160.87566258427,19.0829684269663,>15.96,0.0,3.0,o,21.642,59746.29404745,3911.84,3951.81,194.0,150.4,22.7,327.6,174.2,-64284.6,15401.3,0.0,2.52,2.28,1.0,3.0,-0.4117,50.82998601984845,733.5640273172842,18.54,30.0
01a59747o0094o,160.87566258427,19.0829684269663,>20.3,0.0,3.0,o,22.172,59747.28041485,8332.57,555.04,179.0,181.7,5.7,8.3,182.5,666.5,560.2,0.99,2.67,2.54,1.0,3.0,-0.4787,9.835095445832714,14.321279333405531,19.28,30.0
01a59747o0101o,160.87566258427,19.0829684269663,>19.781438375179654,0.0,2.69,o,22.167,59747.28364455,8353.02,594.88,207.0,180.9,23.4,8.7,182.0,43.6,567.9,1.08,2.64,2.47,1.0,3.0,-0.4997,39.76266486662012,14.78355488630748,19.33,30.0
01a59747o0113o,160.87566258427,19.0829684269663,>19.753791485764967,0.0,2.88,o,22.163,59747.28916915,8294.58,520.62,225.0,182.4,25.3,8.8,181.0,281.5,623.2,1.18,2.68,2.49,1.0,3.0,-0.4912,43.814050812927064,15.239669847974634,19.28,30.0
01a59747o0138o,160.87566258427,19.0829684269663,>19.771714738146347,0.0,1.15,o,22.152,59747.30068185,8276.79,641.27,218.0,181.0,9.8,8.5,181.6,614.4,533.7,1.08,2.67,2.53,1.0,3.0,-0.4807,17.187654042653516,14.90765911862805,19.25,30.0
02a59749o0070c,160.87566258427,19.0829684269663,>19.98842754566079,0.0,1.39,c,22.096,59749.27485205,3846.53,4035.76,190.0,181.1,10.6,7.6,180.2,427.6,471.6,0.89,2.65,2.4,1.0,3.0,-0.3977,17.073467263959408,12.241353887367122,19.39,30.0
02a59749o0077c,160.87566258427,19.0829684269663,>20.19,0.0,3.0,c,22.093,59749.27805505,3827.24,3995.97,163.0,181.8,6.1,6.3,180.8,121.9,470.2,1.0,3.18,2.89,1.0,3.0,-0.3927,14.171425663758162,14.636062570766628,19.2,30.0
02a59749o0089c,160.87566258427,19.0829684269663,>19.85590855759522,0.0,1.96,c,22.083,59749.28354405,3886.29,4071.74,209.0,181.2,13.5,6.9,180.3,-297.6,433.7,0.98,2.91,2.66,1.0,3.0,-0.4077,27.031312879643146,13.816004360706497,19.26,30.0
02a59749o0111c,160.87566258427,19.0829684269663,>20.2,0.0,3.0,c,22.069,59749.29359685,3905.98,3955.02,175.0,180.3,-1.1,7.1,179.0,-189.4,510.0,0.84,2.92,2.69,1.0,3.0,-0.3967,-2.2412306956680306,14.466125399311832,19.27,30.0
01a59752o0092o,160.87566258427,19.0829684269663,>20.05,0.0,3.0,o,22.095,59752.28057775,8702.15,6382.15,177.0,181.7,4.6,8.2,182.2,396.6,519.4,1.13,2.97,2.71,1.0,3.0,-0.4617,9.955024132330944,17.74591258372038,19.05,30.0
01a59752o0099o,160.87566258427,19.0829684269663,>20.06,0.0,3.0,o,22.087,59752.28380555,8721.31,6421.43,187.0,181.0,-4.3,8.6,179.6,-268.2,638.5,1.0,2.85,2.63,1.0,3.0,-0.4737,-8.827298431167357,17.654596862334714,19.05,30.0
01a59752o0111o,160.87566258427,19.0829684269663,>19.82,0.0,3.0,o,21.876,59752.28933105,8660.43,6347.19,156.0,181.4,-3.9,8.7,181.5,-461.5,590.3,1.07,2.87,2.65,1.0,3.0,-0.4747,-9.875318762260521,22.029557238888856,18.8,30.0
01a59752o0138o,160.87566258427,19.0829684269663,>19.95,0.0,3.0,o,22.128,59752.30176835,8642.25,6468.02,172.0,178.6,-7.5,9.3,179.1,340.7,771.5,0.96,2.97,2.68,1.0,3.0,-0.4727,-15.729367233283943,19.504415369272085,19.01,30.0
02a59753o0050c,160.87566258427,19.0829684269663,>20.34,0.0,3.0,c,22.072,59753.26820275,3844.51,4034.77,189.0,181.1,4.3,8.6,184.0,1049.0,512.4,0.99,2.5,2.29,1.0,3.0,-0.4127,6.462531781307789,12.925063562615579,19.29,30.0
02a59753o0058c,160.87566258427,19.0829684269663,>20.42,0.0,3.0,c,22.091,59753.27185585,3824.64,3996.29,183.0,180.2,6.2,7.9,179.9,485.0,518.9,1.23,2.54,2.32,1.0,3.0,-0.4077,9.381496832883236,11.953842738673803,19.34,30.0
02a59753o0073c,160.87566258427,19.0829684269663,>20.36,0.0,3.0,c,22.086,59753.27871245,3882.7,4072.19,183.0,181.8,-2.9,8.4,181.5,-18.8,504.6,1.08,2.52,2.32,1.0,3.0,-0.4137,-4.397899177288855,12.738742444560826,19.33,30.0
02a59753o0095c,160.87566258427,19.0829684269663,>19.909699554687347,0.0,2.09,c,22.068,59753.28876495,3904.39,3953.76,209.0,180.2,17.8,8.5,179.1,-881.9,552.1,0.99,2.53,2.33,1.0,3.0,-0.4107,27.596575285793822,13.178139883665589,19.31,30.0
02a59754o0071c,160.87566258427,19.0829684269663,>20.26,0.0,3.0,c,22.093,59754.27607595,9944.93,4274.8,183.0,181.7,8.4,8.9,180.7,479.6,535.7,0.88,2.59,2.35,1.0,3.0,-0.3987,12.99587895704859,13.769443180682433,19.36,30.0
02a59754o0079c,160.87566258427,19.0829684269663,>20.38,0.0,3.0,c,22.087,59754.27973275,9925.63,4233.76,166.0,181.2,-0.2,8.5,179.7,146.9,523.7,1.32,2.48,2.29,1.0,3.0,-0.4157,-0.2949007683659064,12.533282655551021,19.41,30.0
02a59754o0085c,160.87566258427,19.0829684269663,None,None,None,c,22.015,59754.28247485,None,None,None,None,None,None,None,None,None,None,None,None,1.0,3.0,-0.4097,None,None,19.23,30.0
02a59754o0091c,160.87566258427,19.0829684269663,>19.908653657630865,0.0,1.37,c,22.081,59754.28521595,9984.58,4311.65,190.0,181.4,12.6,9.2,180.7,836.6,537.2,0.76,2.45,2.24,1.0,3.0,-0.4187,18.102701617266348,13.217845625305586,19.39,30.0
02a59754o0117c,160.87566258427,19.0829684269663,>19.872632900211478,0.0,1.8,c,22.061,59754.29709625,10004.3,4196.04,184.0,181.5,15.8,8.8,182.0,1205.7,495.9,0.84,2.51,2.31,1.0,3.0,-0.4157,24.361360224272733,13.568352529974689,19.33,30.0
01a59755o0018o,160.87566258427,19.0829684269663,>20.02,0.0,3.0,o,22.162,59755.27053525,8697.92,6380.32,189.0,180.7,5.6,9.6,180.6,107.3,715.2,1.09,2.81,2.66,1.0,3.0,-0.4527,10.493847022127966,17.989452037933656,19.05,30.0
01a59755o0026o,160.87566258427,19.0829684269663,>20.04,0.0,3.0,o,22.159,59755.27421895,8720.57,6419.52,201.0,180.1,-5.3,8.8,183.0,1255.4,640.4,1.08,2.95,2.72,1.0,3.0,-0.4367,-10.534781560142203,17.49171277910404,19.03,30.0
01a59755o0039o,160.87566258427,19.0829684269663,>20.07,0.0,3.0,o,22.152,59755.28019705,8662.31,6344.96,198.0,180.7,8.8,9.7,179.5,-583.5,637.9,0.95,2.71,2.59,1.0,3.0,-0.4717,15.904150339288528,17.530711169443034,19.11,30.0
01a59755o0067o,160.87566258427,19.0829684269663,>17.38,0.0,3.0,o,21.246,59755.29309795,8647.75,6464.57,103.0,163.7,-1.2,38.3,181.6,7583.4,4165.3,1.36,3.12,2.95,1.0,3.0,-0.4437,-6.384348730318144,203.76713030932078,16.84,30.0
01a59756o0006o,160.87566258427,19.0829684269663,>18.861818737241734,0.0,1.67,o,21.185,59756.28019885,8696.51,6384.46,205.0,182.1,11.0,6.6,183.1,742.1,495.6,1.07,3.05,2.84,1.0,3.0,-0.4327,57.672610502489654,34.60356630149379,18.06,30.0
01a59756o0013o,160.87566258427,19.0829684269663,>18.32,0.0,3.0,o,20.573,59756.28342575,8717.47,6423.49,132.0,139.3,-5.0,9.3,138.7,-785.1,714.7,0.78,3.0,2.86,1.0,3.0,-0.4397,-45.921497024335125,85.41398446526333,17.44,30.0
01a59756o0030o,160.87566258427,19.0829684269663,>19.79,0.0,3.0,o,22.096,59756.29125515,8658.42,6350.0,160.0,181.4,6.9,10.8,181.0,86.1,769.7,1.0,2.83,2.73,1.0,3.0,-0.4617,14.32045835243286,22.414630464677522,18.99,30.0
01a59756o0058o,160.87566258427,19.0829684269663,>17.81,0.0,3.0,o,19.956,59756.30414935,8641.41,6470.05,171.0,188.6,-7.0,8.8,190.2,544.4,636.4,0.91,2.95,2.78,1.0,3.0,-0.4297,-107.47899508726574,135.1164509668484,16.81,30.0
02a59757o0004c,160.87566258427,19.0829684269663,>20.06,0.0,3.0,c,21.406,59757.30555205,9945.11,4276.22,182.0,182.7,0.2,5.5,183.5,636.2,367.6,1.39,2.62,2.4,1.0,3.0,-0.4137,0.6102408467453518,16.781623285497176,18.53,30.0
02a59757o0011c,160.87566258427,19.0829684269663,>20.21,0.0,3.0,c,21.967,59757.30874955,9925.71,4236.91,202.0,181.6,7.3,8.3,180.0,1014.5,556.5,1.37,2.57,2.37,1.0,3.0,-0.4207,12.952782551398323,14.727136325562478,19.19,30.0
02a59757o0025c,160.87566258427,19.0829684269663,>19.651023105427488,0.0,2.02,c,21.952,59757.31515565,9984.66,4314.8,173.0,182.2,19.4,9.6,182.1,1457.4,564.2,1.15,2.53,2.33,1.0,3.0,-0.4227,33.84051139294688,16.745820070736603,19.19,30.0
02a59757o0050c,160.87566258427,19.0829684269663,19.57,0.29,3.22,c,21.941,59757.32658285,10000.8,4201.7,212.0,182.0,28.3,8.8,181.7,544.2,537.4,1.04,2.66,2.44,1.0,3.0,-0.4002,53.779485586093436,16.72294958154142,19.08,30.0
01a59760o0023o,160.87566258427,19.0829684269663,>19.73,0.0,3.0,o,22.121,59760.28321905,2634.81,3006.2,160.0,181.3,5.2,7.7,178.9,-882.9,642.7,0.94,3.58,3.27,1.0,3.0,-0.4167,15.331790216799243,22.702843205645035,18.79,30.0
02a59770o0029o,160.87566258427,19.0829684269663,>18.39387613455725,0.0,1.44,o,22.07,59770.25525155,7782.85,5792.09,171.0,179.5,56.2,39.0,182.4,3016.8,2380.2,0.69,2.37,2.14,1.0,3.0,-0.4397,76.85235500143955,53.33170542804523,17.9,30.0
02a59770o0036o,160.87566258427,19.0829684269663,>19.22,0.0,3.0,o,22.062,59770.25841715,7764.35,5752.51,221.0,182.3,23.4,27.1,180.5,2829.7,1656.2,1.06,2.38,2.12,1.0,3.0,-0.4337,31.89241602525478,36.93523394377798,18.22,30.0
02a59770o0052o,160.87566258427,19.0829684269663,>19.5,0.0,3.0,o,22.048,59770.26566065,7824.39,5827.9,160.0,180.3,4.0,18.1,181.9,216.7,1064.8,0.98,2.52,2.29,1.0,3.0,-0.4277,6.281375550171706,28.42322436452697,18.52,30.0
02a59770o0075o,160.87566258427,19.0829684269663,>19.56,0.0,3.0,o,22.029,59770.27612095,7844.64,5712.54,157.0,178.1,-11.9,18.7,181.5,1198.5,1266.7,1.25,2.43,2.13,1.0,3.0,-0.4307,-17.103759599225732,26.877336513069015,18.58,30.0
01a59771o0024o,160.87566258427,19.0829684269663,>18.12,0.0,3.0,o,22.055,59771.25439615,2871.73,6800.82,314.0,170.0,37.0,51.3,169.9,3393.4,3377.0,1.14,2.78,2.62,1.0,3.0,-0.4907,77.21586778296147,107.05875722340333,18.1,30.0
01a59771o0031o,160.87566258427,19.0829684269663,>18.27,0.0,3.0,o,22.037,59771.25758695,2892.32,6839.15,280.0,179.9,32.2,41.7,180.9,5338.8,3071.2,1.09,2.84,2.7,1.0,3.0,-0.4737,70.81034676645429,91.70159814165042,18.15,30.0
01a59771o0055o,160.87566258427,19.0829684269663,>17.67,0.0,3.0,o,21.811,59771.26851755,2830.17,6763.19,142.0,170.1,-6.4,53.3,181.6,4895.5,4499.2,0.95,3.07,2.76,1.0,3.0,-0.4717,-19.11552264823638,159.19646205484355,17.7,30.0
01a59771o0067o,160.87566258427,19.0829684269663,>16.76092591145521,0.0,1.08,o,21.692,59771.27398915,2816.27,6878.53,497.0,170.1,76.8,71.1,176.1,6625.8,4705.3,0.78,3.02,2.88,1.0,3.0,-0.4507,257.7029535333995,238.57656245084252,17.5,30.0

