#expname,ra,dec,mag,dm,snr,filter,zp,mjd,x,y,peakval,skyval,peakfit,dpeak,skyfit,flux,dflux,chin,major,minor,snrdet,snrlimit,apfit,uJy,duJy,mag5sig,texp
02a60431o0438o,249.97837375,37.182335,>20.34,0.0,3.0,o,22.023,60431.43402595,3504.08,10241.1,167.0,179.3,6.6,11.7,173.8,417.3,621.8,6.0,2.16,1.86,1.0,3.0,-0.4547,7.56953804633508,13.418726536684913,19.44,30.0
02a60431o0443o,249.97837375,37.182335,>19.859047753641104,0.0,1.87,o,22.024,60431.43642225,3522.39,10283.1,210.0,179.5,20.8,11.1,175.8,-299.7,667.5,3.15,2.26,1.94,1.0,3.0,-0.4447,25.771058057125643,13.752824251639165,19.42,30.0
02a60431o0491o,249.97837375,37.182335,>20.14,0.0,3.0,o,22.021,60431.45889635,3473.75,10204.2,165.0,184.3,-11.2,11.7,174.4,773.4,981.3,2.93,2.37,2.03,1.0,3.0,-0.4307,-15.07374457524931,15.746679600930083,19.35,30.0
01a60431o0480o,249.97837375,37.182335,>20.5,0.0,3.0,o,22.305,60431.46592425,6157.32,10506.3,210.0,182.7,4.8,8.1,183.4,4.5,501.0,4.74,2.71,2.41,1.0,3.0,-0.4187,6.677075947801342,11.267565661914766,19.5,30.0
01a60431o0484o,249.97837375,37.182335,>20.5,0.0,3.0,o,22.309,60431.46777075,6136.52,10467.6,183.0,182.6,-6.0,8.0,183.7,846.1,519.3,2.7,2.68,2.46,1.0,3.0,-0.4207,-8.409688252784571,11.212917670379426,19.49,30.0
02a60431o0538o,249.97837375,37.182335,>19.854067886196887,0.0,1.64,o,22.033,60431.48145385,3466.78,10328.2,206.0,179.9,18.2,11.1,180.5,1113.7,588.6,4.13,2.27,1.96,1.0,3.0,-0.4417,22.631433411242714,13.802687410153522,19.36,30.0
01a60431o0537o,249.97837375,37.182335,None,None,None,o,22.316,60431.49484625,None,None,None,None,None,None,None,None,None,None,None,None,1.0,3.0,-0.4217,None,None,19.46,30.0
01a60431o0550o,249.97837375,37.182335,>20.51,0.0,3.0,o,22.317,60431.50140725,6179.82,10428.9,195.0,183.6,-15.9,8.9,184.5,653.9,618.1,4.44,2.6,2.29,1.0,3.0,-0.4177,-19.9234571415119,11.152123808770812,19.43,30.0
02a60433o0512o,249.97837375,37.182335,>19.995440786509885,0.0,2.6,o,22.081,60433.46939595,1501.4,10319.5,197.0,180.4,26.8,10.3,178.0,661.8,504.7,8.23,2.27,1.94,1.0,3.0,-0.4427,31.58792705447557,12.140136144070832,19.53,30.0
02a60433o0545o,249.97837375,37.182335,>20.47,0.0,3.0,o,22.086,60433.48614795,2590.49,121.82,206.0,183.0,-3.8,10.7,174.5,-192.0,562.4,28.82,2.2,1.88,1.0,3.0,-0.4467,-4.202646602013683,11.833768063564845,19.59,30.0
02a60433o0549o,249.97837375,37.182335,>20.37,0.0,3.0,o,22.085,60433.48795585,2609.17,160.18,161.0,184.9,-24.7,10.1,173.5,-478.5,637.2,27.75,2.39,2.01,1.0,3.0,-0.4327,-31.350874310908576,12.81958828097881,19.5,30.0
02a60433o0553o,249.97837375,37.182335,19.57,0.22,4.44,o,22.083,60433.48988395,1536.08,10365.2,215.0,181.0,45.3,10.2,170.7,-387.4,531.2,6.59,2.31,1.94,1.0,3.0,-0.4387,54.03444027526236,12.166695161317351,19.49,30.0
02a60433o0555o,249.97837375,37.182335,>20.43,0.0,3.0,o,22.086,60433.49078805,2555.07,82.78,195.0,182.5,-26.5,10.5,177.8,851.3,567.9,15.93,2.26,1.93,1.0,3.0,-0.4397,-30.70933184090967,12.167848465266095,19.53,30.0
02a60433o0557o,249.97837375,37.182335,>19.940741239279966,0.0,1.76,o,22.082,60433.49169175,1476.51,10285.8,175.0,180.5,18.3,10.4,175.6,-746.6,531.3,4.52,2.32,1.99,1.0,3.0,-0.4367,22.467300617974395,12.768301990542826,19.5,30.0
02a60433o0564o,249.97837375,37.182335,>19.970501768937435,0.0,2.54,o,22.082,60433.49485835,1456.67,10404.0,229.0,180.5,26.7,10.5,184.4,1020.3,660.5,5.98,2.29,1.94,1.0,3.0,-0.4397,31.630584617914515,12.438993950865258,19.51,30.0
02a60433o0567o,249.97837375,37.182335,>20.36,0.0,3.0,o,22.086,60433.49621495,2541.01,201.57,166.0,187.6,-4.4,10.7,172.2,-1923.4,673.2,15.35,2.33,1.97,1.0,3.0,-0.4347,-5.34113517001977,12.988669618002618,19.48,30.0
02a60434o0458o,249.97837375,37.182335,>20.48,0.0,3.0,o,22.074,60434.47719905,2326.89,6239.2,166.0,180.7,-1.0,9.6,178.5,-198.4,451.6,3.16,2.31,1.95,1.0,3.0,-0.4427,-1.213403760467569,11.64867610048866,19.46,30.0
02a60434o0462o,249.97837375,37.182335,>19.92544556481913,0.0,1.54,o,22.075,60434.47900685,2347.25,6278.89,204.0,181.5,15.7,10.2,182.5,-526.4,509.2,4.01,2.38,2.0,1.0,3.0,-0.4387,20.038506529022182,13.01864755388702,19.45,30.0
02a60434o0469o,249.97837375,37.182335,>19.936645442392894,0.0,2.09,o,22.076,60434.48217075,2290.74,6202.04,187.0,180.3,21.3,10.2,180.0,-22.7,572.1,2.63,2.36,2.0,1.0,3.0,-0.4357,26.85841298110713,12.861775230389329,19.45,30.0
02a60434o0522o,249.97837375,37.182335,>19.895138698348607,0.0,2.72,o,22.076,60434.50784505,2288.66,6323.73,198.0,179.8,28.6,10.5,177.4,91.9,560.1,2.32,2.35,2.02,1.0,3.0,-0.4377,36.33657674045103,13.340351600515234,19.43,30.0
02a60435o0393o,249.97837375,37.182335,>15.883749448436825,0.0,2.2,o,18.609,60435.41395815,2318.67,6272.49,245.0,180.1,43.8,19.9,172.7,1184.7,1049.4,1.4,2.15,1.87,1.0,3.0,-0.4677,1180.6275743325496,536.4038522652452,15.86,30.0
02a60435o0400o,249.97837375,37.182335,>17.65,0.0,3.0,o,19.256,60435.41712475,2262.11,6195.61,184.0,180.2,-3.3,10.6,181.6,111.8,573.3,1.23,2.2,1.89,1.0,3.0,-0.4477,-49.768800088369986,159.86341846567328,16.51,30.0
02a60435o0443o,249.97837375,37.182335,16.38,0.16,6.41,o,19.559,60435.43707925,2256.16,6313.43,223.0,150.1,87.8,13.7,161.4,3776.7,731.5,1.87,2.21,1.92,1.0,3.0,-0.4467,1021.2845538277707,159.35761261321707,16.81,30.0
02a60437o0513o,249.97837375,37.182335,>20.49,0.0,3.0,o,22.083,60437.46798785,6428.78,1899.44,183.0,180.7,-9.1,10.7,175.3,-136.7,557.9,12.36,2.2,1.84,1.0,3.0,-0.4507,-9.913811144069097,11.656898817751575,19.51,30.0
02a60437o0517o,249.97837375,37.182335,>20.49,0.0,3.0,o,22.083,60437.46979545,6447.78,1938.36,169.0,181.4,-8.1,10.5,174.9,526.9,555.3,7.65,2.23,1.86,1.0,3.0,-0.4447,-8.99210918145395,11.656437827810677,19.46,30.0
02a60437o0524o,249.97837375,37.182335,>20.48,0.0,3.0,o,22.083,60437.47307715,6392.3,1861.98,176.0,182.0,6.8,10.7,176.5,-834.8,524.8,15.35,2.21,1.85,1.0,3.0,-0.4467,7.45472556359483,11.730229930950689,19.5,30.0
02a60437o0536o,249.97837375,37.182335,>20.54,0.0,3.0,o,22.083,60437.47850075,6377.08,1980.03,163.0,182.2,-18.1,10.0,183.3,767.2,566.3,13.14,2.22,1.86,1.0,3.0,-0.4477,-20.058721049807474,11.082166325860483,19.49,30.0
02a60438o0550o,249.97837375,37.182335,>20.49,0.0,3.0,o,22.083,60438.49117345,967.98,2127.18,188.0,179.0,0.4,12.0,183.4,-729.8,574.6,3.69,2.08,1.74,1.0,3.0,-0.4577,0.39213112907460906,11.76393387223827,19.53,30.0
02a60438o0593o,249.97837375,37.182335,>20.5,0.0,3.0,o,22.084,60438.51309945,942.66,2087.77,184.0,180.8,-6.6,11.0,182.0,114.3,656.5,2.03,2.17,1.8,1.0,3.0,-0.4517,-6.938009972897833,11.563349954829718,19.51,30.0
02a60438o0598o,249.97837375,37.182335,19.23,0.16,6.35,o,22.084,60438.51643285,1004.0,2164.48,220.0,176.7,71.1,11.2,152.6,-1300.7,548.7,12.26,2.15,1.79,1.0,3.0,-0.4507,73.57323239183366,11.589594975928794,19.5,30.0
02a60438o0658o,249.97837375,37.182335,>20.078500197586315,0.0,1.15,o,22.081,60438.54490085,1020.33,2045.37,164.0,181.2,12.3,10.7,173.0,1216.0,509.1,15.36,2.17,1.79,1.0,3.0,-0.4547,12.929347901122417,11.247481507480474,19.53,30.0
02a60439o0431o,249.97837375,37.182335,>20.42,0.0,3.0,o,22.073,60439.43080985,9637.45,8431.87,165.0,179.2,-5.0,10.7,181.5,262.3,599.5,3.87,2.25,1.9,1.0,3.0,-0.4437,-5.768526189280716,12.344646045060731,19.5,30.0
02a60439o0439o,249.97837375,37.182335,>20.45,0.0,3.0,o,22.079,60439.43459535,9660.31,8472.98,177.0,181.1,-25.0,10.5,186.6,271.6,581.0,7.66,2.25,1.89,1.0,3.0,-0.4457,-28.58532117982947,12.005834895528377,19.49,30.0
02a60439o0446o,249.97837375,37.182335,>20.49,0.0,3.0,o,22.081,60439.43775875,9602.09,8398.57,175.0,181.2,2.9,10.1,175.9,690.4,600.6,9.22,2.24,1.91,1.0,3.0,-0.4457,3.3299531915341434,11.597423184308568,19.47,30.0
02a60439o0470o,249.97837375,37.182335,>20.4,0.0,3.0,o,22.082,60439.44897155,9593.1,8521.59,158.0,178.8,-0.8,10.8,173.1,-1251.2,705.9,5.22,2.28,1.92,1.0,3.0,-0.4437,-0.9373133614840929,12.653730380035256,19.51,30.0
01a60447o0378o,249.97837375,37.182335,>20.24,0.0,3.0,o,22.308,60447.43423445,6336.4,4391.52,186.0,181.4,5.6,10.2,182.5,-189.5,582.6,2.15,2.75,2.39,1.0,3.0,-0.3987,7.674982025761145,13.979431546922086,19.32,30.0
01a60447o0383o,249.97837375,37.182335,>20.18,0.0,3.0,o,22.306,60447.43654425,6316.36,4353.05,191.0,179.6,-2.7,10.5,179.1,-891.5,653.5,2.84,2.77,2.43,1.0,3.0,-0.3997,-3.8002183623615715,14.778626964739445,19.28,30.0
01a60447o0389o,249.97837375,37.182335,>19.79681571362288,0.0,1.21,o,22.307,60447.43931755,6371.07,4431.23,182.0,179.9,13.1,10.8,178.4,-17.5,729.4,1.85,2.73,2.37,1.0,3.0,-0.4007,17.723154931186492,14.611455973802606,19.31,30.0
01a60447o0441o,249.97837375,37.182335,>20.25,0.0,3.0,o,22.304,60447.46544315,6360.15,4313.98,193.0,178.6,-21.8,10.7,182.4,1635.5,650.5,5.24,2.66,2.32,1.0,3.0,-0.4007,-28.208816154482534,13.845611598759776,19.37,30.0
02a60450o0385o,249.97837375,37.182335,>19.99,0.0,3.0,o,22.078,60450.50448115,9402.92,6392.86,218.0,181.4,-1.9,12.0,185.2,796.0,734.2,2.18,2.55,2.23,1.0,3.0,-0.4197,-2.8389476857965277,17.93019591029386,18.97,30.0
02a60450o0392o,249.97837375,37.182335,>19.541416545972545,0.0,2.26,o,22.078,60450.50764465,9381.79,6353.35,133.0,180.5,28.9,12.8,176.9,-863.6,678.4,2.9,2.5,2.18,1.0,3.0,-0.4247,41.5769943350717,18.414724134564626,19.0,30.0
02a60450o0418o,249.97837375,37.182335,>19.594099977372316,0.0,2.88,o,22.077,60450.52099265,9439.57,6433.29,227.0,182.5,44.0,15.3,179.9,1468.2,851.2,2.46,2.24,1.92,1.0,3.0,-0.4407,50.74119240380032,17.644096449503294,19.12,30.0
02a60450o0446o,249.97837375,37.182335,>19.589358723909598,0.0,2.23,o,22.074,60450.53479935,9457.5,6318.34,213.0,182.6,32.6,14.6,181.4,-130.1,822.0,1.54,2.28,1.97,1.0,3.0,-0.4397,39.33484276747014,17.61621792653571,19.11,30.0
01a60451o0431o,249.97837375,37.182335,>18.70063127385483,0.0,2.28,o,21.988,60451.43932175,9397.89,6377.83,221.0,187.1,52.6,23.1,190.3,2180.5,2000.8,1.49,2.62,2.32,1.0,3.0,-0.4177,91.10322806963961,40.00921232716112,18.11,30.0
01a60451o0481o,249.97837375,37.182335,>18.77,0.0,3.0,o,21.882,60451.46445995,9345.37,6336.87,174.0,179.4,-43.8,26.1,182.0,-1541.9,1950.7,0.82,2.73,2.47,1.0,3.0,-0.4047,-91.68376853885813,54.633478512881226,17.87,30.0
01a60451o0487o,249.97837375,37.182335,>18.76,0.0,3.0,o,21.828,60451.46723565,9400.96,6415.95,216.0,185.2,-28.2,27.0,190.6,4384.6,1999.3,1.25,2.63,2.38,1.0,3.0,-0.4187,-58.336525499286594,55.85412015889142,17.81,30.0
01a60451o0537o,249.97837375,37.182335,>18.92,0.0,3.0,o,21.959,60451.49176475,1068.35,4288.56,209.0,183.7,15.2,25.1,176.2,544.9,1627.8,0.91,2.7,2.42,1.0,3.0,-0.4117,28.905565044779728,47.73221596210337,18.0,30.0
01a60452o0466o,249.97837375,37.182335,>19.81,0.0,3.0,o,22.299,60452.47469435,1436.14,8395.75,243.0,175.8,7.9,17.1,173.7,-1333.1,1089.7,1.77,2.53,2.28,1.0,3.0,-0.4197,9.768799696631376,21.145123393974245,18.95,30.0
01a60452o0477o,249.97837375,37.182335,>19.86,0.0,3.0,o,22.305,60452.48025535,1459.65,8433.82,155.0,175.7,-14.1,16.7,171.1,-1488.9,1141.2,2.24,2.53,2.25,1.0,3.0,-0.4227,-17.158562352037375,20.322552572980435,18.94,30.0
01a60452o0486o,249.97837375,37.182335,>19.401530855033563,0.0,1.32,o,22.305,60452.48460465,1400.31,8353.96,196.0,174.9,22.5,17.0,175.9,-370.9,1031.5,1.63,2.55,2.28,1.0,3.0,-0.4187,27.862256808182913,21.051482921738202,18.93,30.0
01a60452o0537o,249.97837375,37.182335,19.35,0.29,3.23,o,22.303,60452.51199745,1392.46,8464.63,235.0,170.5,53.6,16.6,170.4,1071.1,1166.6,1.79,2.55,2.27,1.0,3.0,-0.4157,66.02213626488393,20.447154141736444,18.91,30.0
02a60453o0430o,249.97837375,37.182335,>19.0,0.0,3.0,o,21.761,60453.47036315,9126.23,2211.37,181.0,171.3,5.0,32.6,163.5,-793.5,1714.6,1.67,2.16,1.8,1.0,3.0,-0.4587,7.090143185799206,46.22773357141082,17.89,30.0
01a60453o0496o,249.97837375,37.182335,>19.69,0.0,3.0,o,22.316,60453.47324095,1438.81,8396.89,123.0,177.9,-2.7,19.0,174.3,-601.7,1204.4,1.74,2.59,2.28,1.0,3.0,-0.4157,-3.352409946476226,23.59103295668455,18.79,30.0
01a60453o0503o,249.97837375,37.182335,>19.7,0.0,3.0,o,22.318,60453.47662085,1461.92,8434.66,182.0,178.4,5.0,17.5,177.0,1491.0,1179.3,2.15,2.66,2.4,1.0,3.0,-0.4087,6.656127432002797,23.296446012009792,18.75,30.0
01a60453o0514o,249.97837375,37.182335,>19.6,0.0,3.0,o,22.318,60453.48208755,1403.55,8354.17,164.0,181.4,-2.1,19.1,171.5,-1332.1,1386.3,1.26,2.69,2.38,1.0,3.0,-0.4047,-2.79323372551021,25.405125789164295,18.72,30.0
02a60453o0495o,249.97837375,37.182335,>19.22543195482589,0.0,2.44,o,22.083,60453.50251715,9101.89,2171.94,249.0,173.7,54.4,22.3,172.2,1270.1,1295.2,2.52,2.2,1.87,1.0,3.0,-0.4487,60.12040981685429,24.64494740654137,18.71,30.0
02a60453o0501o,249.97837375,37.182335,>19.72,0.0,3.0,o,22.084,60453.50536925,9164.28,2252.72,195.0,176.9,20.4,22.7,176.2,144.3,1240.8,1.23,2.16,1.8,1.0,3.0,-0.4487,21.28703474205382,23.68704356101087,18.73,30.0
01a60453o0581o,249.97837375,37.182335,>19.23,0.0,3.0,o,22.21,60453.51454685,1397.22,8466.16,218.0,182.7,-13.0,23.3,180.5,-2620.8,1799.5,1.34,2.76,2.43,1.0,3.0,-0.4027,-19.97181126321474,35.79563095637719,18.28,30.0
02a60453o0523o,249.97837375,37.182335,>19.252703523523888,0.0,2.67,o,22.082,60453.51578035,9182.81,2136.25,239.0,179.0,61.9,23.2,173.3,301.4,1450.3,4.28,2.15,1.8,1.0,3.0,-0.4487,64.41104709786421,24.14113558433683,18.65,30.0
02a60454o0399o,249.97837375,37.182335,>19.254454958580435,0.0,1.47,o,22.046,60454.42426545,5195.41,4524.51,214.0,179.8,30.4,20.7,186.0,981.8,1158.6,1.91,2.21,1.89,1.0,3.0,-0.4497,35.32534457136698,24.05377081010844,18.65,30.0
02a60454o0406o,249.97837375,37.182335,>19.68,0.0,3.0,o,22.051,60454.42743135,5216.75,4563.27,160.0,177.8,-14.8,22.4,176.7,270.0,1138.0,2.12,2.17,1.83,1.0,3.0,-0.4537,-16.33545682961807,24.723934661043568,18.68,30.0
02a60454o0413o,249.97837375,37.182335,>19.64,0.0,3.0,o,22.04,60454.43059515,5160.64,4486.31,190.0,179.5,11.4,23.3,178.3,-1247.4,1223.3,1.87,2.15,1.82,1.0,3.0,-0.4547,12.536417428348194,25.62267772636078,18.63,30.0
02a60454o0425o,249.97837375,37.182335,>19.61,0.0,3.0,o,22.032,60454.43602195,5145.78,4604.25,182.0,174.0,20.9,23.1,179.9,6146.7,1145.9,1.4,2.19,1.84,1.0,3.0,-0.4507,23.755652800387562,26.256247832007308,18.56,30.0
01a60455o0480o,249.97837375,37.182335,19.31,0.25,3.92,o,22.313,60455.46356265,5104.33,4532.8,174.0,180.4,52.2,13.3,183.0,887.8,864.0,2.41,2.64,2.36,1.0,3.0,-0.4127,68.38253211691833,17.423135577682253,18.96,30.0
01a60455o0487o,249.97837375,37.182335,>19.585641820628545,0.0,2.8,o,22.315,60455.46688625,5125.33,4570.93,184.0,179.2,39.5,14.1,181.1,122.1,1016.0,2.39,2.57,2.32,1.0,3.0,-0.4187,49.70235295610585,17.74185257420487,19.0,30.0
01a60455o0558o,249.97837375,37.182335,>20.02,0.0,3.0,o,22.315,60455.50206575,5076.36,4486.24,179.0,181.7,5.6,13.8,182.6,1090.5,861.5,1.58,2.59,2.31,1.0,3.0,-0.4077,6.99936298133427,17.24843020400231,18.96,30.0
01a60455o0574o,249.97837375,37.182335,19.13,0.22,4.45,o,22.314,60455.51045555,5062.04,4598.71,197.0,181.0,66.8,15.0,183.9,2387.9,926.0,2.01,2.54,2.25,1.0,3.0,-0.4197,80.71447801172816,18.124508535567703,18.99,30.0
02a60457o0493o,249.97837375,37.182335,18.83,0.14,7.22,o,22.082,60457.46908185,5149.2,2366.4,215.0,179.7,99.6,13.8,176.3,1006.7,806.4,4.65,2.2,1.82,1.0,3.0,-0.4427,106.63803959129652,14.775150063854339,19.27,30.0
02a60457o0500o,249.97837375,37.182335,19.44,0.22,4.35,o,22.083,60457.47236555,5129.55,2327.78,204.0,178.8,56.5,13.0,186.9,721.8,684.6,3.03,2.2,1.83,1.0,3.0,-0.4417,60.71289802360512,13.969339368263126,19.26,30.0
01a60457o0497o,249.97837375,37.182335,18.99,0.16,6.5,o,22.317,60457.47590175,5418.36,8204.05,235.0,182.6,74.7,11.5,182.4,226.0,637.5,1.96,2.57,2.29,1.0,3.0,-0.4107,91.92802987250938,14.152240207949905,19.32,30.0
01a60457o0504o,249.97837375,37.182335,19.1,0.17,6.07,o,22.316,60457.47918565,5440.46,8242.07,234.0,182.4,64.9,10.7,185.3,1645.8,591.3,3.28,2.62,2.35,1.0,3.0,-0.4007,82.86527876061331,13.661918069931623,19.28,30.0
02a60457o0519o,249.97837375,37.182335,19.09,0.18,5.61,o,22.08,60457.48135395,5193.61,2408.67,273.0,178.5,79.1,14.1,180.6,1632.0,709.8,1.36,2.17,1.81,1.0,3.0,-0.4507,83.84429889163796,14.945696768294503,19.21,30.0
01a60457o0546o,249.97837375,37.182335,19.04,0.16,6.17,o,22.315,60457.50011475,5384.79,8161.97,265.0,181.4,67.9,11.0,180.8,911.2,654.2,2.87,2.64,2.36,1.0,3.0,-0.3997,87.7292566303687,14.212397981355753,19.28,30.0
01a60457o0558o,249.97837375,37.182335,19.11,0.17,5.91,o,22.314,60457.50565685,5367.84,8276.1,232.0,181.8,65.0,11.0,185.0,1283.0,622.6,3.32,2.57,2.35,1.0,3.0,-0.4157,82.69382630540903,13.99433983629999,19.29,30.0
02a60457o0594o,249.97837375,37.182335,19.21,0.19,5.18,o,22.074,60457.51666325,5205.36,2284.64,223.0,176.7,74.1,14.3,172.4,-593.8,739.1,1.32,2.11,1.76,1.0,3.0,-0.4557,75.01913916529166,14.477377733652776,19.3,30.0
02a60458o0393o,249.97837375,37.182335,18.82,0.15,6.92,o,21.921,60458.42171955,4535.31,2009.19,262.0,182.4,79.6,11.5,178.9,744.9,613.7,3.11,2.34,1.88,1.0,3.0,-0.4337,107.7073943740636,15.56074164951924,19.1,30.0
02a60458o0400o,249.97837375,37.182335,18.9,0.25,3.83,o,21.526,60458.42488185,4557.31,2044.0,218.0,179.7,56.3,14.7,184.2,1134.6,827.3,2.85,2.15,1.83,1.0,3.0,-0.4507,99.576461600537,25.99953793122369,18.57,30.0
02a60458o0412o,249.97837375,37.182335,>17.453703686424163,0.0,1.76,o,20.277,60458.43030365,4505.23,1965.86,215.0,190.1,36.7,20.8,185.3,-964.4,1136.9,1.17,2.25,1.92,1.0,3.0,-0.4377,222.48900630106982,126.09731147308588,16.89,30.0
02a60458o0445o,249.97837375,37.182335,18.57,0.11,9.13,o,22.067,60458.44580145,4494.34,2087.48,313.0,182.9,123.2,13.5,180.6,969.5,751.1,4.49,2.19,1.84,1.0,3.0,-0.4477,135.21702950082454,14.81680112224944,19.3,30.0
01a60459o0400o,249.97837375,37.182335,18.53,0.14,7.24,o,22.12,60459.49544735,4457.85,2042.93,279.0,179.9,92.0,12.7,184.9,2683.6,822.7,1.37,2.65,2.32,1.0,3.0,-0.4017,140.6307948620084,19.413164073342468,18.98,30.0
01a60459o0459o,249.97837375,37.182335,18.74,0.14,7.22,o,22.15,60459.52409905,4408.85,1959.6,256.0,181.2,83.0,11.5,189.1,2430.9,628.9,2.34,2.52,2.26,1.0,3.0,-0.4187,116.13037209909054,16.090352760717366,19.11,30.0
01a60459o0482o,249.97837375,37.182335,18.6,0.11,9.44,o,22.286,60459.53574395,4392.91,2075.3,253.0,183.0,106.7,11.3,188.2,1890.4,650.1,4.13,2.53,2.26,1.0,3.0,-0.4157,131.8718579492425,13.965810635674234,19.29,30.0
01a60460o0418o,249.97837375,37.182335,18.7,0.12,8.79,o,22.283,60460.43495245,8223.22,1757.1,233.0,180.8,82.6,9.4,177.9,282.4,579.6,3.67,2.7,2.48,1.0,3.0,-0.4147,119.77170655104258,13.630194207987898,19.39,30.0
01a60460o0489o,249.97837375,37.182335,18.47,0.1,10.93,o,22.288,60460.46979365,8252.41,1787.61,299.0,180.6,120.2,11.0,178.5,1713.5,659.3,3.39,2.52,2.27,1.0,3.0,-0.4197,148.89825596536437,13.626296302986756,19.36,30.0
01a60460o0496o,249.97837375,37.182335,18.45,0.09,11.72,o,22.289,60460.47309565,8196.07,1710.38,284.0,183.1,116.0,9.9,174.0,468.8,577.1,9.08,2.59,2.32,1.0,3.0,-0.4187,150.66226198649585,12.858244772985422,19.34,30.0
01a60460o0554o,249.97837375,37.182335,19.09,0.22,4.36,o,22.007,60460.50152315,8183.17,1824.0,178.0,182.4,51.9,11.9,178.8,-993.5,696.8,1.9,2.53,2.3,1.0,3.0,-0.4107,84.01841035118811,19.264336862796505,18.88,30.0
02a60461o0525o,249.97837375,37.182335,18.75,0.11,9.26,o,22.073,60461.48163255,2282.25,8796.87,273.0,182.4,106.5,11.5,183.2,641.0,711.9,3.89,2.17,1.84,1.0,3.0,-0.4472,115.1293121428839,12.431803658621266,19.54,30.0
02a60461o0531o,249.97837375,37.182335,18.38,0.09,12.16,o,22.072,60461.48449255,2264.08,8758.37,319.0,182.1,149.6,12.3,177.9,-234.5,532.1,6.59,2.16,1.84,1.0,3.0,-0.4497,161.4960531590136,13.278084584598044,19.55,30.0
02a60461o0591o,249.97837375,37.182335,18.53,0.1,10.0,o,22.051,60461.51342965,2314.5,8834.35,317.0,182.5,126.0,12.6,182.9,156.4,595.8,2.16,2.18,1.85,1.0,3.0,-0.4487,140.59099753987863,14.059099753987862,19.46,30.0
02a60461o0650o,249.97837375,37.182335,18.73,0.15,6.79,o,21.931,60461.54205475,2333.23,8716.02,298.0,182.3,97.8,14.4,186.3,1410.4,747.7,2.74,2.13,1.81,1.0,3.0,-0.4537,117.04578491336824,17.23373520196833,19.25,30.0
02a60462o0479o,249.97836272727272,37.18226727272727,18.61,0.09,10.96,o,22.003,60462.45973175,309.44,4294.84,299.0,181.1,112.9,10.3,177.4,-693.2,461.3,5.79,2.18,1.83,1.0,3.0,-0.4487,130.2447632176082,11.882383181057259,19.52,30.0
02a60462o0486o,249.97836272727272,37.18226727272727,19.16,0.14,7.05,o,22.068,60462.46289595,288.63,4256.73,252.0,178.6,73.3,10.4,175.9,204.2,560.3,8.28,2.16,1.83,1.0,3.0,-0.4487,78.91645367232128,11.196877465104247,19.59,30.0
02a60462o0490o,249.97836272727272,37.18226727272727,18.55,0.09,11.41,o,22.079,60462.46470445,10262.8,4284.66,299.0,178.6,131.2,11.5,179.4,2013.1,706.4,2.4,2.16,1.8,1.0,3.0,-0.4487,137.53677496987498,12.055433781658254,19.59,30.0
02a60462o0495o,249.97836272727272,37.18226727272727,18.48,0.09,11.97,o,22.076,60462.46749525,10244.2,4244.82,283.0,178.6,137.6,11.5,176.4,405.9,628.1,3.61,2.18,1.82,1.0,3.0,-0.4447,147.06355524037852,12.290922131281633,19.57,30.0
02a60462o0497o,249.97836272727272,37.18226727272727,18.68,0.09,11.03,o,22.07,60462.46839885,352.08,4330.32,299.0,180.4,114.7,10.4,167.3,-1227.9,561.7,10.59,2.18,1.81,1.0,3.0,-0.4467,122.81664560297381,11.135946942205125,19.59,30.0
02a60462o0564o,249.97836272727272,37.18226727272727,18.25,0.07,14.71,o,22.049,60462.50000635,10294.9,4323.47,279.0,181.0,167.7,11.4,170.1,670.2,531.3,5.19,2.14,1.83,1.0,3.0,-0.4527,182.70762444243752,12.420196294834751,19.55,30.0
02a60462o0566o,249.97836272727272,37.18226727272727,18.84,0.11,9.38,o,22.043,60462.50090935,361.8,4208.55,255.0,181.4,95.7,10.2,180.8,-107.5,470.6,5.02,2.16,1.84,1.0,3.0,-0.4497,106.10656546927513,11.309163717728383,19.52,30.0
02a60462o0624o,249.97836272727272,37.18226727272727,18.49,0.09,11.7,o,22.06,60462.52854745,10310.3,4206.87,300.0,179.9,126.4,10.8,178.1,912.5,547.9,2.72,2.24,1.88,1.0,3.0,-0.4447,145.51631451037136,12.433355986645651,19.46,30.0
02a60463o0384o,249.9783811111111,37.18228222222223,18.46,0.09,11.86,o,22.089,60463.41540085,368.71,6296.55,293.0,180.2,134.0,11.3,172.5,-255.7,544.4,7.16,2.22,1.9,1.0,3.0,-0.4447,150.44235356944878,12.686556681602772,19.55,30.0
02a60463o0390o,249.9783811111111,37.18228222222223,18.51,0.09,12.04,o,22.089,60463.41820425,394.75,6336.68,271.0,179.1,126.4,10.5,171.8,139.4,606.9,5.2,2.25,1.9,1.0,3.0,-0.4417,143.43064066426788,11.914728852648834,19.53,30.0
01a60463o0390o,249.9783811111111,37.18228222222223,18.49,0.09,12.23,o,22.301,60463.42035715,10232.4,6248.49,258.0,182.0,105.2,8.6,183.7,2079.9,496.3,7.67,2.62,2.47,1.0,3.0,-0.4237,146.20853639618997,11.952408868890053,19.47,30.0
02a60463o0402o,249.9783811111111,37.18228222222223,18.47,0.09,11.5,o,22.089,60463.42363465,340.26,6260.61,299.0,180.4,126.5,11.0,173.2,679.0,529.6,3.67,2.29,1.94,1.0,3.0,-0.4397,148.89718357978902,12.947581180851222,19.5,30.0
02a60463o0428o,249.9783811111111,37.18228222222223,18.95,0.12,8.9,o,22.089,60463.43570925,302.55,4280.69,272.0,181.0,92.6,10.4,180.0,-177.2,482.9,6.4,2.15,1.79,1.0,3.0,-0.4507,95.38085756944015,10.712320936524597,19.58,30.0
02a60463o0435o,249.9783811111111,37.18228222222223,19.17,0.14,7.07,o,22.088,60463.43888345,281.61,4242.78,232.0,180.7,72.1,10.2,176.5,-1388.9,447.9,6.17,2.21,1.84,1.0,3.0,-0.4437,78.03763633928757,11.039998483505316,19.54,30.0
01a60463o0458o,249.9783811111111,37.18228222222223,18.77,0.11,9.44,o,22.301,60463.45459875,10266.7,6277.33,225.0,182.8,88.7,9.4,187.9,2766.9,659.3,5.39,2.53,2.34,1.0,3.0,-0.4277,113.19278454294324,11.995627674223975,19.51,30.0
01a60463o0465o,249.9783811111111,37.18228222222223,18.56,0.09,12.21,o,22.301,60463.45783125,10206.6,6201.68,239.0,182.7,112.3,9.2,188.8,2708.6,489.0,8.11,2.44,2.29,1.0,3.0,-0.4357,136.25856479378328,11.162767552117597,19.53,30.0
02a60463o0476o,249.9783811111111,37.18228222222223,18.21,0.07,16.0,o,22.089,60463.45895615,10317.3,4200.21,313.0,181.5,179.2,11.2,173.2,1211.7,488.8,10.83,2.18,1.81,1.0,3.0,-0.4457,188.37871022431258,11.773669389019537,19.55,30.0
01a60463o0469o,249.9783811111111,37.18228222222223,18.48,0.09,11.55,o,22.301,60463.45968025,288.24,6331.74,330.0,181.9,117.8,10.2,173.7,648.3,540.1,4.54,2.5,2.32,1.0,3.0,-0.4317,147.81960222994806,12.79932039682063,19.51,30.0
02a60463o0480o,249.9783811111111,37.18228222222223,18.12,0.06,16.52,o,22.087,60463.46114475,344.06,4320.47,305.0,181.2,181.7,11.0,159.9,126.1,560.5,8.03,2.26,1.88,1.0,3.0,-0.4407,205.10675373012765,12.417029669958197,19.49,30.0
01a60463o0476o,249.9783811111111,37.18228222222223,18.79,0.11,9.06,o,22.302,60463.46291575,310.82,6370.02,242.0,180.5,87.9,9.7,172.7,-830.2,571.9,4.46,2.51,2.32,1.0,3.0,-0.4287,110.33399073773991,12.175650855017944,19.49,30.0
01a60463o0478o,249.9783811111111,37.18228222222223,18.61,0.1,10.81,o,22.301,60463.46384035,10190.7,6317.09,230.0,183.2,110.3,10.2,186.7,1661.0,618.0,5.5,2.43,2.25,1.0,3.0,-0.4347,130.83473208789638,12.098950746115532,19.56,30.0
02a60463o0492o,249.9783811111111,37.18228222222223,18.64,0.1,10.68,o,22.086,60463.46666185,362.63,4203.27,280.0,180.2,111.1,10.4,172.6,-381.0,521.6,5.9,2.27,1.9,1.0,3.0,-0.4367,126.95571694354979,11.884243530269288,19.5,30.0
01a60463o0544o,249.9783811111111,37.18228222222223,18.57,0.09,11.77,o,22.299,60463.49619795,262.46,6286.58,247.0,182.4,113.0,9.6,173.4,-507.1,470.8,3.43,2.44,2.26,1.0,3.0,-0.4357,135.5612154989064,11.516705033535409,19.52,30.0
01a60463o0563o,249.9783811111111,37.18228222222223,18.74,0.11,9.75,o,22.296,60463.50523765,243.57,6398.18,285.0,181.7,94.6,9.7,175.0,-64.3,542.6,6.24,2.46,2.28,1.0,3.0,-0.4337,115.53666724486317,11.846783005022969,19.47,30.0
01a60464o0391o,249.9784052380952,37.18228714285714,18.61,0.1,9.92,o,22.305,60464.42232475,10239.7,101.85,283.0,181.4,83.3,8.4,188.6,4232.4,614.8,3.72,2.83,2.65,1.0,3.0,-0.4017,130.9893708338596,13.209012184927017,19.44,30.0
01a60464o0402o,249.9784052380952,37.18228714285714,18.34,0.08,12.62,o,22.306,60464.42767105,10259.5,138.64,272.0,183.0,118.6,9.4,191.6,4079.2,548.7,3.03,2.67,2.52,1.0,3.0,-0.4067,167.94042057314155,13.310623553014596,19.51,30.0
01a60464o0409o,249.9784052380952,37.18228714285714,19.36,0.21,4.81,o,22.307,60464.43090355,10204.2,61.94,263.0,181.9,48.1,10.0,190.3,4531.0,548.5,6.05,2.61,2.46,1.0,3.0,-0.4147,65.41531485932676,13.59985755911159,19.54,30.0
01a60464o0416o,249.9784052380952,37.18228714285714,19.02,0.13,7.67,o,22.307,60464.43456815,570.56,200.25,230.0,180.9,64.4,8.4,182.1,2712.1,561.8,5.39,2.66,2.47,1.0,3.0,-0.4097,89.2119849670304,11.636345865264836,19.51,30.0
01a60464o0423o,249.9784052380952,37.18228714285714,18.45,0.09,11.94,o,22.307,60464.43818275,594.11,239.15,274.0,182.0,102.7,8.6,181.2,1014.3,534.5,4.1,2.75,2.56,1.0,3.0,-0.4047,151.740617832224,12.7066145409652,19.46,30.0
01a60464o0480o,249.9784052380952,37.18228714285714,19.23,0.18,5.4,o,22.303,60464.46578465,10195.6,172.07,228.0,180.8,47.0,8.7,186.6,3153.4,647.5,4.85,2.83,2.64,1.0,3.0,-0.3977,73.49316751067245,13.604054411550006,19.41,30.0
01a60464o0486o,249.9784052380952,37.18228714285714,18.4,0.08,12.67,o,22.306,60464.46933295,543.61,150.74,263.0,180.3,115.3,9.1,176.9,1992.8,639.2,3.58,2.67,2.43,1.0,3.0,-0.4107,158.01764590714996,12.471470752429006,19.5,30.0
01a60464o0542o,249.9784052380952,37.18228714285714,18.54,0.1,10.3,o,22.304,60464.49805425,536.7,261.99,289.0,181.4,108.1,10.5,183.0,1135.2,561.6,4.65,2.54,2.37,1.0,3.0,-0.4267,139.75472560944155,13.574695827004035,19.49,30.0
01a60465o0319o,249.9784257692307,37.18228538461538,18.49,0.08,12.48,o,22.293,60465.39025865,943.95,154.61,274.0,182.1,114.8,9.2,176.9,721.7,517.4,2.93,2.55,2.32,1.0,3.0,-0.4177,146.12643822684964,11.710481112256245,19.54,30.0
01a60465o0323o,249.9784257692307,37.18228538461538,18.5,0.09,11.96,o,22.293,60465.39221795,922.14,115.68,290.0,182.9,106.4,8.9,178.5,-119.5,634.7,2.7,2.65,2.41,1.0,3.0,-0.4067,144.73157551061396,12.106306598162261,19.52,30.0
02a60465o0389o,249.9784257692307,37.18228538461538,18.47,0.12,8.59,o,22.027,60465.41793115,261.73,10435.0,213.0,179.0,88.5,10.3,186.3,3714.8,682.9,4.56,2.74,2.26,1.0,3.0,-0.3997,148.17025146756347,17.244673334642982,19.25,30.0
02a60465o0396o,249.9784257692307,37.18228538461538,18.89,0.15,6.62,o,22.034,60465.42122695,243.44,10392.3,223.0,180.9,66.9,10.1,184.9,3409.3,686.0,4.85,2.58,2.16,1.0,3.0,-0.4117,101.2647558974369,15.288102160898541,19.28,30.0
02a60465o0397o,249.9784257692307,37.18228538461538,18.69,0.12,8.74,o,22.028,60465.42167865,965.99,163.4,231.0,181.0,80.4,9.2,182.8,518.0,528.1,7.0,2.52,2.19,1.0,3.0,-0.4107,121.0763861103986,13.854511843478447,19.29,30.0
02a60465o0466o,249.9784257692307,37.18228538461538,18.2,0.11,9.19,o,22.046,60465.45374545,289.94,10473.0,240.0,180.4,122.2,13.3,160.2,-1301.2,965.3,9.64,2.53,2.29,1.0,3.0,-0.4177,191.24317918581215,20.814519502220147,19.29,30.0
02a60465o0467o,249.9784257692307,37.18228538461538,18.26,0.09,11.63,o,22.037,60465.45419755,939.3,125.01,232.0,180.9,108.2,9.3,183.3,1765.9,529.9,3.66,2.6,2.37,1.0,3.0,-0.4147,181.09551720756167,15.56551118327471,19.23,30.0
02a60465o0473o,249.9784257692307,37.18228538461538,18.53,0.1,9.96,o,22.031,60465.45705905,1004.59,204.07,263.0,181.3,93.6,9.4,180.2,-206.6,537.5,3.82,2.47,2.22,1.0,3.0,-0.4157,140.3086744591005,14.09082841790112,19.27,30.0
02a60465o0481o,249.9784257692307,37.18228538461538,18.5,0.12,8.88,o,22.032,60465.46067695,314.48,10354.0,242.0,183.0,85.2,9.6,181.2,1233.9,559.0,3.02,2.61,2.37,1.0,3.0,-0.4167,144.07452399390394,16.233749182411714,19.22,30.0
02a60465o0503o,249.9784257692307,37.18228538461538,18.48,0.13,7.91,o,22.049,60465.47124695,9925.96,10417.4,202.0,181.5,58.5,7.4,175.9,-477.6,578.3,3.24,3.24,2.93,1.0,3.0,-0.4017,147.41010037810096,18.64674774013585,19.02,30.0
02a60465o0508o,249.9784257692307,37.18228538461538,17.73,0.07,15.19,o,22.052,60465.47372055,1024.45,86.34,275.0,179.0,138.2,9.1,178.6,1507.0,767.5,3.37,2.95,2.72,1.0,3.0,-0.4057,294.6169358431707,19.399523271873036,19.09,30.0
02a60465o0510o,249.9784257692307,37.18228538461538,19.3,0.22,4.39,o,22.055,60465.47462545,9902.82,10374.8,196.0,181.6,36.9,8.4,180.8,1642.9,587.2,2.31,2.77,2.52,1.0,3.0,-0.4187,69.06617763453913,15.722381900545496,19.18,30.0
02a60465o0576o,249.9784257692307,37.18228538461538,19.32,0.28,3.46,o,22.041,60465.53095855,9952.17,10458.6,230.0,179.5,35.6,10.3,175.3,-500.5,694.2,1.81,2.81,2.53,1.0,3.0,-0.4087,68.11387442363277,19.70710411694993,19.12,30.0
02a60465o0636o,249.9784257692307,37.18228538461538,18.71,0.13,7.78,o,22.031,60465.55942035,9967.11,10340.6,259.0,180.7,92.6,11.9,181.5,617.5,707.7,3.61,2.34,1.99,1.0,3.0,-0.4297,119.40944114541557,15.345273754108481,19.28,30.0
01a60467o0296o,249.9784257692307,37.18228538461538,18.64,0.08,12.32,o,22.295,60467.42534645,6316.18,6552.07,267.0,181.4,94.9,7.7,182.4,1797.5,387.1,4.83,2.64,2.38,1.0,3.0,-0.4057,126.65018882780556,10.2761480924563,19.55,30.0
01a60467o0303o,249.9784257692307,37.18228538461538,18.9,0.11,9.35,o,22.3,60467.42858055,6337.21,6589.22,240.0,181.4,73.9,7.9,179.6,-17.1,485.8,7.05,2.63,2.41,1.0,3.0,-0.4117,99.58088341799504,10.645317713155086,19.58,30.0
01a60467o0316o,249.9784257692307,37.18228538461538,19.28,0.14,7.36,o,22.3,60467.43459015,6280.85,6510.18,259.0,182.8,57.4,7.8,184.5,1955.6,476.9,8.19,2.51,2.29,1.0,3.0,-0.4187,70.59595888445808,9.593179081860159,19.6,30.0
01a60467o0343o,249.9784257692307,37.18228538461538,18.98,0.11,9.14,o,22.295,60467.44812635,6269.1,6623.07,237.0,181.9,67.6,7.4,179.6,635.3,424.5,4.56,2.68,2.42,1.0,3.0,-0.3997,92.60951317514451,10.137727773610495,19.57,30.0
02a60467o0448o,249.97841333333326,37.18225333333333,18.73,0.1,10.06,o,22.049,60467.44955815,4220.97,4010.99,286.0,179.3,113.7,11.3,182.5,1542.8,584.8,4.27,2.11,1.76,1.0,3.0,-0.4507,117.25040002529092,11.652854180174032,19.6,30.0
02a60467o0455o,249.97841333333326,37.18225333333333,18.57,0.08,12.29,o,22.05,60467.45272225,4202.72,3972.14,272.0,181.5,129.0,10.5,175.3,1342.4,488.7,16.12,2.14,1.77,1.0,3.0,-0.4507,135.56122830940052,11.034053467044227,19.59,30.0
02a60467o0468o,249.97841333333326,37.18225333333333,18.8,0.11,9.56,o,22.044,60467.45872845,4261.77,4050.26,278.0,180.0,105.2,11.0,171.3,-142.8,561.6,9.63,2.12,1.76,1.0,3.0,-0.4477,109.2000944096416,11.418260822300924,19.54,30.0
02a60467o0542o,249.97841333333326,37.18225333333333,18.69,0.1,10.11,o,22.054,60467.49393125,4277.04,3935.31,227.0,179.5,105.1,10.4,171.5,1659.9,662.7,7.9,2.28,1.84,1.0,3.0,-0.4447,121.20321259175797,11.993467278347127,19.5,30.0
01a60468o0388o,249.97841333333326,37.18225333333333,None,None,None,o,22.311,60468.42492475,None,None,None,None,None,None,None,None,None,None,None,None,1.0,3.0,-0.4187,None,None,19.53,30.0
01a60468o0418o,249.97841333333326,37.18225333333333,18.75,0.1,10.4,o,22.312,60468.44078485,6186.94,18.93,288.0,181.9,93.6,9.0,179.7,-603.7,568.6,5.8,2.53,2.28,1.0,3.0,-0.4197,114.36416467302803,10.996554295483467,19.61,30.0
02a60469o0186o,249.97841333333326,37.18225333333333,None,None,None,o,22.084,60469.41563845,None,None,None,None,None,None,None,None,None,None,None,None,1.0,3.0,-0.4507,None,None,19.58,30.0
02a60469o0190o,249.97841333333326,37.18225333333333,19.09,0.16,6.37,o,22.081,60469.41745675,5083.32,412.39,308.0,181.0,82.8,13.0,173.6,-109.4,606.2,3.75,2.12,1.77,1.0,3.0,-0.4487,83.61769840985086,13.12838260058045,19.57,30.0
02a60469o0201o,249.97841333333326,37.18225333333333,18.83,0.12,8.55,o,22.082,60469.42281945,5062.24,372.96,216.0,182.7,107.7,12.6,176.4,-368.2,664.8,7.23,2.1,1.75,1.0,3.0,-0.4527,106.81488862698639,12.496449365831277,19.6,30.0
02a60469o0208o,249.97841333333326,37.18225333333333,18.9,0.13,7.97,o,22.083,60469.42598325,5122.6,451.21,264.0,181.3,98.0,12.3,173.7,-647.5,573.5,8.61,2.15,1.77,1.0,3.0,-0.4497,100.27589507804309,12.585648055713575,19.56,30.0
02a60469o0225o,249.97841333333326,37.18225333333333,None,None,None,o,22.086,60469.43432245,None,None,None,None,None,None,None,None,None,None,None,None,1.0,3.0,-0.4517,None,None,19.59,30.0
02a60469o0233o,249.97841333333326,37.18225333333333,19.42,0.21,4.8,o,22.083,60469.43832565,5143.0,337.47,256.0,180.7,62.4,13.0,165.1,122.7,681.8,4.14,2.11,1.75,1.0,3.0,-0.4527,62.12463339818057,12.942631957954285,19.55,30.0
02a60470o0292o,249.9784310714285,37.18223892857143,18.74,0.11,9.74,o,22.096,60470.38077455,9053.35,4281.85,207.0,180.3,75.0,7.7,179.0,835.1,492.1,3.74,2.59,2.32,1.0,3.0,-0.4167,116.14693605593015,11.924418768408827,19.48,30.0
02a60470o0299o,249.9784310714285,37.18223892857143,19.38,0.19,5.24,o,22.096,60470.38394225,9074.59,4322.37,224.0,182.2,36.7,7.0,183.4,1346.1,435.4,5.66,2.74,2.49,1.0,3.0,-0.4107,64.17630659700498,12.24071242994645,19.39,30.0
02a60470o0313o,249.9784310714285,37.18223892857143,18.69,0.12,8.94,o,22.095,60470.39027075,9021.36,4247.92,229.0,180.5,62.6,7.0,179.0,1065.3,571.1,2.87,2.86,2.61,1.0,3.0,-0.4207,120.98725375751242,13.52892613901896,19.32,30.0
02a60470o0325o,249.9784310714285,37.18223892857143,18.13,0.07,15.5,o,22.096,60470.39569355,9006.48,4367.15,249.0,180.8,124.0,8.0,170.2,43.8,480.8,11.52,2.64,2.42,1.0,3.0,-0.4097,202.8615424450211,13.087841448065877,19.4,30.0
02a60471o0277o,249.97845758620682,37.18222,18.91,0.13,7.97,o,22.095,60471.36867855,9048.91,4283.5,208.0,180.8,72.5,9.1,174.1,318.5,475.7,8.93,2.45,2.16,1.0,3.0,-0.4227,99.52142534813144,12.491654767834435,19.39,30.0
02a60471o0281o,249.97845758620682,37.18222,18.51,0.1,10.0,o,22.095,60471.37048615,9068.53,4322.18,263.0,180.1,84.0,8.4,183.6,2018.8,584.8,5.32,2.73,2.44,1.0,3.0,-0.4127,143.8104696954453,14.381046969544531,19.31,30.0
02a60471o0289o,249.97845758620682,37.18222,18.81,0.12,8.52,o,22.094,60471.37410255,9012.69,4247.65,258.0,180.8,82.6,9.7,178.2,691.0,504.5,10.17,2.41,2.1,1.0,3.0,-0.4267,108.93692945959558,12.792835541865339,19.41,30.0
01a60471o0289o,249.97845758620682,37.18222,18.95,0.12,8.42,o,22.306,60471.37528225,1559.85,6275.87,270.0,181.5,74.9,8.9,181.8,1644.4,486.3,3.78,2.6,2.31,1.0,3.0,-0.4197,95.81332039756116,11.38502739036441,19.55,30.0
01a60471o0293o,249.97845758620682,37.18222,19.32,0.17,5.87,o,22.307,60471.37713065,1538.46,6237.54,219.0,181.5,54.0,9.2,179.7,766.7,608.8,3.05,2.57,2.31,1.0,3.0,-0.4197,68.21778411531926,11.62228914557291,19.54,30.0
02a60471o0301o,249.97845758620682,37.18222,19.0,0.15,6.65,o,22.096,60471.37954925,8998.53,4367.42,218.0,181.1,55.9,8.4,180.1,451.4,642.5,4.87,2.66,2.38,1.0,3.0,-0.4127,90.87180338071427,13.655154711949907,19.31,30.0
01a60471o0299o,249.97845758620682,37.18222,19.24,0.16,6.32,o,22.307,60471.37989995,1593.54,6313.63,218.0,181.5,58.8,9.3,181.4,67.4,515.5,3.46,2.54,2.31,1.0,3.0,-0.4197,73.4144869087128,11.611474970255596,19.55,30.0
01a60471o0310o,249.97845758620682,37.18222,19.13,0.15,6.54,o,22.307,60471.38498365,1606.46,6198.27,218.0,180.7,62.8,9.6,181.7,570.5,623.9,5.04,2.6,2.34,1.0,3.0,-0.4167,81.07885265973748,12.394219514864329,19.5,30.0
01a60472o0452o,249.97845758620682,37.18222,20.06,0.3,3.12,o,22.305,60472.47528685,7049.74,4396.42,195.0,182.4,26.2,8.4,179.1,452.8,541.3,7.6,2.58,2.38,1.0,3.0,-0.4227,34.391941993863995,11.026424150704486,19.49,30.0
01a60472o0462o,249.97845758620682,37.18222,19.1,0.14,7.13,o,22.303,60472.48061105,7069.36,4435.13,245.0,183.4,59.2,8.3,181.9,134.1,552.0,5.65,2.67,2.46,1.0,3.0,-0.4197,83.0475491759632,11.643490847305651,19.49,30.0
01a60472o0473o,249.97846733333327,37.182214,18.76,0.1,10.24,o,22.303,60472.48709255,7012.09,4357.89,272.0,183.4,91.1,8.9,181.9,871.7,546.6,2.19,2.53,2.3,1.0,3.0,-0.4257,113.84801934693809,11.122364129393514,19.52,30.0
01a60472o0542o,249.97846733333327,37.182214,18.97,0.13,7.74,o,22.29,60472.52457105,7001.77,4473.67,272.0,183.0,71.2,9.2,176.1,227.9,558.3,7.55,2.57,2.36,1.0,3.0,-0.4237,93.68797783430077,12.105749944881559,19.43,30.0
02a60473o0374o,249.9784619354838,37.182220967741934,18.95,0.12,8.26,o,22.097,60473.41383545,3507.26,6150.01,237.0,182.7,76.0,9.2,181.9,619.5,555.2,3.06,2.37,2.03,1.0,3.0,-0.4327,95.546926502266,11.56620689237957,19.51,30.0
02a60473o0381o,249.9784619354838,37.182220967741934,19.11,0.13,7.68,o,22.097,60473.41700135,3488.83,6107.28,231.0,180.5,76.0,9.9,170.6,466.4,498.6,6.84,2.21,1.87,1.0,3.0,-0.4397,82.60497760255542,10.760385240332877,19.62,30.0
02a60473o0392o,249.9784619354838,37.182220967741934,18.96,0.12,8.93,o,22.097,60473.42210115,3546.35,6182.35,254.0,181.5,88.4,9.9,174.0,783.7,551.3,5.04,2.2,1.85,1.0,3.0,-0.4437,94.97415090204584,10.636245406450834,19.6,30.0
02a60473o0467o,249.9784619354838,37.182220967741934,19.29,0.17,5.95,o,22.093,60473.45876565,3559.75,6067.08,220.0,181.4,67.2,11.3,173.7,-741.2,559.0,2.71,2.16,1.82,1.0,3.0,-0.4447,70.05726157908423,11.780462140530533,19.59,30.0
02a60474o0340o,249.9784619354838,37.182220967741934,19.56,0.19,5.25,o,22.1,60474.40169165,2281.12,4136.47,189.0,180.0,50.9,9.7,175.2,1180.2,600.9,3.86,2.21,1.83,1.0,3.0,-0.4447,54.240026249056484,10.336507949230803,19.55,30.0
02a60474o0391o,249.9784619354838,37.182220967741934,19.06,0.13,8.05,o,22.099,60474.42793325,2259.72,4097.96,230.0,177.2,83.7,10.4,178.9,1544.8,545.9,4.53,2.17,1.8,1.0,3.0,-0.4477,86.46024109357575,10.742969024769272,19.62,30.0
02a60474o0398o,249.9784619354838,37.182220967741934,19.32,0.17,6.02,o,22.098,60474.43109665,2318.11,4174.47,237.0,179.8,62.0,10.3,170.4,165.4,534.0,5.13,2.21,1.88,1.0,3.0,-0.4467,68.12406548246545,11.317385072087003,19.56,30.0
02a60474o0456o,249.9784619354838,37.182220967741934,>20.08993660976615,0.0,2.5,o,22.095,60474.45951985,2333.4,4058.73,201.0,180.1,25.7,10.3,182.3,548.4,500.1,2.64,2.2,1.85,1.0,3.0,-0.4487,27.78985481350794,11.137568271561546,19.55,30.0
01a60475o0336o,249.9784619354838,37.182220967741934,>19.512404878284265,0.0,1.71,o,21.972,60475.39553045,8270.97,6416.15,191.0,185.1,19.2,11.2,184.2,1101.5,663.5,2.57,2.58,2.28,1.0,3.0,-0.4167,32.62980864791299,19.034055044615904,18.89,30.0
01a60475o0343o,249.9784619354838,37.182220967741934,19.67,0.28,3.37,o,22.124,60475.39876445,8291.44,6453.46,199.0,182.6,33.7,10.0,181.7,-480.8,661.0,4.11,2.54,2.28,1.0,3.0,-0.4187,49.10856115108858,14.57227333860195,19.13,30.0
02a60475o0346o,249.9784619354838,37.182220967741934,19.27,0.16,6.12,o,22.1,60475.40262955,2277.98,4134.25,205.0,180.8,72.2,11.8,169.5,-488.3,628.3,10.26,2.09,1.78,1.0,3.0,-0.4517,71.22988304648698,11.64144902975826,19.54,30.0
01a60475o0355o,249.9784619354838,37.182220967741934,19.19,0.27,3.5,o,21.845,60475.40431125,8235.09,6375.51,227.0,183.3,41.3,11.8,172.1,-1019.3,727.6,2.08,2.52,2.25,1.0,3.0,-0.4227,76.4701348131268,21.848609946607663,18.71,30.0
02a60475o0353o,249.9784619354838,37.182220967741934,19.45,0.19,5.25,o,22.1,60475.40579535,2259.8,4095.85,232.0,178.8,61.4,11.7,181.1,722.0,672.8,2.15,2.08,1.78,1.0,3.0,-0.4517,60.28516496993297,11.487564008928594,19.58,30.0
02a60475o0366o,249.9784619354838,37.182220967741934,19.74,0.24,4.04,o,22.099,60475.41170135,2317.32,4171.74,229.0,180.0,45.2,11.2,180.4,756.0,625.4,1.91,2.12,1.82,1.0,3.0,-0.4487,46.1641059406838,11.438893507426073,19.58,30.0
01a60475o0379o,249.9784619354838,37.182220967741934,>19.453974459555443,0.0,2.48,o,21.864,60475.41558815,8222.68,6489.41,189.0,181.3,26.8,10.8,181.4,364.5,727.2,2.37,2.54,2.29,1.0,3.0,-0.4167,49.74652378454545,20.047106599742197,18.8,30.0
02a60475o0442o,249.9784619354838,37.182220967741934,19.37,0.17,5.85,o,22.096,60475.44730975,2326.15,4055.2,227.0,180.4,60.8,10.4,174.1,435.5,508.7,10.27,2.19,1.84,1.0,3.0,-0.4437,64.73278057641612,11.072712467018547,19.56,30.0
01a60476o0366o,249.97845666666657,37.182217575757576,18.69,0.1,9.97,o,22.313,60476.41088615,2531.54,2107.93,282.0,183.3,95.7,9.6,179.7,-473.6,626.6,2.07,2.59,2.32,1.0,3.0,-0.4157,121.24349082779531,12.16235644667539,19.47,30.0
01a60476o0375o,249.97845666666657,37.182217575757576,18.68,0.1,10.82,o,22.314,60476.41524195,2552.48,2145.96,234.0,183.1,107.1,9.9,180.7,415.5,562.1,3.96,2.44,2.2,1.0,3.0,-0.4297,122.6763153608125,11.339827470327204,19.54,30.0
01a60476o0388o,249.97845666666657,37.182217575757576,19.25,0.15,6.82,o,22.313,60476.42169065,2497.58,2065.53,202.0,183.0,59.3,8.7,181.3,-5.8,554.8,5.94,2.53,2.29,1.0,3.0,-0.4197,72.70586440405245,10.666796295366886,19.48,30.0
01a60476o0459o,249.97845666666657,37.182217575757576,19.73,0.23,4.26,o,22.31,60476.45660465,2490.13,2174.7,189.0,181.6,38.8,9.1,177.5,1374.3,567.9,7.5,2.5,2.25,1.0,3.0,-0.4257,46.57072486035678,10.922515366733164,19.57,30.0
02a60477o0341o,249.9784599999999,37.18221764705882,>20.31,0.0,3.0,o,22.099,60477.40302835,7991.49,8487.35,190.0,180.7,10.3,12.0,179.9,-92.5,776.7,2.84,2.26,1.91,1.0,3.0,-0.4397,11.671798366125277,13.598211688689643,19.33,30.0
02a60477o0349o,249.9784599999999,37.18221764705882,>19.90484240727165,0.0,1.26,o,22.098,60477.40707905,7972.88,8446.51,179.0,179.6,15.2,12.1,179.4,278.4,635.6,2.67,2.22,1.87,1.0,3.0,-0.4417,16.611043449318554,13.223264851102273,19.36,30.0
02a60477o0367o,249.9784599999999,37.18221764705882,>19.85021861027339,0.0,2.76,o,22.098,60477.41572365,8029.48,8528.55,194.0,180.5,34.8,12.6,182.9,-335.7,594.1,2.75,2.24,1.87,1.0,3.0,-0.4377,38.232052518851404,13.842639705101371,19.37,30.0
02a60477o0442o,249.9784599999999,37.18221764705882,19.13,0.17,5.88,o,22.095,60477.45115295,8039.25,8412.12,247.0,181.1,73.5,12.5,176.7,-185.5,619.5,1.74,2.23,1.87,1.0,3.0,-0.4447,81.13206948813549,13.797971001383583,19.35,30.0
02a60479o0342o,249.9784599999999,37.18221764705882,>19.678546400985212,0.0,2.25,o,22.088,60479.39843565,7131.48,2267.41,219.0,181.9,30.4,13.5,180.0,1500.6,756.2,2.85,2.29,2.0,1.0,3.0,-0.4357,36.78729092713741,16.33646143145905,19.2,30.0
02a60479o0349o,249.9784599999999,37.18221764705882,19.5,0.26,3.65,o,22.072,60479.40161545,7110.99,2228.1,183.0,184.5,52.6,14.4,183.3,565.6,838.6,6.99,2.17,1.86,1.0,3.0,-0.4427,57.29505854092144,15.685339220328304,19.15,30.0
02a60479o0362o,249.9784599999999,37.18221764705882,>19.70795544247616,0.0,1.63,o,22.093,60479.40749725,7171.47,2305.29,213.0,179.6,22.5,13.8,179.9,1521.4,687.8,2.12,2.25,1.95,1.0,3.0,-0.4347,25.93930841348401,15.909442493603528,19.21,30.0
02a60479o0439o,249.9784599999999,37.18221764705882,19.63,0.31,3.01,o,22.091,60479.44308235,7184.33,2192.77,217.0,180.0,41.5,13.8,187.6,432.0,747.9,5.05,2.35,1.98,1.0,3.0,-0.4347,50.83231567634885,16.903276056231665,19.1,30.0
01a60480o0316o,249.9784599999999,37.18221764705882,>19.707496819840657,0.0,1.6,o,22.308,60480.38718225,4361.05,65.14,181.0,185.3,22.4,14.0,182.0,-489.3,1028.4,3.06,2.42,2.18,1.0,3.0,-0.4317,25.40262652679798,15.876641579248735,19.09,30.0
01a60480o0323o,249.9784599999999,37.18221764705882,>19.96,0.0,3.0,o,22.292,60480.39041545,4380.71,103.97,200.0,164.4,15.7,15.8,165.6,826.8,1057.9,4.52,2.47,2.19,1.0,3.0,-0.4327,18.54383121832748,18.66194479296651,18.98,30.0
01a60480o0364o,249.9784599999999,37.18221764705882,>18.548163670415715,0.0,2.19,o,22.164,60480.41060085,4330.39,19.94,250.0,245.8,68.1,31.1,234.7,12789.6,2697.1,1.28,2.57,2.36,1.0,3.0,-0.4287,101.0999599374358,46.170466285671864,18.42,30.0
01a60480o0394o,249.9784599999999,37.18221764705882,>19.627388518422148,0.0,1.91,o,22.302,60480.42611375,4316.06,133.66,181.0,181.5,26.3,13.8,184.4,1630.7,994.1,2.71,2.54,2.26,1.0,3.0,-0.4237,32.39340863266295,16.997301868089302,19.07,30.0
02a60481o0330o,249.97846085714275,37.182201428571425,>18.99,0.0,3.0,o,22.076,60481.39378465,6147.25,10514.2,181.0,122.2,3.2,35.1,123.9,-21540.8,2861.3,3.55,2.36,2.07,1.0,3.0,-0.4377,4.18399418267735,45.89318619124218,18.7,30.0
02a60481o0337o,249.97846085714275,37.182201428571425,18.62,0.26,3.71,o,22.092,60481.39694745,6129.03,10474.6,198.0,166.4,102.4,27.6,156.2,-198.0,1541.4,1.58,2.35,2.04,1.0,3.0,-0.4407,129.82452181273814,34.99176564483958,18.87,30.0
02a60481o0339o,249.97846085714275,37.182201428571425,18.69,0.19,5.25,o,22.088,60481.39785135,7074.57,275.08,253.0,174.1,93.5,17.8,177.0,1088.3,1151.6,2.41,2.38,2.06,1.0,3.0,-0.4327,120.78542550330354,22.99444464127062,18.86,30.0
02a60481o0349o,249.97846085714275,37.182201428571425,None,None,None,o,22.004,60481.40237065,None,None,None,None,None,None,None,None,None,None,None,None,1.0,3.0,-0.4477,None,None,18.51,30.0
01a60481o0310o,249.9784599999999,37.18221764705882,>19.98,0.0,3.0,o,22.303,60481.40244785,3494.99,10270.0,209.0,181.8,12.9,14.4,181.8,1225.7,964.4,3.13,2.56,2.31,1.0,3.0,-0.4207,16.30798865986546,18.204266411012608,19.04,30.0
02a60481o0357o,249.97846085714275,37.182201428571425,>19.244604079852046,0.0,2.8,o,22.033,60481.40656525,7134.16,352.26,236.0,187.2,44.5,15.9,187.1,1019.3,1202.4,2.44,2.5,2.2,1.0,3.0,-0.4347,67.96439350880536,24.283906894157415,18.62,30.0
01a60481o0320o,249.9784599999999,37.18221764705882,>19.86,0.0,3.0,o,22.306,60481.40722595,3517.32,10307.6,160.0,183.1,5.0,15.2,180.2,-1401.4,952.7,1.77,2.64,2.38,1.0,3.0,-0.4097,6.6299405407601615,20.15501924391089,18.99,30.0
01a60481o0332o,249.97846085714275,37.182201428571425,>19.53392133152909,0.0,1.31,o,22.305,60481.41322945,3459.68,10228.2,212.0,183.2,18.4,14.0,180.3,-566.0,909.9,4.52,2.64,2.38,1.0,3.0,-0.4147,24.53338375634585,18.666705032002277,19.0,30.0
02a60481o0373o,249.97846085714275,37.182201428571425,>17.521230209304658,0.0,1.84,o,21.087,60481.41379825,6203.25,10442.1,309.0,252.2,76.5,41.5,250.7,814.0,2670.3,1.15,2.24,1.91,1.0,3.0,-0.4377,217.82191206863618,118.16482811566539,16.63,30.0
02a60481o0379o,249.97846085714275,37.182201428571425,>14.82,0.0,3.0,o,19.956,60481.41699235,7156.31,240.69,478.0,368.6,1.2,237.2,323.6,-57427.1,20183.9,0.81,2.36,2.02,1.0,3.0,-0.4587,11.000270475219413,2174.3867972683706,15.11,30.0
01a60481o0355o,249.9784599999999,37.18221764705882,>19.51496022838592,0.0,1.5,o,22.306,60481.42400715,3444.08,10343.0,194.0,183.7,22.0,14.7,190.4,2767.2,946.2,2.67,2.61,2.35,1.0,3.0,-0.4057,28.37198984370718,18.95764775920434,19.01,30.0
02a60482o0312o,249.97846085714275,37.182201428571425,>18.896705176961863,0.0,1.75,o,22.101,60482.40089895,8028.29,10445.9,228.0,179.4,28.4,16.2,188.2,6672.1,1233.5,0.78,3.27,2.54,1.0,3.0,-0.3787,58.43304987338237,33.33152844890121,18.46,30.0
02a60482o0319o,249.97846085714275,37.182201428571425,>19.48,0.0,3.0,o,22.099,60482.40406605,8009.22,10406.6,172.0,188.7,2.6,13.9,185.4,297.3,1185.7,1.6,3.2,2.51,1.0,3.0,-0.3947,5.259637256818014,28.118829949911692,18.5,30.0
02a60482o0334o,249.97846085714275,37.182201428571425,>18.65,0.0,3.0,o,22.099,60482.41084605,8065.83,10488.9,85.0,153.1,-16.5,26.7,135.2,-8459.3,2028.2,0.73,3.4,2.63,1.0,3.0,-0.3857,-36.85338252685201,59.63547354345144,18.42,30.0
02a60482o0355o,249.97846085714275,37.182201428571425,>19.175052894035364,0.0,2.83,o,22.098,60482.42098235,8082.94,10372.9,186.0,185.9,43.8,15.5,182.8,-1277.7,1130.4,2.2,2.77,2.37,1.0,3.0,-0.4067,73.29274220303701,25.936929318426344,18.64,30.0
02a60483o0335o,249.97846085714275,37.182201428571425,>18.965664310361827,0.0,1.16,o,22.099,60483.43593215,9109.46,239.59,167.0,178.1,24.3,21.0,180.0,192.5,1373.9,2.28,2.56,2.24,1.0,3.0,-0.4277,36.17870375814739,31.26554645765824,18.7,30.0
02a60483o0342o,249.97846085714275,37.182201428571425,>19.045680409956017,0.0,1.3,o,22.098,60483.43910925,9090.64,202.13,142.0,185.6,24.0,18.4,198.6,4763.8,1345.0,2.64,2.61,2.31,1.0,3.0,-0.4347,37.84621691770114,29.015432970237544,18.71,30.0
02a60483o0355o,249.97846085714275,37.182201428571425,>19.03415306634599,0.0,2.5,o,22.098,60483.44510705,9149.33,281.46,169.0,188.5,51.6,20.6,193.9,2077.6,1523.8,1.95,2.5,2.19,1.0,3.0,-0.4317,73.68728756798714,29.41779309884758,18.69,30.0
02a60483o0398o,249.97846085714275,37.182201428571425,>18.956270287047573,0.0,1.74,o,22.095,60483.46480945,9171.31,162.82,183.0,199.2,34.9,20.1,207.5,1954.8,1397.0,2.94,2.58,2.31,1.0,3.0,-0.4407,54.854954364975576,31.59268145375384,18.61,30.0
01a60484o0307o,249.97846085714275,37.182201428571425,>19.50670955148154,0.0,2.68,o,22.306,60484.38378425,2259.18,6273.69,245.0,183.1,31.6,11.8,181.2,-516.6,844.5,1.67,2.88,2.7,1.0,3.0,-0.3957,51.1919979555856,19.115999236579434,18.96,30.0
01a60484o0314o,249.97846085714275,37.182201428571425,>19.416621580059836,0.0,2.25,o,22.304,60484.38701595,2280.34,6313.22,190.0,181.9,26.3,11.7,179.5,369.3,858.3,1.4,3.01,2.85,1.0,3.0,-0.3857,46.65797105660426,20.756587884496952,18.88,30.0
01a60484o0326o,249.97846085714275,37.182201428571425,19.07,0.23,4.15,o,22.302,60484.39256285,2223.81,6231.95,204.0,183.1,44.8,10.8,184.5,2838.0,1035.2,1.61,3.09,2.95,1.0,3.0,-0.3927,85.15639243006554,20.528773175105087,18.81,30.0
01a60484o0348o,249.97846085714275,37.182201428571425,>19.83,0.0,3.0,o,22.304,60484.40314705,2208.12,6346.44,172.0,182.5,-13.4,11.7,177.0,-229.1,919.8,1.57,2.97,2.82,1.0,3.0,-0.3987,-23.489247354559524,20.509268212563168,18.86,30.0
01a60485o0298o,249.97846085714275,37.182201428571425,19.09,0.22,4.55,o,22.305,60485.38162875,2261.32,6278.04,233.0,182.1,48.7,10.7,175.2,-1527.4,806.7,1.53,2.94,2.8,1.0,3.0,-0.4007,83.98332565179189,18.452188592898832,19.0,30.0
01a60485o0313o,249.97846085714275,37.182201428571425,>19.91,0.0,3.0,o,22.308,60485.38889225,2283.65,6315.26,185.0,182.4,-2.2,10.9,180.9,622.2,783.4,1.2,3.06,2.74,1.0,3.0,-0.3727,-3.755375904574547,18.606180618119346,18.96,30.0
01a60485o0321o,249.97846085714275,37.182201428571425,>20.08,0.0,3.0,o,22.308,60485.39280585,2227.0,6236.38,206.0,182.5,7.8,12.7,183.6,311.7,753.5,2.56,2.58,2.38,1.0,3.0,-0.4157,10.14495233742262,16.51806342118811,19.15,30.0
01a60485o0344o,249.97846085714275,37.182201428571425,19.22,0.23,4.19,o,22.307,60485.40375145,2211.08,6349.81,231.0,183.6,54.0,12.9,183.0,689.1,816.2,2.13,2.69,2.45,1.0,3.0,-0.3997,74.34827034841317,17.76097569434315,19.06,30.0
02a60485o0355o,249.97846085714275,37.182201428571425,18.91,0.2,4.93,o,22.09,60485.40440565,8296.53,4325.24,214.0,180.5,59.2,12.0,182.2,1241.0,757.9,2.41,2.64,2.45,1.0,3.0,-0.4137,98.95789834692476,20.059033448700966,18.89,30.0
02a60485o0362o,249.97846085714275,37.182201428571425,>19.503396396527524,0.0,1.95,o,22.09,60485.40757355,8277.6,4286.92,233.0,179.8,24.4,12.5,175.5,-744.0,794.3,2.48,2.57,2.29,1.0,3.0,-0.4217,37.386703803086625,19.153024489286178,18.93,30.0
02a60485o0373o,249.97846085714275,37.182201428571425,>19.422893121116356,0.0,2.72,o,22.09,60485.41309535,8335.17,4365.75,194.0,180.3,29.9,11.0,178.5,-1098.6,811.1,3.09,2.91,2.52,1.0,3.0,-0.4027,56.09491100823967,20.636923782295533,18.79,30.0
02a60485o0399o,249.97846085714275,37.182201428571425,>19.87,0.0,3.0,o,22.088,60485.42499605,8354.13,4249.24,187.0,180.9,-32.2,13.4,178.0,740.4,763.7,2.02,2.55,2.26,1.0,3.0,-0.4177,-48.22400065768755,20.068372944503515,18.89,30.0
02a60486o0302o,249.97846085714275,37.182201428571425,>19.477026752325155,0.0,2.86,o,22.092,60486.38087235,4194.7,8658.99,226.0,180.7,30.0,10.5,174.9,-832.7,745.7,1.86,2.87,2.54,1.0,3.0,-0.4067,56.052580795648026,19.61840327847681,19.02,30.0
02a60486o0310o,249.97846085714275,37.182201428571425,>19.496910678798127,0.0,1.56,o,22.093,60486.38449105,4177.22,8624.12,176.0,180.4,16.8,10.8,180.2,1228.0,718.7,2.76,2.84,2.46,1.0,3.0,-0.3997,29.86217760907194,19.197114177260534,19.04,30.0
02a60486o0323o,249.97846085714275,37.182201428571425,>19.82,0.0,3.0,o,21.981,60486.39037815,4234.36,8701.34,171.0,181.2,-3.3,11.3,182.8,1958.4,775.8,1.7,2.76,2.34,1.0,3.0,-0.4127,-6.084117945844592,20.83349478425573,18.99,30.0
02a60486o0345o,249.97846085714275,37.182201428571425,19.28,0.23,4.33,o,22.091,60486.40086885,4251.06,8581.08,262.0,182.0,56.7,13.1,188.1,2414.4,734.9,2.1,2.33,2.03,1.0,3.0,-0.4367,70.72838850530586,16.341126797522158,19.15,30.0
01a60487o0300o,249.97846085714275,37.182201428571425,>19.985319653198125,0.0,2.03,o,22.31,60487.38135395,6331.55,1902.62,184.0,181.4,21.1,10.4,180.8,472.8,557.2,6.7,2.47,2.25,1.0,3.0,-0.4227,24.952879649314813,12.299049684970335,19.49,30.0
01a60487o0306o,249.97846085714275,37.182201428571425,>20.47,0.0,3.0,o,22.31,60487.38423095,6352.53,1940.69,185.0,181.5,2.2,9.7,181.9,-273.4,603.1,2.97,2.52,2.22,1.0,3.0,-0.4237,2.6214099367269563,11.558034721023397,19.49,30.0
01a60487o0318o,249.97846085714275,37.182201428571425,19.54,0.2,5.07,o,22.31,60487.38977025,6296.26,1861.58,233.0,181.8,45.6,9.0,177.6,705.6,503.8,7.72,2.53,2.27,1.0,3.0,-0.4207,55.624992612876554,10.978616963067742,19.47,30.0
01a60487o0363o,249.97846085714275,37.182201428571425,>20.36,0.0,3.0,o,22.308,60487.41184625,6284.9,1972.72,237.0,182.6,2.2,10.0,185.2,314.0,639.1,2.89,2.59,2.33,1.0,3.0,-0.4117,2.8017998726418316,12.735453966553777,19.38,30.0
01a60488o0237o,249.97846085714275,37.182201428571425,>20.77,0.0,3.0,o,22.308,60488.35353245,9591.88,8418.58,201.0,182.0,1.4,7.6,181.3,310.0,414.8,3.18,2.45,2.22,1.0,3.0,-0.4277,1.6308192898116438,8.853019001834639,19.72,30.0
01a60488o0265o,249.97846085714275,37.182201428571425,>20.265926895403478,0.0,1.29,o,22.309,60488.36866825,9619.2,8452.01,193.0,181.7,10.6,8.2,180.6,-66.6,438.8,5.2,2.44,2.21,1.0,3.0,-0.4277,12.230570365249132,9.461384622173856,19.73,30.0
01a60488o0272o,249.97846085714275,37.182201428571425,>20.23716712666117,0.0,1.04,o,22.309,60488.37212005,9559.37,8374.57,212.0,181.5,8.3,8.0,181.2,623.6,488.4,3.72,2.54,2.26,1.0,3.0,-0.4197,10.119964602214232,9.75418274912215,19.73,30.0
01a60488o0299o,249.97846085714275,37.182201428571425,>20.72,0.0,3.0,o,22.308,60488.38604665,9545.72,8488.87,163.0,181.6,6.3,7.7,178.8,509.2,456.9,4.71,2.5,2.25,1.0,3.0,-0.4247,7.568709237266876,9.250644623326183,19.68,30.0
02a60489o0313o,249.97846085714275,37.182201428571425,18.98,0.11,9.28,o,22.091,60489.38556925,971.88,2121.34,218.0,177.8,89.1,9.6,143.9,308.4,607.0,31.12,2.16,1.81,1.0,3.0,-0.4487,92.88995988732425,10.008345846445714,19.67,30.0
02a60489o0320o,249.97846085714275,37.182201428571425,20.21,0.31,3.06,o,22.091,60489.38873365,950.93,2082.92,179.0,181.8,26.6,8.7,180.1,1366.4,406.4,5.37,2.23,1.9,1.0,3.0,-0.4427,29.888137045203532,9.77544331929589,19.63,30.0
01a60489o0315o,249.97846085714275,37.182201428571425,19.99,0.26,3.63,o,22.308,60489.39074875,9611.46,8407.88,158.0,180.8,28.7,7.9,180.8,457.3,466.0,4.27,2.59,2.33,1.0,3.0,-0.4117,36.55075288400934,10.061008633577485,19.69,30.0
01a60489o0323o,249.97846085714275,37.182201428571425,19.49,0.16,6.25,o,22.307,60489.39445125,9634.41,8444.87,209.0,181.7,47.5,7.6,176.7,47.7,463.3,4.51,2.51,2.28,1.0,3.0,-0.4267,58.21848816843544,9.31495810694967,19.72,30.0
02a60489o0333o,249.97846085714275,37.182201428571425,>20.08065399182189,0.0,2.92,o,22.091,60489.39473475,1012.51,2159.95,186.0,180.5,29.2,10.0,178.5,-894.2,489.9,3.05,2.24,1.9,1.0,3.0,-0.4417,32.92632162096974,11.276137541427993,19.63,30.0
01a60489o0334o,249.97846085714275,37.182201428571425,>20.316588579187766,0.0,1.35,o,22.307,60489.39966455,9574.01,8367.62,180.0,181.5,10.7,7.9,180.8,1109.2,557.4,5.24,2.45,2.18,1.0,3.0,-0.4237,12.20576772029047,9.011735045821938,19.74,30.0
02a60489o0355o,249.97846085714275,37.182201428571425,19.1,0.12,8.27,o,22.089,60489.40490005,1031.07,2041.03,230.0,183.9,80.2,9.7,159.2,-245.2,587.6,14.08,2.13,1.81,1.0,3.0,-0.4517,82.8306924257674,10.018176016582837,19.64,30.0
01a60489o0355o,249.97846085714275,37.182201428571425,>20.65,0.0,3.0,o,22.305,60489.40965745,9557.1,8482.37,158.0,181.6,1.0,8.0,183.7,1245.0,515.9,3.82,2.53,2.26,1.0,3.0,-0.4207,1.2200783074755919,9.760626459804735,19.69,30.0
01a60492o0302o,249.97847222222214,37.182183888888886,19.25,0.14,7.48,o,22.314,60492.38205005,3189.42,4628.88,199.0,181.6,59.1,7.9,180.7,766.6,450.5,2.86,2.52,2.29,1.0,3.0,-0.4267,72.57419867455249,9.701119619779433,19.68,30.0
01a60492o0309o,249.97847222222214,37.182183888888886,>20.224335815350162,0.0,1.11,o,22.313,60492.38528645,3209.94,4666.73,179.0,182.0,8.8,7.9,183.6,160.2,416.6,3.88,2.54,2.31,1.0,3.0,-0.4267,10.99732637119387,9.872599810503587,19.69,30.0

