atlas-norm,2025fi,42.2727,-14.468314,0.028413,nan,60682.25644000014
++++++++++++++++++++++++++++++++++++++++++++++++++++++++++++++++
++++++++++++++++++++++++++++++++++++++++++++++++++++++++++++++++
++++++++++++++++++++++++++++++++++++++++++++++++++++++++++++++++
zp,nan,nan,nan,nan,nan,nan,nan,nan,nan,nan,nan,nan,nan,nan,nan,nan,nan,nan,nan,nan,nan,nan,nan,nan,nan,nan,nan,nan,nan,nan,nan,nan,nan,nan,nan,nan,nan,nan,nan,nan,nan,nan,nan,nan,nan,nan,nan,nan,nan,nan,nan,nan,nan,nan,nan,nan,nan,nan,nan,nan,nan,nan,nan,nan,nan,nan,nan,nan,nan,nan,nan,nan,nan,nan,nan,nan,nan,nan,nan,nan,nan,nan,nan,nan,nan,nan,nan,nan,nan,nan,nan,nan,nan,nan,nan,nan,nan,nan,nan,nan,nan,nan,nan,nan,nan,nan,nan,nan,nan,nan,nan,nan,nan,nan,nan,nan,nan,nan,nan,nan,nan,nan,nan
filter,o,o,o,o,o,o,o,o,o,o,o,o,o,o,o,o,o,o,o,o,c,c,c,c,o,o,o,o,o,o,o,o,o,o,o,o,o,o,o,o,o,o,o,o,o,o,o,o,o,o,o,o,o,o,o,o,o,o,o,o,o,o,o,o,o,o,o,o,o,o,o,o,o,o,o,o,o,o,o,o,o,o,o,o,o,o,o,o,c,c,c,c,c,c,c,c,o,o,o,o,c,c,c,c,o,o,o,o,c,c,c,c,c,c,c,c,o,o,o,o,c,c,c
mjd,60677.0856,60677.106584,60677.109838,60677.129639,60678.065644,60678.070689,60678.07121,60678.073484,60678.074406,60678.0803,60678.090575,60678.091029,60678.2872,60678.293032,60678.296246,60678.301341,60678.304995,60678.311875,60678.314652,60678.324721,60678.81802,60678.821196,60678.828436,60678.840357,60679.078616,60679.08178,60679.089037,60679.109094,60680.294117,60680.297743,60680.305494,60680.31734,60680.800255,60680.803878,60680.809776,60680.842375,60682.25644,60682.259639,60682.26515,60682.276544,60683.037991,60683.042169,60683.048059,60683.058085,60684.285487,60684.288679,60684.29549,60684.308015,60684.804537,60684.807695,60684.813574,60684.824917,60686.12611,60686.129857,60686.136072,60686.146955,60686.890708,60686.893884,60686.900844,60686.911172,60687.056514,60687.059696,60687.073347,60687.078795,60688.823308,60688.826476,60688.833343,60688.844316,60690.123936,60690.127373,60690.135402,60690.147123,60690.86495,60690.868145,60690.873654,60690.883814,60691.831007,60691.835104,60691.843912,60691.858746,60693.088007,60693.091178,60693.097637,60693.120167,60694.311584,60694.322153,60694.334216,60694.346277,60695.053866,60695.05707,60695.063526,60695.074517,60696.300281,60696.303457,60696.308903,60696.319095,60698.274997,60698.278663,60698.285528,60698.301313,60699.038283,60699.043725,60699.063262,60699.077378,60699.82334,60699.826503,60699.831955,60699.843507,60701.053298,60701.056943,60701.062442,60701.085387,60703.032759,60703.05686,60703.07464,60703.089325,60703.792798,60703.795961,60703.801433,60703.817908,60705.036809,60705.040472,60705.04594
flux,-8.0,14.0,21.0,19.0,-18.0,-31.0,1.0,-14.0,-6.0,-12.0,6.0,-2.0,17.0,3.0,-14.0,-8.0,7.0,12.0,9.0,-18.0,-9.0,15.0,23.0,-4.0,-7.0,22.0,2.0,-1.0,30.0,39.0,25.0,30.0,43.0,64.0,72.0,66.0,89.0,112.0,112.0,91.0,148.0,146.0,231.0,222.0,255.0,271.0,279.0,244.0,326.0,284.0,318.0,311.0,564.0,506.0,548.0,577.0,487.0,576.0,551.0,560.0,534.0,551.0,662.0,545.0,737.0,718.0,744.0,733.0,885.0,844.0,824.0,810.0,954.0,864.0,872.0,856.0,928.0,900.0,960.0,965.0,985.0,961.0,1011.0,973.0,1014.0,1030.0,1036.0,976.0,1356.0,1332.0,1328.0,1363.0,1358.0,1388.0,1396.0,1397.0,1044.0,1056.0,1074.0,1041.0,1408.0,1414.0,1401.0,1385.0,1019.0,1021.0,1046.0,1068.0,1241.0,1276.0,1219.0,1267.0,1306.0,1230.0,1237.0,1218.0,8.0,900.0,874.0,896.0,1105.0,1068.0,1094.0
dflux,17.0,14.0,12.0,12.0,25.0,26.0,12.0,27.0,14.0,12.0,22.0,13.0,14.0,15.0,14.0,14.0,13.0,13.0,15.0,13.0,11.0,12.0,11.0,13.0,31.0,29.0,26.0,26.0,17.0,15.0,25.0,18.0,18.0,17.0,19.0,18.0,18.0,20.0,21.0,20.0,46.0,39.0,34.0,36.0,21.0,23.0,26.0,22.0,30.0,26.0,27.0,28.0,50.0,43.0,49.0,44.0,34.0,35.0,34.0,34.0,35.0,44.0,55.0,59.0,29.0,30.0,30.0,33.0,31.0,35.0,32.0,34.0,30.0,25.0,31.0,34.0,20.0,20.0,23.0,22.0,23.0,20.0,18.0,22.0,17.0,17.0,18.0,17.0,17.0,17.0,17.0,17.0,17.0,19.0,20.0,18.0,16.0,16.0,16.0,16.0,21.0,19.0,17.0,19.0,19.0,18.0,19.0,19.0,18.0,18.0,17.0,18.0,26.0,19.0,20.0,19.0,22.0,21.0,18.0,18.0,20.0,20.0,18.0
mag,-21.672,20.999,20.593,20.698,-20.787,-20.166,23.827,-21.069,-21.945,-21.228,21.942,-23.05,20.808,22.872,-21.025,-21.662,21.826,21.16,21.479,-20.792,-21.463,20.949,20.48,-22.483,-21.801,20.537,23.425,-23.908,20.225,19.92,20.422,20.211,19.809,19.391,19.254,19.358,19.021,18.772,18.779,19.002,18.476,18.49,17.992,18.035,17.882,17.818,17.787,17.931,17.619,17.765,17.643,17.669,17.021,17.14,17.052,16.998,17.181,16.999,17.047,17.029,17.081,17.047,16.847,17.058,16.731,16.76,16.72,16.738,16.532,16.584,16.611,16.628,16.452,16.559,16.549,16.568,16.481,16.514,16.444,16.438,16.416,16.443,16.388,16.43,16.385,16.368,16.362,16.426,16.07,16.089,16.092,16.064,16.067,16.044,16.038,16.037,16.353,16.34,16.323,16.357,16.028,16.024,16.034,16.046,16.379,16.377,16.351,16.328,16.166,16.135,16.185,16.143,16.11,16.175,16.169,16.186,21.708,16.514,16.546,16.519,16.292,16.328,16.302
dmag,2.204,0.935,0.588,0.636,1.411,0.836,11.286,1.983,2.308,1.041,3.63,5.929,0.844,5.889,1.011,1.741,1.922,1.059,1.632,0.723,1.186,0.802,0.476,3.435,4.423,1.312,17.0,26.0,0.581,0.381,1.01,0.598,0.418,0.266,0.265,0.282,0.201,0.176,0.189,0.22,0.311,0.269,0.149,0.161,0.084,0.084,0.092,0.09,0.093,0.092,0.085,0.092,0.088,0.086,0.09,0.077,0.07,0.061,0.062,0.061,0.066,0.081,0.083,0.108,0.039,0.041,0.04,0.045,0.035,0.041,0.039,0.042,0.032,0.029,0.036,0.039,0.022,0.022,0.024,0.022,0.023,0.021,0.018,0.023,0.017,0.017,0.018,0.017,0.013,0.013,0.012,0.013,0.013,0.014,0.014,0.013,0.015,0.016,0.015,0.016,0.015,0.013,0.012,0.014,0.018,0.018,0.018,0.018,0.014,0.014,0.014,0.015,0.02,0.016,0.016,0.015,2.958,0.023,0.021,0.02,0.018,0.019,0.017
