atlas-norm,2024auh,45.523002,-10.3433175,0.0335,nan,60335.07814999996
++++++++++++++++++++++++++++++++++++++++++++++++++++++++++++++++
++++++++++++++++++++++++++++++++++++++++++++++++++++++++++++++++
++++++++++++++++++++++++++++++++++++++++++++++++++++++++++++++++
zp,nan,nan,nan,nan,nan,nan,nan,nan,nan,nan,nan,nan,nan,nan,nan,nan,nan,nan,nan,nan,nan,nan,nan,nan,nan,nan,nan,nan,nan,nan,nan,nan,nan,nan,nan,nan,nan,nan,nan,nan,nan,nan,nan,nan,nan,nan,nan,nan,nan,nan,nan,nan,nan,nan,nan,nan,nan,nan,nan,nan,nan,nan,nan,nan,nan,nan,nan,nan,nan,nan,nan,nan,nan,nan,nan,nan,nan,nan,nan,nan,nan,nan,nan,nan,nan,nan,nan,nan,nan,nan,nan,nan,nan,nan,nan,nan,nan,nan,nan,nan,nan,nan,nan,nan
filter,o,o,o,o,o,o,o,o,o,o,o,o,o,o,o,o,o,o,o,o,o,o,o,o,c,c,c,c,o,o,o,o,o,o,o,o,o,o,o,o,c,c,c,c,o,o,o,o,o,o,o,o,c,c,c,c,o,o,o,o,o,o,o,o,o,o,o,o,o,o,o,o,o,o,o,o,o,o,o,o,o,o,o,o,o,o,o,o,o,o,o,o,o,o,o,o,o,o,o,o,o,o,o,o
mjd,60659.144905,60659.148535,60659.154473,60659.17602,60660.402515,60660.40531,60660.410807,60660.421751,60660.894167,60660.897346,60660.902818,60660.913782,60662.463102,60662.466317,60662.473348,60662.48351,60663.127441,60663.131582,60663.137024,60663.148083,60664.373391,60664.37657,60664.382011,60664.395365,60664.835414,60664.838595,60664.849684,60664.854796,60666.354307,60666.357516,60666.36326,60666.373795,60667.099733,60667.102905,60667.108598,60667.121117,60668.336317,60668.339504,60668.345891,60668.359627,60668.836387,60668.841859,60668.845471,60668.855433,60671.092982,60671.096634,60671.103216,60671.115206,60672.335823,60672.33899,60672.346261,60672.35678,60672.841632,60672.844797,60672.852484,60672.863552,60674.305771,60674.309893,60674.316331,60674.327517,60675.081234,60675.084425,60675.090352,60675.101801,60676.409445,60676.412627,60676.420044,60676.431058,60678.300427,60678.303625,60678.316478,60678.32197,60679.084043,60679.087209,60679.094553,60679.106368,60680.294117,60680.297743,60680.305494,60680.31734,60680.800255,60680.803878,60680.809776,60680.842375,60682.263305,60682.266525,60682.274255,60682.287095,60683.043982,60683.047154,60683.052639,60683.062672,60684.28641,60684.289584,60684.295942,60684.308466,60684.803184,60684.806339,60684.811772,60684.822205,60687.056514,60687.059696,60687.073347,60687.078795
flux,52.0,3.0,77.0,44.0,11.0,-4.0,24.0,-8.0,35.0,21.0,7.0,-66.0,-1.0,5.0,91.0,-37.0,-36.0,-12.0,8.0,10.0,24.0,27.0,46.0,15.0,-10.0,-12.0,205.0,-3.0,-31.0,26.0,16.0,-6.0,12.0,35.0,63.0,4.0,10.0,-3.0,-2.0,6.0,-26.0,-31.0,17.0,-15.0,-15.0,-50.0,-1.0,-4.0,-5.0,-6.0,-3.0,-22.0,-17.0,-11.0,-7.0,-12.0,-2.0,11.0,6.0,40.0,19.0,0.0,-7.0,8.0,1.0,14.0,-24.0,18.0,3.0,-55.0,6.0,-3.0,31.0,-19.0,-1.0,0.0,-25.0,24.0,18.0,12.0,5.0,-25.0,29.0,16.0,-7.0,4.0,11.0,-16.0,-30.0,32.0,41.0,-5.0,-36.0,-73.0,20.0,-23.0,5.0,6.0,20.0,17.0,-10.0,-58.0,-62.0,43.0
dflux,42.0,41.0,39.0,34.0,31.0,32.0,44.0,37.0,20.0,22.0,24.0,22.0,21.0,22.0,25.0,24.0,14.0,17.0,18.0,15.0,14.0,17.0,15.0,20.0,10.0,9.0,12.0,8.0,12.0,12.0,10.0,12.0,11.0,13.0,12.0,11.0,15.0,15.0,13.0,17.0,10.0,11.0,12.0,9.0,15.0,18.0,18.0,20.0,13.0,12.0,11.0,12.0,10.0,11.0,9.0,10.0,10.0,11.0,12.0,11.0,12.0,12.0,12.0,12.0,14.0,12.0,11.0,13.0,14.0,14.0,12.0,12.0,14.0,15.0,17.0,17.0,12.0,12.0,16.0,19.0,14.0,15.0,17.0,17.0,15.0,14.0,17.0,15.0,26.0,22.0,20.0,19.0,22.0,14.0,15.0,23.0,26.0,32.0,29.0,30.0,34.0,40.0,72.0,55.0
mag,19.603,22.717,19.18,19.78,21.284,-22.427,20.447,-21.706,20.042,20.572,21.832,-19.343,-24.033,22.092,19.005,-19.987,-20.026,-21.179,21.701,21.407,20.474,20.309,19.744,20.946,-21.461,-21.215,18.123,-22.77,-20.185,20.363,20.886,-21.863,21.209,20.028,19.398,22.43,21.37,-22.605,-23.11,22.013,-20.376,-20.18,20.799,-20.935,-20.928,-19.652,-24.317,-22.308,-22.223,-22.057,-22.756,-20.531,-20.846,-21.274,-21.854,-21.179,-22.938,21.297,21.953,19.901,20.703,24.606,-21.854,21.609,24.264,21.032,-20.429,20.792,22.774,-19.553,22.017,-22.784,20.159,-20.722,-23.576,-24.699,-20.421,20.435,20.764,21.191,22.192,-20.391,20.238,20.915,-21.834,22.364,21.316,-20.862,-20.207,20.127,19.88,-22.165,-20.018,-19.237,20.633,-20.475,22.085,21.973,20.626,20.82,-21.389,-19.487,-19.411,19.813
dmag,0.799,13.765,0.505,0.767,2.808,8.37,1.836,4.964,0.564,1.046,3.578,0.324,23.6,4.067,0.271,0.667,0.383,1.419,2.429,1.535,0.594,0.618,0.329,1.344,1.0,0.754,0.058,2.75,0.386,0.453,0.648,1.915,0.924,0.356,0.185,2.914,1.434,4.565,6.333,2.952,0.371,0.344,0.667,0.578,0.986,0.36,27.0,4.526,2.8,2.109,3.84,0.522,0.608,0.986,1.425,0.859,4.294,0.987,1.977,0.268,0.643,24.0,1.82,1.429,19.6,0.883,0.466,0.752,4.824,0.246,2.026,4.421,0.439,0.8,12.556,34.667,0.474,0.491,0.884,1.6,2.828,0.601,0.591,1.069,2.226,3.316,1.535,0.895,0.854,0.67,0.5,3.8,0.606,0.197,0.741,0.969,4.9,5.5,1.442,1.774,3.35,0.683,1.152,1.276
