atlas-norm,2024rkk,217.425889333,26.450462,0.079,nan,60526.26226999983
++++++++++++++++++++++++++++++++++++++++++++++++++++++++++++++++
++++++++++++++++++++++++++++++++++++++++++++++++++++++++++++++++
++++++++++++++++++++++++++++++++++++++++++++++++++++++++++++++++
zp,nan,nan,nan,nan,nan,nan,nan,nan,nan,nan,nan,nan,nan,nan,nan,nan,nan,nan,nan,nan,nan,nan,nan,nan,nan,nan,nan,nan,nan,nan,nan,nan,nan,nan,nan,nan,nan,nan,nan,nan,nan,nan,nan,nan,nan,nan,nan,nan,nan,nan,nan,nan,nan,nan,nan,nan,nan,nan,nan,nan,nan,nan,nan,nan,nan,nan,nan,nan,nan,nan,nan,nan,nan,nan,nan,nan,nan,nan,nan,nan,nan
filter,o,o,o,o,o,o,o,o,o,o,o,o,o,o,o,o,o,o,o,o,o,o,o,o,o,o,o,o,o,o,o,o,o,o,o,o,o,o,o,o,o,o,o,o,o,o,o,o,o,o,o,o,o,o,o,o,o,o,o,o,o,o,o,o,o,o,o,o,o,o,o,o,o,o,o,o,o,o,o,o,o
mjd,60659.637693,60659.641839,60659.649258,60661.615764,60661.618985,60661.634725,60661.64941,60662.605297,60662.620404,60662.62421,60662.634848,60665.639534,60665.644706,60665.661559,60665.668137,60666.62912,60666.632334,60666.649502,60666.658717,60667.623458,60667.626295,60668.623148,60668.627502,60668.631153,60668.633216,60668.634236,60669.622476,60669.624737,60669.625667,60669.628469,60669.631285,60669.635983,60669.648954,60669.653677,60670.610449,60670.614112,60670.621137,60670.631041,60673.648679,60673.654746,60673.658922,60673.670939,60674.610974,60674.614645,60674.619735,60674.630645,60676.617379,60676.620656,60676.626317,60676.635806,60677.604502,60677.606373,60677.607293,60677.609178,60677.612475,60677.614859,60677.624132,60677.625487,60678.538783,60678.542987,60678.566652,60678.572243,60679.612235,60679.61502,60679.620635,60679.635196,60680.588329,60680.607387,60680.611067,60680.61952,60681.614349,60681.617171,60681.621847,60681.627373,60682.594338,60682.597967,60682.60399,60682.61377,60684.588356,60684.591607,60684.60296
flux,31.0,55.0,-74.0,-6.0,10.0,15.0,14.0,36.0,6.0,9.0,-7.0,21.0,42.0,-21.0,-13.0,-1.0,16.0,20.0,9.0,14.0,13.0,-12.0,-16.0,14.0,25.0,36.0,10.0,35.0,-6.0,36.0,-2.0,33.0,7.0,14.0,20.0,23.0,9.0,-36.0,15.0,4.0,12.0,-3.0,13.0,9.0,-4.0,-19.0,0.0,0.0,25.0,42.0,-3.0,-10.0,6.0,-7.0,7.0,8.0,18.0,-6.0,5.0,35.0,8.0,-11.0,15.0,-1.0,-1.0,16.0,14.0,1.0,3.0,6.0,22.0,11.0,2.0,-12.0,-14.0,0.0,-18.0,-9.0,-10.0,16.0,5.0
dflux,41.0,37.0,37.0,24.0,25.0,21.0,16.0,25.0,22.0,17.0,20.0,15.0,12.0,20.0,38.0,14.0,16.0,14.0,15.0,20.0,19.0,18.0,19.0,22.0,19.0,21.0,22.0,15.0,18.0,17.0,23.0,13.0,11.0,12.0,14.0,13.0,12.0,10.0,12.0,10.0,11.0,21.0,16.0,14.0,21.0,14.0,12.0,10.0,10.0,11.0,17.0,15.0,15.0,14.0,17.0,14.0,14.0,12.0,15.0,18.0,13.0,14.0,10.0,10.0,9.0,10.0,15.0,11.0,10.0,12.0,11.0,14.0,11.0,10.0,13.0,12.0,8.0,10.0,11.0,11.0,10.0
mag,20.157,19.558,-19.225,-22.018,21.397,20.952,21.052,20.009,21.95,21.509,-21.782,20.603,19.848,-20.6,-21.117,-24.196,20.91,20.662,21.536,21.03,21.121,-21.178,-20.927,21.064,20.401,20.004,21.433,20.027,-21.943,20.004,-23.208,20.109,21.725,21.078,20.637,20.479,21.554,-20.018,20.951,22.262,21.174,-22.846,21.082,21.561,-22.475,-20.695,24.796,-25.946,20.403,19.83,-22.685,-21.439,21.92,-21.853,21.836,21.603,20.733,-21.954,22.107,20.05,21.612,-21.274,20.98,-24.382,-23.791,20.904,21.039,23.514,22.592,22.058,20.538,21.31,22.99,-21.179,-21.022,26.37,-20.732,-21.513,-21.369,20.926,22.243
dmag,1.308,0.68,0.497,4.333,2.456,1.365,1.169,0.692,3.564,1.919,2.8,0.729,0.284,0.968,2.932,18.5,1.047,0.718,1.75,1.409,1.5,1.423,1.219,1.577,0.769,0.58,2.217,0.424,3.0,0.461,12.0,0.389,1.537,0.899,0.667,0.543,1.338,0.285,0.78,2.297,0.87,7.917,1.2,1.605,5.538,0.716,26.333,65.0,0.402,0.26,5.429,1.52,2.469,2.111,2.559,1.75,0.742,2.026,2.893,0.512,1.603,1.224,0.667,15.6,8.0,0.606,1.048,7.889,3.091,2.162,0.482,1.302,4.885,0.851,0.917,113.0,0.456,1.115,1.052,0.713,2.222
