atlas-norm,2024xos,17.9849648913,50.265356605,0.08,nan,60591.45638999995
++++++++++++++++++++++++++++++++++++++++++++++++++++++++++++++++
++++++++++++++++++++++++++++++++++++++++++++++++++++++++++++++++
++++++++++++++++++++++++++++++++++++++++++++++++++++++++++++++++
zp,nan,nan,nan,nan,nan,nan,nan,nan,nan,nan,nan,nan,nan,nan,nan,nan,nan,nan,nan,nan,nan,nan,nan,nan,nan,nan,nan,nan,nan,nan,nan,nan,nan,nan,nan,nan,nan,nan,nan,nan,nan,nan,nan,nan,nan,nan,nan,nan,nan,nan,nan,nan
filter,o,o,o,o,o,o,o,o,o,o,o,o,o,o,o,o,o,o,o,o,o,o,o,o,o,o,o,o,o,o,o,o,o,o,o,o,o,o,o,o,o,o,o,o,o,o,o,o,o,o,o,o
mjd,60657.339507,60657.349285,60657.3525,60657.362751,60659.346502,60659.350164,60659.360378,60659.366796,60661.394557,60661.397778,60661.403321,60663.316483,60663.325786,60665.295738,60665.298958,60665.304488,60665.308737,60665.311964,60665.316138,60665.322139,60665.32913,60667.298271,60667.301477,60667.308818,60667.327754,60671.309893,60671.313126,60671.3206,60671.33893,60673.30129,60673.304973,60673.315648,60673.322573,60677.284986,60677.288761,60677.295659,60677.305424,60679.270573,60679.27379,60679.284896,60679.291785,60681.267955,60681.271634,60681.282902,60681.288415,60683.28157,60683.290903,60683.30524,60683.316362,60685.272743,60685.277394,60685.287155
flux,10.0,12.0,-23.0,106.0,45.0,-8.0,-35.0,-6.0,-4.0,21.0,15.0,29.0,28.0,37.0,17.0,-9.0,-7.0,23.0,29.0,35.0,-10.0,31.0,8.0,33.0,24.0,18.0,-2.0,0.0,9.0,36.0,39.0,-13.0,8.0,-3.0,-23.0,-16.0,16.0,24.0,15.0,-8.0,20.0,7.0,11.0,32.0,26.0,8.0,11.0,-1.0,21.0,196.0,50.0,-15.0
dflux,24.0,26.0,25.0,42.0,28.0,34.0,30.0,28.0,24.0,25.0,25.0,11.0,14.0,13.0,10.0,9.0,11.0,10.0,12.0,11.0,11.0,16.0,16.0,12.0,13.0,10.0,12.0,11.0,13.0,12.0,11.0,11.0,14.0,12.0,12.0,12.0,14.0,13.0,15.0,14.0,16.0,13.0,13.0,15.0,12.0,19.0,15.0,16.0,17.0,317.0,42.0,20.0
mag,21.348,21.208,-20.476,18.832,19.773,-21.638,-20.047,-21.94,-22.283,20.578,20.989,20.229,20.267,19.981,20.818,-21.485,-21.829,20.492,20.238,20.034,-21.456,20.161,21.587,20.115,20.46,20.761,-23.165,-25.617,21.524,19.998,19.933,-21.086,21.71,-22.744,-20.508,-20.923,20.863,20.434,20.968,-21.713,20.65,21.728,21.293,20.131,20.361,21.7,21.266,-23.796,20.576,18.172,19.648,-20.955
dmag,2.238,2.135,1.053,0.39,0.624,4.243,0.87,4.643,5.292,1.164,1.726,0.388,0.489,0.36,0.606,0.929,1.673,0.444,0.427,0.303,1.123,0.528,1.881,0.366,0.539,0.58,6.211,53.5,1.506,0.342,0.295,0.825,1.836,4.3,0.517,0.8,0.85,0.548,0.982,1.879,0.808,1.811,1.174,0.477,0.447,2.525,1.35,14.8,0.778,1.623,0.832,1.303
