atlas-norm,2024wdm,244.436458,36.436581,0.070237,nan,60577.229350000154
++++++++++++++++++++++++++++++++++++++++++++++++++++++++++++++++
++++++++++++++++++++++++++++++++++++++++++++++++++++++++++++++++
++++++++++++++++++++++++++++++++++++++++++++++++++++++++++++++++
zp,nan,nan,nan,nan,nan,nan,nan,nan,nan,nan,nan
filter,o,o,o,o,o,o,o,o,o,o,o
mjd,60667.640606,60667.657894,60667.662113,60679.626634,60679.629903,60679.650608,60679.661316,60681.626425,60681.629244,60681.648262,60681.659062
flux,34.0,12.0,20.0,-12.0,-12.0,-14.0,-10.0,2.0,8.0,11.0,-5.0
dflux,22.0,21.0,28.0,16.0,15.0,13.0,11.0,12.0,10.0,11.0,11.0
mag,20.064,21.161,20.633,-21.212,-21.224,-21.04,-21.397,22.985,21.651,21.311,-22.172
dmag,0.652,1.694,1.406,1.357,1.31,0.965,1.128,5.19,1.306,1.0,2.163
