atlas-norm,2025eh,137.9133925,38.67310125,0.07,nan,60681.45807999978
++++++++++++++++++++++++++++++++++++++++++++++++++++++++++++++++
++++++++++++++++++++++++++++++++++++++++++++++++++++++++++++++++
++++++++++++++++++++++++++++++++++++++++++++++++++++++++++++++++
zp,nan,nan,nan,nan,nan,nan,nan,nan,nan,nan,nan,nan,nan,nan,nan,nan,nan,nan,nan,nan,nan,nan,nan,nan,nan,nan,nan,nan,nan,nan,nan,nan,nan,nan,nan,nan,nan,nan,nan,nan,nan,nan,nan,nan,nan,nan,nan,nan,nan,nan,nan,nan,nan,nan,nan,nan,nan,nan,nan,nan,nan,nan,nan,nan,nan,nan,nan,nan,nan,nan,nan,nan,nan,nan,nan,nan,nan,nan,nan,nan,nan,nan,nan,nan,nan,nan,nan,nan,nan,nan,nan,nan,nan,nan,nan
filter,o,o,o,o,o,o,o,o,o,o,o,o,o,o,o,o,o,o,o,o,o,o,o,o,o,o,o,o,o,o,o,o,o,o,o,o,o,o,o,o,o,o,o,o,o,o,o,o,o,o,o,o,o,o,o,o,o,o,o,o,o,o,o,o,o,o,o,o,o,o,o,o,o,o,o,c,c,c,c,o,o,o,o,o,c,c,c,c,c,c,c,c,o,o,o
mjd,60677.435949,60677.459537,60677.467371,60677.47853,60677.483796,60677.485604,60677.506347,60677.509539,60678.538211,60678.566047,60678.594388,60678.619426,60679.438505,60679.440333,60679.464995,60681.458089,60681.490405,60681.493209,60681.498406,60681.49875,60681.500727,60681.504861,60681.525259,60683.46758,60683.469405,60683.472577,60683.478467,60683.481202,60683.483025,60683.485762,60683.496096,60684.446361,60684.448188,60684.450936,60684.466158,60685.449494,60685.451802,60685.465625,60685.468384,60686.409404,60686.412152,60686.415319,60686.420802,60687.480454,60687.508982,60687.512326,60687.540624,60692.508165,60692.511832,60692.520962,60692.555731,60693.526472,60693.529266,60693.534802,60693.567853,60694.506483,60694.537659,60694.541285,60694.548104,60695.414492,60695.422553,60695.426225,60695.437415,60695.545525,60695.548387,60695.584137,60695.589708,60696.49022,60696.518198,60696.522321,60696.550798,60697.611306,60697.615203,60697.622165,60697.634615,60699.433794,60699.436542,60699.440189,60699.445665,60699.672872,60700.496886,60700.508032,60700.510804,60700.521643,60703.471723,60703.472177,60703.47536,60703.475812,60703.481738,60703.483105,60703.492815,60703.493268,60704.489771,60704.49506,60704.498255
flux,30.0,50.0,51.0,49.0,32.0,45.0,43.0,56.0,46.0,29.0,43.0,38.0,91.0,70.0,12.0,82.0,73.0,46.0,58.0,68.0,69.0,59.0,70.0,82.0,60.0,96.0,86.0,78.0,116.0,98.0,79.0,75.0,57.0,106.0,83.0,75.0,82.0,34.0,74.0,123.0,124.0,73.0,61.0,116.0,103.0,58.0,70.0,101.0,68.0,122.0,110.0,93.0,85.0,107.0,101.0,104.0,91.0,79.0,99.0,72.0,95.0,71.0,65.0,84.0,110.0,84.0,106.0,84.0,83.0,77.0,109.0,54.0,77.0,84.0,86.0,69.0,47.0,71.0,48.0,78.0,98.0,75.0,85.0,62.0,49.0,29.0,41.0,52.0,35.0,37.0,33.0,34.0,16.0,8.0,91.0
dflux,13.0,11.0,11.0,11.0,13.0,13.0,14.0,14.0,9.0,9.0,10.0,11.0,28.0,29.0,71.0,9.0,10.0,11.0,11.0,10.0,12.0,11.0,9.0,16.0,14.0,15.0,15.0,14.0,14.0,12.0,13.0,14.0,12.0,13.0,14.0,18.0,21.0,18.0,18.0,30.0,33.0,30.0,36.0,41.0,26.0,28.0,32.0,20.0,26.0,17.0,19.0,19.0,20.0,18.0,14.0,16.0,15.0,16.0,13.0,12.0,14.0,13.0,13.0,13.0,13.0,13.0,14.0,20.0,12.0,12.0,14.0,32.0,16.0,22.0,14.0,11.0,11.0,12.0,11.0,31.0,49.0,13.0,12.0,8.0,10.0,9.0,8.0,9.0,9.0,10.0,8.0,10.0,39.0,60.0,67.0
mag,20.201,19.655,19.629,19.676,20.143,19.769,19.825,19.523,19.743,20.247,19.815,19.966,19.006,19.288,21.244,19.113,19.238,19.75,19.5,19.319,19.308,19.475,19.284,19.112,19.445,18.945,19.063,19.165,18.741,18.925,19.151,19.213,19.502,18.838,19.108,19.211,19.112,20.086,19.227,18.675,18.664,19.246,19.437,18.743,18.87,19.49,19.287,18.89,19.321,18.687,18.802,18.977,19.082,18.827,18.893,18.854,19.0,19.15,18.909,19.262,18.956,19.275,19.371,19.087,18.795,19.085,18.842,19.089,19.103,19.178,18.806,19.56,19.185,19.088,19.068,19.309,19.715,19.272,19.691,19.17,18.917,19.218,19.076,19.424,19.684,20.25,19.873,19.606,20.04,19.985,20.103,20.062,20.909,21.598,19.003
dmag,0.429,0.217,0.208,0.223,0.405,0.28,0.333,0.251,0.187,0.312,0.233,0.303,0.308,0.418,6.167,0.113,0.139,0.245,0.191,0.145,0.173,0.182,0.128,0.194,0.226,0.16,0.174,0.184,0.116,0.127,0.16,0.19,0.214,0.124,0.165,0.239,0.251,0.527,0.242,0.24,0.266,0.416,0.594,0.357,0.255,0.486,0.459,0.196,0.385,0.138,0.175,0.208,0.237,0.173,0.145,0.155,0.168,0.206,0.129,0.166,0.144,0.179,0.202,0.157,0.118,0.156,0.132,0.233,0.144,0.159,0.13,0.578,0.212,0.257,0.163,0.16,0.224,0.166,0.224,0.401,0.5,0.17,0.14,0.138,0.204,0.317,0.206,0.174,0.258,0.264,0.258,0.279,2.485,7.143,0.741
