atlas-norm,2019aave,337.6713171,39.2917612,None,nan,58582.51564809028
++++++++++++++++++++++++++++++++++++++++++++++++++++++++++++++++
++++++++++++++++++++++++++++++++++++++++++++++++++++++++++++++++
++++++++++++++++++++++++++++++++++++++++++++++++++++++++++++++++
zp,nan,nan,nan,nan,nan,nan,nan,nan,nan,nan,nan,nan,nan,nan,nan,nan,nan,nan,nan,nan,nan,nan,nan,nan,nan,nan,nan,nan,nan,nan,nan,nan,nan,nan,nan,nan,nan,nan,nan,nan,nan,nan,nan,nan,nan,nan,nan,nan,nan,nan,nan,nan,nan,nan,nan,nan,nan,nan,nan,nan,nan,nan,nan,nan,nan,nan,nan,nan,nan,nan,nan,nan,nan,nan,nan,nan,nan,nan,nan,nan,nan,nan,nan,nan,nan,nan,nan,nan,nan,nan
filter,o,o,o,o,o,o,o,o,o,o,o,o,o,o,o,o,o,o,o,o,o,o,o,o,o,o,o,o,o,o,o,o,o,o,o,o,o,o,o,o,o,o,o,o,o,o,o,o,o,o,o,o,o,o,o,o,o,o,o,o,o,o,o,o,o,o,o,o,o,o,o,o,o,o,o,o,o,o,o,o,o,o,o,o,o,o,o,o,o,o
mjd,60659.274191,60659.280299,60659.281526,60659.283538,60659.284711,60659.289166,60659.301955,60660.253846,60660.257068,60660.279399,60660.294442,60661.289388,60661.293114,60661.299024,60661.31302,60661.313225,60661.320482,60661.326062,60661.347558,60662.272544,60662.275316,60662.280809,60662.302765,60663.202927,60663.206631,60663.212577,60663.229619,60665.230044,60665.240748,60665.25504,60665.264294,60665.269556,60665.272742,60665.292921,60665.298843,60667.202901,60667.206136,60667.211621,60667.223093,60670.249475,60670.252687,60670.271933,60670.2784,60671.282526,60671.286704,60671.288577,60671.29419,60671.317366,60673.234705,60673.237939,60673.241512,60673.244831,60673.254799,60673.258459,60673.270859,60674.261027,60674.264257,60674.269797,60674.284584,60675.226751,60675.22994,60675.239996,60675.245975,60677.230417,60677.235577,60677.247149,60677.250387,60679.203425,60679.206599,60679.213497,60679.231956,60681.243448,60681.250428,60681.274514,60681.278246,60683.259733,60683.269974,60683.28347,60683.286757,60685.208726,60685.215659,60685.230916,60687.222777,60687.22826,60687.244825,60687.246197,60687.250418,60687.254608,60687.25598,60687.26936
flux,0.0,92.0,-465.0,49.0,64.0,-47.0,-63.0,-37.0,63.0,95.0,57.0,92.0,109.0,171.0,42.0,61.0,88.0,20.0,133.0,61.0,-303.0,179.0,-15.0,-117.0,-251.0,155.0,19.0,-10.0,-19.0,-46.0,72.0,71.0,-108.0,2.0,-170.0,-205.0,32.0,-75.0,4.0,9.0,-137.0,-278.0,-11.0,-273.0,-154.0,31.0,-105.0,996.0,102.0,46.0,134.0,148.0,-26.0,113.0,131.0,-40.0,43.0,185.0,53.0,62.0,-78.0,-48.0,-229.0,-14.0,48.0,-27.0,-38.0,-80.0,69.0,-91.0,-80.0,51.0,112.0,-17.0,116.0,-36.0,62.0,-7.0,-67.0,-4055.0,769.0,-96.0,-33.0,-204.0,-228.0,200.0,-111.0,32.0,-182.0,182.0
dflux,0.0,26.0,636.0,28.0,112.0,98.0,148.0,24.0,18.0,24.0,25.0,22.0,23.0,24.0,28.0,25.0,30.0,29.0,36.0,16.0,14.0,19.0,19.0,17.0,12.0,15.0,15.0,13.0,14.0,12.0,15.0,14.0,13.0,15.0,18.0,20.0,17.0,14.0,14.0,14.0,18.0,12.0,15.0,16.0,25.0,33.0,23.0,31.0,17.0,14.0,17.0,14.0,16.0,18.0,21.0,17.0,14.0,19.0,20.0,16.0,17.0,16.0,17.0,16.0,17.0,13.0,14.0,26.0,17.0,14.0,16.0,18.0,16.0,17.0,19.0,16.0,24.0,21.0,23.0,3536.0,1313.0,32.0,26.0,27.0,34.0,32.0,32.0,37.0,36.0,40.0
mag,0.0,18.986,-17.231,19.673,19.392,-19.716,-19.396,-19.97,19.405,18.955,19.505,18.99,18.806,18.316,19.841,19.43,19.037,20.645,18.588,19.434,-17.695,18.266,-20.931,-18.725,-17.901,18.421,20.729,-21.433,-20.711,-19.737,19.253,19.277,-18.819,22.96,-18.327,-18.122,20.127,-19.209,22.356,21.54,-18.56,-17.792,-21.27,-17.811,-18.431,20.176,-18.846,16.404,18.881,19.744,18.581,18.474,-20.368,18.764,18.606,-19.902,19.815,18.232,19.593,19.417,-19.162,-19.706,-18.002,-20.999,19.692,-20.316,-19.957,-19.146,19.301,-19.004,-19.143,19.632,18.778,-20.832,18.74,-20.021,19.428,-21.788,-19.338,-14.88,16.685,-18.941,-20.115,-18.127,-18.003,18.146,-18.79,20.132,-18.253,18.25
dmag,0.0,0.281,1.367,0.561,1.756,2.073,2.34,0.644,0.291,0.249,0.444,0.243,0.21,0.14,0.678,0.415,0.335,1.451,0.274,0.263,0.044,0.108,1.244,0.142,0.048,0.096,0.796,1.375,0.725,0.257,0.21,0.192,0.121,6.333,0.104,0.097,0.539,0.183,3.343,1.608,0.128,0.043,1.357,0.059,0.161,1.062,0.221,0.031,0.163,0.3,0.129,0.095,0.614,0.161,0.16,0.437,0.313,0.105,0.368,0.255,0.22,0.329,0.075,1.076,0.354,0.47,0.369,0.33,0.25,0.152,0.197,0.346,0.147,1.029,0.166,0.447,0.392,3.056,0.339,0.872,1.707,0.333,0.802,0.132,0.149,0.162,0.293,1.146,0.2,0.222
