atlas-norm,2024skv,52.8989888743,-7.4972973629,0.055536,nan,60538.59473000001
++++++++++++++++++++++++++++++++++++++++++++++++++++++++++++++++
++++++++++++++++++++++++++++++++++++++++++++++++++++++++++++++++
++++++++++++++++++++++++++++++++++++++++++++++++++++++++++++++++
zp,nan,nan,nan,nan,nan,nan,nan,nan,nan,nan,nan,nan,nan,nan,nan,nan,nan,nan,nan,nan,nan,nan,nan,nan,nan,nan,nan,nan,nan,nan,nan,nan,nan,nan,nan,nan,nan,nan,nan,nan,nan,nan,nan,nan,nan,nan,nan,nan,nan,nan,nan,nan,nan,nan,nan,nan,nan,nan,nan,nan,nan,nan,nan,nan,nan,nan,nan,nan,nan,nan,nan,nan,nan,nan,nan,nan,nan,nan,nan,nan,nan,nan,nan,nan,nan,nan,nan,nan,nan,nan,nan,nan,nan,nan,nan,nan,nan,nan,nan,nan,nan,nan,nan
filter,o,o,o,o,o,o,o,o,o,o,o,o,o,o,o,o,o,o,o,o,o,o,o,o,c,c,c,c,o,o,o,o,o,o,o,o,o,o,o,o,c,c,c,c,o,o,o,o,o,o,o,o,c,c,c,c,o,o,o,o,o,o,o,o,o,o,o,o,o,o,o,o,o,o,o,o,o,o,o,o,o,o,o,o,o,o,o,o,o,o,o,o,o,o,o,o,o,o,o,o,o,o,o
mjd,60659.158091,60659.165028,60659.168185,60659.203598,60660.402966,60660.405763,60660.411259,60660.421294,60660.894617,60660.898269,60660.903748,60660.914232,60662.427184,60662.43042,60662.438229,60662.452978,60663.153078,60663.156259,60663.16171,60663.171796,60664.374749,60664.377926,60664.384738,60664.39718,60664.801147,60664.803402,60664.808831,60664.816198,60666.364634,60666.367832,60666.373338,60666.384142,60667.113151,60667.116364,60667.122019,60667.145733,60668.344524,60668.348183,60668.353623,60668.365074,60668.854971,60668.860877,60668.864047,60668.878553,60671.122037,60671.125255,60671.130359,60671.140843,60672.350385,60672.353575,60672.359524,60672.370871,60672.859939,60672.864907,60672.868066,60672.878819,60674.312646,60674.315862,60674.324756,60674.335845,60675.088516,60675.092176,60675.097613,60675.109164,60676.414437,60676.417669,60676.422769,60676.433784,60678.327487,60678.330695,60678.338028,60678.354064,60679.100449,60679.103622,60679.111377,60679.12498,60680.321438,60680.324623,60680.332358,60680.34217,60680.851882,60680.855065,60680.860495,60680.877753,60682.280216,60682.283419,60682.290775,60682.300958,60683.050829,60683.053995,60683.060387,60683.072441,60684.311193,60684.314386,60684.320709,60684.331163,60684.809048,60684.824463,60684.828085,60684.833525,60687.09215,60687.095335,60687.101238
flux,74.0,77.0,44.0,70.0,-23.0,36.0,47.0,12.0,-2.0,70.0,10.0,61.0,57.0,67.0,34.0,68.0,29.0,5.0,41.0,26.0,8.0,31.0,8.0,-1.0,21.0,4.0,1.0,-35.0,31.0,34.0,19.0,9.0,32.0,45.0,48.0,55.0,30.0,8.0,27.0,15.0,16.0,16.0,13.0,37.0,36.0,31.0,30.0,12.0,25.0,41.0,28.0,34.0,26.0,2.0,33.0,4.0,8.0,17.0,69.0,36.0,9.0,39.0,33.0,36.0,4.0,46.0,5.0,102.0,48.0,32.0,23.0,10.0,22.0,8.0,49.0,1.0,21.0,21.0,-8.0,6.0,56.0,-21.0,12.0,31.0,-199.0,70.0,25.0,40.0,-55.0,-30.0,24.0,41.0,38.0,62.0,76.0,1.0,-19.0,31.0,-35.0,67.0,55.0,112.0,86.0
dflux,39.0,40.0,40.0,38.0,24.0,22.0,23.0,21.0,25.0,27.0,27.0,22.0,18.0,16.0,18.0,20.0,20.0,17.0,22.0,21.0,16.0,14.0,15.0,16.0,11.0,11.0,11.0,9.0,13.0,13.0,12.0,16.0,15.0,17.0,16.0,18.0,13.0,12.0,15.0,14.0,11.0,10.0,10.0,11.0,12.0,14.0,13.0,12.0,11.0,14.0,13.0,14.0,22.0,11.0,12.0,11.0,10.0,11.0,13.0,11.0,20.0,20.0,20.0,23.0,12.0,11.0,12.0,11.0,14.0,13.0,14.0,13.0,14.0,12.0,14.0,14.0,12.0,14.0,13.0,13.0,26.0,19.0,16.0,18.0,16.0,17.0,15.0,15.0,25.0,30.0,31.0,30.0,21.0,21.0,24.0,27.0,32.0,29.0,32.0,29.0,29.0,30.0,23.0
mag,19.222,19.183,19.785,19.284,-20.515,20.008,19.72,21.236,-22.997,19.28,21.442,19.434,19.504,19.336,20.083,19.315,20.228,22.179,19.869,20.369,21.624,20.185,21.698,-24.134,20.609,22.261,23.828,-20.047,20.17,20.08,20.727,21.516,20.146,19.763,19.696,19.542,20.199,21.646,20.315,20.954,20.888,20.921,21.085,19.967,20.004,20.179,20.192,21.22,20.418,19.862,20.294,20.07,20.365,23.154,20.103,22.421,21.642,20.824,19.296,20.002,21.464,19.926,20.111,20.024,22.334,19.742,22.077,18.875,19.688,20.126,20.501,21.39,20.543,21.629,19.665,23.662,20.599,20.577,-21.572,21.942,19.527,-20.609,21.195,20.167,-18.155,19.29,20.39,19.895,-19.54,-20.212,20.464,19.859,19.96,19.414,19.2,24.357,-20.714,20.186,-20.044,19.338,19.552,18.775,19.057
dmag,0.529,0.514,0.902,0.537,1.04,0.598,0.496,1.838,10.786,0.389,2.774,0.361,0.32,0.237,0.522,0.291,0.688,3.537,0.531,0.813,1.906,0.444,1.952,19.5,0.526,2.458,10.0,0.257,0.432,0.388,0.667,1.797,0.474,0.372,0.334,0.329,0.416,1.443,0.559,0.896,0.694,0.631,0.709,0.301,0.338,0.462,0.43,0.976,0.463,0.328,0.476,0.425,0.831,5.6,0.378,2.9,1.286,0.63,0.191,0.313,2.071,0.514,0.602,0.65,2.816,0.236,2.275,0.11,0.279,0.391,0.627,1.297,0.638,1.53,0.28,11.0,0.551,0.639,1.507,2.085,0.462,0.93,1.365,0.567,0.081,0.245,0.585,0.379,0.457,0.992,1.326,0.738,0.554,0.341,0.312,40.8,1.719,0.953,0.919,0.432,0.528,0.271,0.267
