atlas-norm,2024ejy,210.381374087,-23.9571240757,0.0408,nan,60384.000010000076
++++++++++++++++++++++++++++++++++++++++++++++++++++++++++++++++
++++++++++++++++++++++++++++++++++++++++++++++++++++++++++++++++
++++++++++++++++++++++++++++++++++++++++++++++++++++++++++++++++
zp,nan,nan,nan,nan,nan,nan,nan,nan,nan,nan,nan,nan,nan,nan,nan,nan,nan,nan,nan,nan,nan,nan,nan,nan,nan,nan,nan,nan,nan,nan,nan,nan,nan,nan,nan,nan,nan,nan,nan,nan
filter,o,o,o,o,o,o,o,o,o,c,c,c,c,c,c,c,c,o,o,o,o,o,o,o,o,c,c,c,c,o,o,o,o,o,o,o,o,o,o,o
mjd,60674.337288,60674.341467,60674.349216,60674.355415,60678.32677,60678.33093,60678.341257,60678.346424,60678.362334,60679.069004,60679.073172,60679.079187,60679.097384,60680.082646,60680.088666,60680.093715,60680.101816,60681.338192,60681.350157,60681.355589,60681.366503,60682.342072,60682.34619,60682.35368,60682.359753,60684.077438,60684.081065,60684.087451,60684.098504,60685.334626,60685.340784,60685.354107,60685.358757,60686.277375,60686.280241,60686.30591,60686.312366,60687.085115,60687.092897,60687.097016
flux,29.0,17.0,12.0,56.0,11.0,31.0,10.0,-10.0,6.0,-3.0,-4.0,-5.0,6.0,13.0,14.0,-1.0,11.0,11.0,28.0,21.0,5.0,26.0,13.0,33.0,17.0,17.0,13.0,-16.0,21.0,13.0,5.0,-34.0,19.0,-4.0,17.0,-8.0,19.0,9.0,8.0,1.0
dflux,15.0,16.0,14.0,17.0,13.0,12.0,15.0,14.0,24.0,12.0,10.0,10.0,17.0,12.0,12.0,13.0,15.0,14.0,13.0,14.0,30.0,16.0,14.0,12.0,16.0,12.0,13.0,10.0,14.0,18.0,18.0,17.0,19.0,24.0,27.0,15.0,15.0,12.0,13.0,13.0
mag,20.238,20.823,21.188,19.539,21.276,20.182,21.405,-21.436,22.034,-22.686,-22.408,-22.112,21.869,21.086,21.078,-23.809,21.292,21.32,20.277,20.572,22.214,20.341,21.143,20.09,20.83,20.804,21.122,-20.882,20.576,21.147,22.132,-20.062,20.699,-22.295,20.838,-21.602,20.722,21.495,21.654,23.778
dmag,0.527,0.923,1.17,0.307,1.167,0.398,1.465,1.438,4.22,3.778,2.5,1.889,2.581,0.896,0.882,11.714,1.347,1.337,0.478,0.629,6.333,0.593,1.063,0.366,0.978,0.697,1.017,0.604,0.649,1.411,3.595,0.486,0.978,5.4,1.619,1.852,0.814,1.266,1.61,11.375
