atlas-norm,2024tyd,39.8517191709,-46.1578429301,0.05,nan,60552.54243999999
++++++++++++++++++++++++++++++++++++++++++++++++++++++++++++++++
++++++++++++++++++++++++++++++++++++++++++++++++++++++++++++++++
++++++++++++++++++++++++++++++++++++++++++++++++++++++++++++++++
zp,nan,nan,nan,nan,nan,nan,nan,nan,nan,nan,nan,nan,nan,nan,nan,nan,nan,nan,nan,nan,nan,nan,nan,nan,nan,nan,nan,nan,nan,nan,nan,nan,nan,nan,nan,nan,nan,nan,nan,nan,nan,nan,nan,nan,nan,nan,nan,nan,nan,nan,nan,nan,nan,nan,nan,nan,nan,nan,nan
filter,o,o,o,o,o,o,o,o,o,o,o,o,c,c,c,c,o,o,o,o,o,o,o,o,c,c,c,c,o,o,o,o,c,c,c,c,o,o,o,o,c,c,c,c,o,o,o,o,o,o,o,o,o,o,o,o,o,o,o
mjd,60660.098704,60660.101942,60660.10746,60660.117533,60661.854161,60661.856927,60661.862137,60661.873945,60664.107878,60664.111086,60664.116602,60664.126498,60665.849675,60665.853367,60665.85955,60665.870994,60668.091268,60668.094961,60668.100346,60668.107033,60668.110313,60668.112854,60668.115691,60668.125959,60669.846008,60669.849649,60669.856538,60669.867902,60672.095638,60672.099338,60672.105238,60672.116025,60673.839757,60673.842951,60673.848206,60673.858253,60676.077337,60676.081005,60676.086725,60676.100506,60677.816889,60677.820544,60677.827795,60677.837629,60680.078924,60680.082611,60680.097944,60681.814815,60681.818085,60681.824141,60681.836134,60684.053087,60684.056084,60684.065925,60684.071154,60685.800689,60685.804004,60685.810034,60685.820229
flux,12.0,-22.0,-10.0,-17.0,-10.0,16.0,-5.0,-22.0,-12.0,-4.0,6.0,-4.0,6.0,14.0,-4.0,4.0,-9.0,37.0,14.0,-30.0,-10.0,-31.0,-17.0,-2.0,41.0,12.0,10.0,7.0,7.0,-5.0,15.0,-1.0,5.0,4.0,22.0,10.0,2.0,3.0,2.0,-5.0,9.0,23.0,16.0,12.0,-14.0,23.0,-3.0,21.0,10.0,-35.0,-32.0,-20.0,29.0,75.0,17.0,-10.0,-19.0,17.0,-10.0
dflux,35.0,29.0,31.0,30.0,18.0,17.0,19.0,16.0,14.0,13.0,14.0,12.0,8.0,8.0,10.0,8.0,21.0,19.0,20.0,12.0,10.0,19.0,13.0,13.0,8.0,7.0,8.0,8.0,13.0,11.0,10.0,10.0,10.0,10.0,10.0,8.0,12.0,12.0,15.0,13.0,8.0,9.0,8.0,9.0,16.0,15.0,13.0,14.0,16.0,20.0,19.0,26.0,19.0,23.0,22.0,16.0,16.0,15.0,18.0
mag,21.163,-20.565,-21.383,-20.838,-21.46,20.889,-22.141,-20.536,-21.188,-22.481,21.968,-22.327,22.05,21.019,-22.408,22.553,-21.504,19.987,21.029,-20.225,-21.369,-20.168,-20.85,-23.469,19.864,21.189,21.373,21.837,21.759,-22.076,20.959,-23.557,22.166,22.392,20.54,21.429,23.106,22.638,23.041,-22.209,21.489,20.506,20.913,21.222,-21.062,20.476,-22.825,20.579,21.437,-20.047,-20.13,-20.653,20.251,19.206,20.796,-21.401,-20.693,20.822,-21.43
dmag,2.848,1.333,3.089,1.757,1.952,1.059,3.697,0.738,1.113,3.464,2.348,2.812,1.472,0.564,2.542,2.2,2.354,0.526,1.434,0.401,0.968,0.596,0.763,8.667,0.201,0.602,0.75,1.239,1.772,1.976,0.653,7.0,1.939,2.37,0.454,0.812,5.588,3.889,6.75,2.8,0.873,0.377,0.533,0.76,1.202,0.657,4.739,0.645,1.6,0.584,0.583,1.327,0.649,0.304,1.243,1.603,0.847,0.889,1.862
