atlas-norm,2024ably,29.181292,-9.179769,0.061,nan,60632.903750000056
++++++++++++++++++++++++++++++++++++++++++++++++++++++++++++++++
++++++++++++++++++++++++++++++++++++++++++++++++++++++++++++++++
++++++++++++++++++++++++++++++++++++++++++++++++++++++++++++++++
zp,nan,nan,nan,nan,nan,nan,nan,nan,nan,nan,nan,nan,nan,nan,nan,nan,nan,nan,nan,nan,nan,nan,nan,nan,nan,nan,nan,nan,nan,nan,nan,nan,nan,nan,nan,nan,nan,nan,nan,nan,nan,nan,nan,nan,nan,nan,nan,nan,nan,nan,nan,nan,nan,nan,nan,nan,nan,nan,nan,nan,nan,nan,nan,nan,nan,nan,nan,nan,nan,nan,nan,nan,nan,nan,nan,nan,nan,nan,nan,nan,nan,nan,nan,nan,nan,nan,nan,nan,nan,nan,nan,nan,nan,nan,nan,nan,nan,nan,nan,nan,nan,nan
filter,o,o,o,o,o,o,o,o,o,o,o,o,o,o,o,o,o,o,o,o,o,o,o,o,o,o,o,o,o,o,o,o,o,o,c,c,c,c,o,o,o,o,o,o,o,o,o,o,o,o,c,c,c,c,o,o,o,o,o,o,o,o,c,c,c,c,o,o,o,o,o,o,o,o,o,o,o,o,o,o,o,o,o,o,o,o,o,o,o,o,o,o,o,o,o,o,o,o,o,o,o,o
mjd,60658.333138,60658.336356,60658.336812,60658.340009,60658.342767,60658.345982,60658.359598,60659.126824,60659.127275,60659.130437,60659.132243,60659.152158,60659.15351,60659.162195,60660.364179,60660.365122,60660.367393,60660.3683,60660.374244,60660.383829,60660.38428,60660.856131,60660.859293,60660.863817,60660.866975,60660.879715,60663.095909,60663.099081,60663.106905,60663.130201,60664.346717,60664.349553,60664.358779,60664.368857,60664.844982,60664.848233,60664.857071,60664.871141,60666.309727,60666.321307,60666.324509,60666.335314,60667.058477,60667.070355,60667.073988,60667.079515,60668.305823,60668.309,60668.314455,60668.327634,60668.791546,60668.795163,60668.800611,60668.815104,60671.055467,60671.059124,60671.071048,60671.076963,60672.311503,60672.31513,60672.320589,60672.331747,60672.820207,60672.830172,60672.836052,60672.838899,60674.27518,60674.278381,60674.283681,60674.296067,60675.042083,60675.045717,60675.051188,60675.062124,60678.258078,60678.263573,60678.267259,60678.278049,60679.042418,60679.046037,60679.051953,60679.06251,60680.27534,60680.278522,60680.285309,60680.300039,60682.225562,60682.240746,60682.249565,60682.254156,60683.036141,60683.039364,60683.064157,60683.082578,60684.277331,60684.280506,60684.290511,60684.301664,60684.787346,60684.790505,60684.796858,60684.818594
flux,94.0,72.0,36.0,73.0,78.0,93.0,70.0,152.0,38.0,52.0,137.0,22.0,76.0,97.0,19.0,63.0,48.0,54.0,22.0,78.0,65.0,103.0,125.0,42.0,37.0,21.0,90.0,92.0,112.0,107.0,78.0,59.0,93.0,129.0,77.0,23.0,30.0,43.0,78.0,99.0,75.0,85.0,85.0,66.0,59.0,65.0,56.0,110.0,74.0,84.0,48.0,45.0,48.0,47.0,65.0,60.0,77.0,80.0,65.0,58.0,58.0,50.0,33.0,18.0,32.0,30.0,56.0,55.0,65.0,34.0,57.0,80.0,90.0,56.0,14.0,44.0,61.0,46.0,66.0,1.0,59.0,14.0,67.0,47.0,67.0,29.0,28.0,30.0,32.0,28.0,55.0,7.0,-12.0,43.0,14.0,28.0,44.0,56.0,19.0,98.0,39.0,41.0
dflux,27.0,23.0,25.0,24.0,25.0,23.0,25.0,42.0,36.0,38.0,47.0,37.0,37.0,36.0,47.0,28.0,37.0,31.0,32.0,27.0,28.0,33.0,31.0,24.0,38.0,41.0,14.0,13.0,14.0,16.0,14.0,14.0,13.0,16.0,12.0,10.0,10.0,13.0,12.0,11.0,12.0,14.0,12.0,12.0,12.0,14.0,12.0,13.0,12.0,11.0,13.0,11.0,9.0,9.0,14.0,17.0,18.0,17.0,11.0,10.0,14.0,13.0,10.0,11.0,9.0,9.0,12.0,12.0,12.0,10.0,15.0,12.0,12.0,13.0,11.0,12.0,12.0,11.0,21.0,15.0,14.0,12.0,12.0,12.0,18.0,12.0,17.0,20.0,16.0,15.0,36.0,30.0,34.0,34.0,21.0,18.0,22.0,26.0,34.0,32.0,26.0,26.0
mag,18.97,19.255,20.006,19.247,19.176,18.975,19.286,18.449,19.957,19.616,18.559,20.555,19.195,18.933,20.726,19.403,19.707,19.58,20.524,19.177,19.365,18.866,18.659,19.84,19.971,20.589,19.008,18.996,18.779,18.822,19.172,19.474,18.982,18.626,19.181,20.502,20.227,19.816,19.17,18.914,19.21,19.075,19.071,19.355,19.479,19.368,19.535,18.8,19.22,19.088,19.695,19.768,19.689,19.726,19.365,19.451,19.183,19.139,19.365,19.49,19.483,19.664,20.115,20.754,20.144,20.193,19.536,19.552,19.366,20.083,19.506,19.139,19.016,19.522,21.002,19.784,19.429,19.738,19.357,23.584,19.467,21.061,19.338,19.723,19.341,20.233,20.262,20.214,20.146,20.286,19.542,21.744,-21.185,19.809,21.013,20.295,19.802,19.52,20.678,18.927,19.911,19.866
dmag,0.286,0.319,0.69,0.331,0.324,0.243,0.351,0.276,0.943,0.741,0.346,1.691,0.487,0.374,2.523,0.453,0.778,0.577,1.453,0.349,0.425,0.317,0.251,0.559,1.007,1.93,0.157,0.14,0.128,0.146,0.177,0.228,0.137,0.125,0.161,0.42,0.347,0.31,0.158,0.114,0.166,0.159,0.135,0.189,0.2,0.216,0.212,0.12,0.164,0.134,0.275,0.254,0.189,0.188,0.22,0.276,0.238,0.211,0.175,0.172,0.23,0.26,0.323,0.619,0.272,0.311,0.209,0.218,0.189,0.285,0.265,0.156,0.132,0.234,0.791,0.28,0.187,0.245,0.315,11.0,0.228,0.874,0.188,0.255,0.273,0.404,0.602,0.671,0.509,0.531,0.658,4.105,2.765,0.78,1.448,0.663,0.51,0.462,1.754,0.332,0.667,0.633
