atlas-norm,2024xjv,51.3204994841,-5.96218655081,0.070186,nan,60588.47825000016
++++++++++++++++++++++++++++++++++++++++++++++++++++++++++++++++
++++++++++++++++++++++++++++++++++++++++++++++++++++++++++++++++
++++++++++++++++++++++++++++++++++++++++++++++++++++++++++++++++
zp,nan,nan,nan,nan,nan,nan,nan,nan,nan,nan,nan,nan,nan,nan,nan,nan,nan,nan,nan,nan,nan,nan,nan,nan,nan,nan,nan,nan,nan,nan,nan,nan,nan,nan,nan,nan,nan,nan,nan,nan,nan,nan,nan,nan,nan,nan,nan,nan,nan,nan,nan,nan,nan,nan,nan,nan,nan,nan,nan,nan,nan,nan,nan,nan,nan,nan,nan,nan,nan,nan,nan,nan,nan,nan,nan,nan,nan,nan,nan,nan,nan,nan,nan,nan,nan,nan,nan,nan,nan,nan,nan,nan,nan,nan,nan,nan,nan,nan,nan,nan,nan,nan,nan,nan,nan,nan,nan,nan
filter,o,o,o,o,o,o,o,o,o,o,o,o,o,o,o,o,o,o,o,o,o,o,o,o,c,c,c,c,o,o,o,o,o,o,o,o,o,o,o,o,c,c,c,c,o,o,o,o,o,o,o,o,o,o,o,o,c,c,c,c,o,o,o,o,o,o,o,o,o,o,o,o,o,o,o,o,o,o,o,o,o,o,o,o,o,o,o,o,o,o,o,o,o,o,o,o,o,o,o,o,o,o,o,o,o,o,o,o
mjd,60659.145356,60659.148989,60659.155824,60659.166382,60660.402966,60660.405763,60660.411259,60660.421294,60660.894617,60660.898269,60660.903748,60660.914232,60662.476119,60662.479335,60662.484885,60662.496963,60663.128804,60663.134768,60663.137929,60663.149446,60664.374749,60664.377926,60664.384738,60664.39718,60664.801147,60664.803402,60664.808831,60664.816198,60666.366004,60666.369671,60666.375628,60666.386884,60667.106324,60667.109513,60667.114978,60667.125656,60668.344524,60668.348183,60668.353623,60668.365074,60668.854971,60668.860877,60668.864047,60668.878553,60671.105956,60671.109588,60671.11614,60671.122037,60671.125255,60671.128095,60671.130359,60671.140843,60672.339895,60672.348124,60672.351289,60672.3686,60672.847505,60672.852934,60672.859037,60672.870653,60674.31356,60674.323381,60674.326589,60674.331709,60675.087165,60675.090803,60675.096242,60675.107788,60676.414437,60676.417669,60676.422769,60676.433784,60678.302255,60678.305926,60678.311419,60678.322427,60679.085853,60679.091343,60679.096837,60679.097741,60679.112278,60680.308691,60680.311872,60680.318724,60680.333725,60680.845548,60680.848715,60680.85415,60680.87595,60682.280216,60682.283419,60682.290775,60682.300958,60683.050829,60683.053995,60683.060387,60683.072441,60684.311645,60684.314838,60684.32025,60684.330711,60684.807245,60684.8104,60684.824012,60684.830357,60687.09215,60687.095335,60687.101238
flux,30.0,32.0,51.0,-30.0,32.0,79.0,42.0,-33.0,14.0,-20.0,8.0,30.0,27.0,13.0,69.0,-13.0,67.0,32.0,10.0,18.0,39.0,40.0,29.0,3.0,16.0,11.0,-10.0,16.0,-1.0,-10.0,9.0,16.0,-4.0,-3.0,-4.0,3.0,-8.0,16.0,15.0,9.0,-9.0,6.0,27.0,-17.0,7.0,21.0,27.0,9.0,-25.0,18.0,26.0,11.0,-4.0,7.0,56.0,-1.0,-1.0,17.0,-52.0,-2.0,7.0,-8.0,17.0,-7.0,21.0,-9.0,8.0,8.0,11.0,0.0,-13.0,28.0,9.0,8.0,4.0,30.0,33.0,-6.0,34.0,9.0,24.0,-4.0,7.0,22.0,-7.0,5.0,-38.0,-14.0,-1.0,8.0,-10.0,9.0,37.0,17.0,20.0,12.0,3.0,58.0,39.0,0.0,35.0,25.0,-40.0,5.0,44.0,10.0,44.0,5.0
dflux,60.0,58.0,44.0,54.0,26.0,23.0,27.0,26.0,25.0,21.0,23.0,22.0,23.0,24.0,24.0,27.0,27.0,27.0,27.0,27.0,12.0,14.0,14.0,14.0,10.0,12.0,9.0,10.0,11.0,13.0,10.0,13.0,15.0,16.0,17.0,16.0,12.0,15.0,15.0,15.0,10.0,12.0,10.0,10.0,17.0,20.0,24.0,11.0,11.0,19.0,12.0,16.0,12.0,10.0,12.0,10.0,11.0,10.0,611.0,11.0,11.0,13.0,11.0,9.0,17.0,16.0,16.0,17.0,13.0,12.0,15.0,14.0,12.0,12.0,12.0,12.0,19.0,19.0,31.0,19.0,18.0,12.0,11.0,14.0,13.0,18.0,21.0,23.0,16.0,14.0,16.0,12.0,14.0,23.0,25.0,24.0,25.0,18.0,24.0,20.0,21.0,34.0,31.0,40.0,29.0,31.0,31.0,35.0
mag,20.205,20.152,19.627,-20.193,20.132,19.161,19.856,-20.089,21.001,-20.664,21.583,20.226,20.316,21.126,19.301,-21.09,19.338,20.126,21.373,20.761,19.912,19.893,20.248,22.673,20.905,21.301,-21.412,20.864,-23.725,-21.388,21.494,20.895,-22.405,-22.584,-22.301,22.556,-21.593,20.884,20.962,21.549,-21.471,22.015,20.339,-20.799,21.809,20.61,20.32,21.488,-20.413,20.767,20.37,21.263,-22.38,21.814,19.529,-24.147,-23.856,20.837,-19.607,-23.217,21.742,-21.588,20.835,-21.767,20.611,-21.522,21.676,21.713,21.328,-24.949,-21.114,20.281,21.493,21.696,22.443,20.188,20.105,-21.989,20.067,21.565,20.426,-22.515,21.81,20.566,-21.736,22.068,-19.944,-21.05,-23.783,21.62,-21.354,21.512,19.969,20.813,20.674,21.222,22.573,19.501,19.911,26.39,20.032,20.386,-19.902,22.071,19.801,21.415,19.795,22.13
dmag,1.993,1.833,0.861,1.776,0.792,0.288,0.661,0.77,1.714,1.083,2.679,0.741,0.859,1.902,0.343,2.0,0.411,0.822,2.646,1.5,0.311,0.351,0.467,4.636,0.634,1.073,0.904,0.632,9.5,1.273,1.085,0.822,3.731,4.625,3.897,4.583,1.473,0.953,0.989,1.683,1.091,2.056,0.374,0.566,2.429,0.954,0.889,1.239,0.451,1.053,0.451,1.385,3.083,1.508,0.212,13.0,10.167,0.6,11.714,5.875,1.553,1.566,0.656,1.229,0.804,1.787,2.047,2.289,1.188,31.667,1.129,0.485,1.328,1.533,3.034,0.381,0.568,3.217,0.915,2.265,0.725,3.433,1.554,0.628,1.821,3.273,0.545,1.697,14.5,1.648,1.489,1.294,0.364,1.339,1.268,2.027,7.318,0.315,0.604,199.0,0.604,1.341,0.78,7.483,0.659,3.116,0.703,6.857
