atlas-norm,2024fbt,164.790199672,-4.47794310473,0.0686,nan,60396.45244000014
++++++++++++++++++++++++++++++++++++++++++++++++++++++++++++++++
++++++++++++++++++++++++++++++++++++++++++++++++++++++++++++++++
++++++++++++++++++++++++++++++++++++++++++++++++++++++++++++++++
zp,nan,nan,nan,nan,nan,nan,nan,nan,nan,nan,nan,nan,nan,nan,nan,nan,nan,nan,nan,nan,nan,nan,nan,nan,nan,nan,nan,nan,nan,nan,nan,nan,nan,nan,nan,nan,nan,nan,nan,nan,nan,nan,nan,nan,nan,nan,nan,nan,nan,nan,nan,nan,nan,nan,nan,nan,nan,nan,nan,nan,nan,nan,nan,nan,nan,nan
filter,o,o,o,o,o,o,o,o,o,o,o,o,o,o,o,o,o,o,o,o,o,o,o,o,o,o,o,o,o,o,o,o,o,o,o,o,o,c,c,c,c,o,o,o,o,o,o,o,o,c,c,o,o,o,o,o,o,o,o,c,c,c,c,o,o,o
mjd,60659.331134,60659.335208,60659.342971,60659.348426,60659.356604,60660.556318,60660.558126,60660.565409,60660.579063,60661.029711,60661.033795,60661.056069,60661.071072,60668.581473,60668.584656,60668.590483,60668.596855,60671.309635,60671.313258,60671.318701,60671.330084,60672.550858,60672.553703,60672.55777,60672.573773,60674.573647,60674.590923,60674.593681,60674.606344,60675.316918,60675.320087,60675.344187,60675.360099,60676.645593,60676.649722,60676.658564,60676.672451,60677.013316,60677.016482,60677.021926,60677.033729,60678.621555,60679.295678,60679.319211,60679.322393,60680.521534,60680.523345,60680.52652,60680.53697,60681.094404,60681.097563,60683.294235,60683.297875,60683.302402,60683.315114,60684.520964,60684.524601,60684.536431,60684.539601,60685.034282,60685.037442,60685.040608,60685.047852,60687.232876,60687.234682,60687.256581
flux,-887.0,33.0,-13.0,22.0,-74.0,18.0,36.0,30.0,14.0,24.0,26.0,29.0,33.0,2.0,-13.0,12.0,-1.0,-3.0,-9.0,2.0,8.0,-17.0,1.0,-9.0,9.0,25.0,4.0,8.0,12.0,20.0,25.0,22.0,2.0,10.0,-7.0,-15.0,10.0,23.0,1.0,8.0,0.0,0.0,15.0,14.0,19.0,-13.0,-1.0,-5.0,-17.0,-24.0,14.0,-17.0,18.0,15.0,0.0,-10.0,-26.0,24.0,41.0,3.0,8.0,-2.0,9.0,583.0,697.0,-298.0
dflux,437.0,156.0,37.0,34.0,373.0,18.0,19.0,18.0,20.0,26.0,32.0,27.0,27.0,17.0,14.0,13.0,14.0,10.0,16.0,12.0,13.0,10.0,11.0,10.0,10.0,10.0,8.0,10.0,8.0,13.0,13.0,12.0,12.0,13.0,12.0,13.0,38.0,12.0,12.0,12.0,11.0,10.0,14.0,14.0,13.0,15.0,13.0,15.0,13.0,11.0,13.0,13.0,12.0,12.0,11.0,40.0,36.0,14.0,23.0,9.0,9.0,9.0,10.0,418.0,576.0,167.0
mag,-16.53,20.098,-21.083,20.558,-19.219,20.781,20.02,20.205,21.017,20.429,20.368,20.256,20.107,22.901,-21.09,21.182,-23.504,-22.615,-21.465,23.179,21.585,-20.819,23.734,-21.531,21.475,20.4,22.431,21.678,21.164,20.674,20.397,20.546,23.091,21.347,-21.733,-20.99,21.4,20.515,24.207,21.641,24.887,-26.069,20.94,20.999,20.705,-21.112,-23.778,-22.094,-20.809,-20.438,20.993,-20.803,20.792,20.963,-26.16,-21.412,-20.371,20.463,19.875,22.851,21.692,-23.139,21.462,16.986,16.791,-17.716
dmag,0.493,4.706,2.772,1.567,5.002,1.027,0.522,0.603,1.399,1.062,1.225,0.943,0.823,6.765,1.094,1.045,9.5,3.036,1.695,6.353,1.514,0.595,9.778,1.08,1.104,0.396,2.071,1.339,0.65,0.667,0.534,0.535,5.563,1.254,1.643,0.862,3.842,0.545,15.25,1.467,28.0,77.0,0.881,0.953,0.675,1.12,12.0,2.769,0.766,0.45,0.922,0.774,0.697,0.786,90.0,4.056,1.406,0.6,0.562,3.471,1.234,4.462,1.033,0.717,0.825,0.563
