atlas-norm,2024ptp,40.900157307,-11.0226402828,0.02,nan,60510.31063999981
++++++++++++++++++++++++++++++++++++++++++++++++++++++++++++++++
++++++++++++++++++++++++++++++++++++++++++++++++++++++++++++++++
++++++++++++++++++++++++++++++++++++++++++++++++++++++++++++++++
zp,nan,nan,nan,nan,nan,nan,nan,nan,nan,nan,nan,nan,nan,nan,nan,nan,nan,nan,nan,nan,nan,nan,nan,nan,nan,nan,nan,nan,nan,nan,nan,nan,nan,nan,nan,nan,nan,nan,nan,nan,nan,nan,nan,nan,nan,nan,nan,nan,nan,nan,nan,nan,nan,nan,nan,nan,nan,nan,nan,nan,nan,nan,nan,nan,nan,nan,nan,nan,nan,nan,nan,nan,nan,nan,nan,nan,nan,nan,nan,nan,nan,nan,nan,nan,nan,nan,nan,nan,nan,nan,nan,nan,nan,nan,nan,nan,nan,nan,nan,nan,nan,nan,nan,nan,nan
filter,o,o,o,o,o,o,o,o,o,o,o,o,o,o,o,o,o,o,o,o,o,o,o,o,c,c,c,c,o,o,o,o,o,o,o,o,o,o,o,o,c,c,c,c,o,o,o,o,o,o,o,o,c,c,c,c,o,o,o,o,o,o,o,o,o,o,o,o,o,o,o,o,o,o,o,o,o,o,o,o,o,o,o,o,o,o,o,o,o,o,o,o,o,o,o,o,o,o,o,o,o,o,o,o,o
mjd,60659.128177,60659.134977,60659.138131,60659.151256,60660.385193,60660.388821,60660.394306,60660.404353,60660.875162,60660.8788,60660.885136,60660.895079,60662.441901,60662.446065,60662.456699,60662.462185,60663.12381,60663.12699,60663.133402,60663.144314,60664.361542,60664.364723,60664.371129,60664.382476,60664.796626,60664.831802,60664.834963,60664.840426,60666.329082,60666.338511,60666.343111,60666.352936,60667.088747,60667.091937,60667.097474,60667.119765,60668.336317,60668.339504,60668.345891,60668.359627,60668.836387,60668.841859,60668.845471,60668.855433,60671.092982,60671.096634,60671.103216,60671.115206,60672.333104,60672.336275,60672.342631,60672.354503,60672.835598,60672.838445,60672.848871,60672.856293,60674.289188,60674.292853,60674.303025,60674.308979,60675.069399,60675.072602,60675.078513,60675.099098,60676.408088,60676.41127,60676.416755,60676.428299,60678.286286,60678.293488,60678.296703,60678.314652,60678.315109,60679.078165,60679.081329,60679.087663,60679.108644,60680.292758,60680.295926,60680.302761,60680.313251,60680.791679,60680.795289,60680.800706,60680.812489,60682.25644,60682.259639,60682.26515,60682.276544,60683.037991,60683.042169,60683.048059,60683.058085,60684.28641,60684.289584,60684.295942,60684.308466,60684.803184,60684.806339,60684.811772,60684.822205,60687.056514,60687.059696,60687.073347,60687.078795
flux,-32.0,26.0,49.0,4.0,13.0,10.0,1.0,42.0,18.0,18.0,32.0,14.0,35.0,-1.0,66.0,55.0,47.0,18.0,28.0,13.0,5.0,10.0,-14.0,18.0,24.0,32.0,20.0,33.0,13.0,-16.0,27.0,18.0,10.0,28.0,10.0,32.0,19.0,37.0,19.0,-5.0,13.0,30.0,24.0,21.0,38.0,22.0,21.0,22.0,15.0,17.0,26.0,8.0,7.0,15.0,18.0,15.0,-1.0,28.0,21.0,14.0,11.0,22.0,-2.0,38.0,28.0,18.0,7.0,12.0,22.0,5.0,19.0,18.0,17.0,35.0,-14.0,22.0,14.0,21.0,8.0,8.0,5.0,25.0,22.0,36.0,46.0,5.0,-2.0,60.0,22.0,-5.0,46.0,-9.0,-12.0,-6.0,15.0,61.0,25.0,40.0,-16.0,51.0,36.0,11.0,9.0,68.0,8.0
dflux,38.0,53.0,51.0,44.0,26.0,22.0,25.0,30.0,19.0,19.0,22.0,22.0,24.0,21.0,24.0,26.0,23.0,23.0,23.0,23.0,17.0,14.0,16.0,15.0,10.0,11.0,8.0,9.0,11.0,12.0,13.0,13.0,13.0,13.0,11.0,16.0,16.0,16.0,17.0,18.0,10.0,10.0,10.0,10.0,10.0,12.0,10.0,10.0,13.0,10.0,11.0,11.0,10.0,10.0,9.0,13.0,10.0,11.0,11.0,9.0,11.0,13.0,16.0,17.0,12.0,12.0,14.0,15.0,11.0,12.0,14.0,11.0,14.0,16.0,18.0,14.0,20.0,10.0,16.0,12.0,15.0,20.0,15.0,15.0,15.0,12.0,15.0,16.0,15.0,34.0,27.0,31.0,22.0,20.0,20.0,23.0,20.0,30.0,29.0,28.0,33.0,22.0,25.0,34.0,45.0
mag,-20.14,20.383,19.665,22.437,21.145,21.369,23.504,19.842,20.788,20.731,20.151,21.048,20.034,-23.54,19.353,19.544,19.726,20.776,20.303,21.088,22.134,21.421,-21.038,20.743,20.467,20.139,20.639,20.106,21.106,-20.924,20.308,20.737,21.374,20.285,21.395,20.137,20.684,19.983,20.702,-22.229,21.121,20.22,20.435,20.6,19.958,20.571,20.603,20.542,20.929,20.811,20.344,21.621,21.73,20.962,20.785,20.943,-23.643,20.268,20.613,21.015,21.269,20.537,-23.021,19.96,20.262,20.774,21.77,21.179,20.571,22.071,20.7,20.771,20.848,20.04,-21.002,20.555,21.005,20.579,21.615,21.708,22.141,20.402,20.521,20.006,19.753,22.07,-23.045,19.462,20.53,-22.172,19.74,-21.528,-21.171,-21.87,20.942,19.433,20.399,19.899,-20.898,19.639,20.013,21.263,21.506,19.319,21.618
dmag,1.195,2.065,1.031,11.316,2.074,2.154,17.273,0.727,1.066,1.023,0.698,1.58,0.68,15.25,0.363,0.465,0.496,1.299,0.848,1.747,3.351,1.451,1.129,0.828,0.414,0.344,0.416,0.264,0.87,0.778,0.48,0.685,1.266,0.474,1.12,0.506,0.827,0.421,0.872,3.8,0.756,0.354,0.411,0.463,0.279,0.547,0.5,0.469,0.841,0.611,0.413,1.329,1.333,0.644,0.515,0.833,7.667,0.382,0.542,0.66,1.0,0.597,7.077,0.452,0.416,0.702,2.0,1.258,0.53,2.189,0.73,0.631,0.839,0.472,1.276,0.62,1.424,0.444,1.934,1.609,2.933,0.788,0.65,0.424,0.323,2.213,6.789,0.271,0.657,6.967,0.585,3.472,1.767,3.048,1.338,0.37,0.791,0.751,1.825,0.557,0.929,1.938,2.73,0.496,5.5
