atlas-norm,2024hm,51.0271694737,-38.7331710526,0.067,nan,60312.10366000002
++++++++++++++++++++++++++++++++++++++++++++++++++++++++++++++++
++++++++++++++++++++++++++++++++++++++++++++++++++++++++++++++++
++++++++++++++++++++++++++++++++++++++++++++++++++++++++++++++++
zp,nan,nan,nan,nan,nan,nan,nan,nan,nan,nan,nan,nan,nan,nan,nan,nan,nan,nan,nan,nan,nan,nan,nan,nan,nan,nan,nan,nan,nan,nan,nan,nan,nan,nan,nan,nan,nan,nan,nan,nan,nan,nan,nan,nan,nan,nan,nan,nan,nan,nan,nan,nan,nan,nan,nan,nan,nan,nan,nan,nan,nan,nan,nan,nan,nan,nan,nan,nan
filter,o,o,o,o,o,o,o,o,o,o,o,c,c,c,c,o,o,o,o,o,o,o,o,c,c,c,c,c,c,o,o,o,o,c,c,c,c,o,o,o,o,o,o,o,o,c,c,c,c,o,o,o,o,o,o,o,o,o,o,o,o,o,o,o,o,o,o,o
mjd,60660.134496,60660.137683,60660.144047,60660.155883,60661.87761,60661.880838,60661.888029,60661.899548,60664.121894,60664.130173,60664.143462,60665.872591,60665.875991,60665.881528,60665.891609,60668.131109,60668.134347,60668.13994,60668.150547,60670.115787,60670.119772,60670.125366,60670.135694,60670.863065,60670.865883,60671.859674,60671.862873,60671.86886,60671.878829,60673.111352,60673.114131,60673.119652,60673.129649,60673.846781,60673.849575,60673.855962,60673.869104,60676.088077,60676.091273,60676.098238,60676.108143,60677.086505,60677.0894,60677.094861,60677.106123,60677.832961,60677.835777,60677.841762,60677.85199,60680.091257,60680.094591,60680.0999,60680.110283,60681.830545,60681.83568,60681.839398,60681.849904,60684.07436,60684.077624,60684.08363,60684.09493,60685.823665,60685.827997,60685.833901,60685.844078,60688.182724,60688.206153,60688.224722
flux,24.0,-4.0,3.0,51.0,19.0,-4.0,3.0,20.0,-6.0,14.0,18.0,-8.0,0.0,14.0,-1.0,-7.0,-10.0,-17.0,7.0,-1.0,5.0,-6.0,-7.0,-18.0,-74.0,-4.0,-2.0,5.0,16.0,-6.0,8.0,-9.0,320.0,18.0,1.0,7.0,-5.0,-22.0,-2.0,7.0,-17.0,8.0,15.0,-16.0,3.0,-3.0,8.0,0.0,-4.0,-43.0,-24.0,-3.0,-41.0,14.0,15.0,-4.0,4.0,5.0,39.0,26.0,0.0,-15.0,-53.0,12.0,17.0,38.0,-137.0,-71.0
dflux,32.0,20.0,21.0,20.0,16.0,18.0,18.0,19.0,10.0,10.0,11.0,11.0,10.0,9.0,10.0,8.0,11.0,9.0,10.0,18.0,14.0,12.0,11.0,15.0,32.0,10.0,10.0,11.0,10.0,20.0,13.0,16.0,14.0,8.0,9.0,9.0,8.0,19.0,21.0,16.0,18.0,38.0,17.0,19.0,14.0,9.0,11.0,9.0,9.0,17.0,15.0,16.0,16.0,17.0,15.0,16.0,14.0,25.0,27.0,26.0,27.0,21.0,20.0,19.0,18.0,44.0,94.0,166.0
mag,20.431,-22.46,22.632,19.637,20.687,-22.555,22.592,20.643,-22.011,21.018,20.791,-21.701,24.93,21.0,-24.289,-21.836,-21.441,-20.822,21.76,-24.211,22.135,-22.044,-21.828,-20.749,-19.228,-22.421,-23.434,22.242,20.882,-22.048,21.582,-21.552,17.638,20.781,24.224,21.733,-22.18,-20.542,-22.902,21.8,-20.806,21.642,20.938,-20.876,22.859,-22.858,21.58,-25.982,-22.307,-19.81,-20.426,-22.69,-19.877,20.999,20.992,-22.271,22.482,22.141,19.919,20.351,-24.732,-20.965,-19.59,21.177,20.807,19.962,-18.555,-19.279
dmag,1.31,5.194,6.556,0.389,0.831,5.364,5.318,0.955,1.681,0.669,0.629,1.405,26.5,0.651,13.75,1.259,1.165,0.546,1.328,24.0,2.721,2.196,1.644,0.814,0.438,2.455,6.571,2.435,0.625,3.682,1.537,1.787,0.043,0.462,12.2,1.229,1.742,0.85,8.286,2.333,1.07,4.722,1.122,1.185,5.385,3.556,1.278,62.0,2.036,0.385,0.594,5.214,0.39,1.17,1.022,3.536,3.792,4.87,0.692,0.98,58.0,1.405,0.387,1.562,1.062,1.164,0.688,2.349
