atlas-norm,2024ado,222.5573901,29.7732105,0.053,nan,60323.61750999978
++++++++++++++++++++++++++++++++++++++++++++++++++++++++++++++++
++++++++++++++++++++++++++++++++++++++++++++++++++++++++++++++++
++++++++++++++++++++++++++++++++++++++++++++++++++++++++++++++++
zp,nan,nan,nan,nan,nan,nan,nan,nan,nan,nan,nan,nan,nan,nan,nan,nan,nan,nan,nan,nan,nan,nan,nan,nan,nan,nan,nan,nan,nan,nan,nan,nan,nan,nan,nan,nan,nan,nan,nan,nan,nan,nan,nan,nan,nan,nan,nan,nan,nan,nan,nan,nan,nan,nan,nan,nan,nan,nan,nan,nan,nan,nan,nan,nan,nan,nan,nan,nan,nan,nan,nan,nan,nan,nan
filter,o,o,o,o,o,o,o,o,o,o,o,o,o,o,o,o,o,o,o,o,o,o,o,o,o,o,o,o,o,o,o,o,o,o,o,o,o,o,o,o,o,o,o,o,o,o,o,o,o,o,o,o,o,o,o,o,o,o,o,o,o,o,o,o,o,o,o,o,o,o,o,o,o,o
mjd,60659.624083,60659.642763,60659.647875,60659.652055,60661.626778,60661.630825,60661.63777,60661.657814,60662.606201,60662.619949,60662.622787,60662.623239,60662.628336,60665.607344,60665.610584,60665.617106,60665.6265,60666.637451,60666.643006,60666.65734,60666.665715,60667.635211,60669.605147,60669.607983,60669.613142,60669.62293,60670.611353,60670.615016,60670.62204,60670.639443,60673.565592,60673.569329,60673.574883,60673.584977,60674.611427,60674.615596,60674.621167,60674.631561,60676.601816,60676.607152,60676.609948,60676.620194,60677.616296,60677.619509,60677.625035,60677.643386,60678.614052,60678.617777,60678.624788,60678.635626,60679.546596,60679.568857,60679.571688,60679.577279,60680.621371,60680.639246,60681.604571,60681.607383,60681.61297,60681.622751,60682.606825,60682.609606,60682.61518,60682.625437,60684.606664,60684.609902,60684.615505,60684.618807,60684.621575,60684.626397,60686.532995,60686.537234,60686.538226,60686.541087
flux,8.0,-21.0,17.0,24.0,45.0,31.0,6.0,22.0,-12.0,14.0,166.0,11.0,-4.0,7.0,-9.0,-6.0,26.0,12.0,21.0,38.0,42.0,35.0,-17.0,38.0,2.0,-13.0,-11.0,-6.0,33.0,18.0,7.0,-6.0,33.0,-1.0,16.0,4.0,8.0,18.0,6.0,25.0,-8.0,0.0,5.0,-15.0,-20.0,-4.0,11.0,0.0,-11.0,-16.0,-1981.0,-18.0,21.0,23.0,3.0,10.0,-1.0,21.0,2.0,-4.0,13.0,13.0,17.0,10.0,-16.0,17.0,-14.0,-11.0,-9.0,23.0,-23.0,68.0,59.0,8.0
dflux,49.0,34.0,35.0,42.0,25.0,26.0,22.0,20.0,26.0,24.0,50.0,26.0,24.0,20.0,23.0,20.0,19.0,13.0,16.0,17.0,32.0,30.0,16.0,17.0,14.0,15.0,18.0,14.0,13.0,14.0,22.0,13.0,19.0,17.0,18.0,14.0,15.0,12.0,14.0,11.0,10.0,10.0,16.0,14.0,14.0,14.0,12.0,13.0,10.0,12.0,1090.0,11.0,13.0,11.0,11.0,12.0,11.0,12.0,10.0,11.0,10.0,12.0,11.0,11.0,11.0,12.0,11.0,11.0,11.0,9.0,50.0,45.0,45.0,41.0
mag,21.658,-20.603,20.836,20.431,19.766,20.176,21.871,20.542,-21.226,21.026,18.353,21.301,-22.32,21.84,-21.566,-21.959,20.353,21.192,20.579,19.962,19.837,20.035,-20.82,19.956,23.172,-21.099,-21.262,-21.886,20.112,20.782,21.779,-21.964,20.115,-23.734,20.899,22.352,21.578,20.787,21.98,20.421,-21.717,-24.886,22.193,-20.983,-20.624,-22.54,21.257,0.0,-21.257,-20.906,-15.658,-20.787,20.606,20.517,22.659,21.359,-23.514,20.581,23.04,-22.511,21.106,21.14,20.814,21.402,-20.906,20.829,-21.004,-21.326,-21.505,20.5,-20.499,19.314,19.474,21.597
dmag,6.267,1.627,2.074,1.717,0.553,0.826,3.404,0.909,2.25,1.715,0.303,2.402,5.543,3.02,2.694,3.283,0.71,1.097,0.757,0.442,0.763,0.844,0.925,0.44,7.286,1.157,1.551,2.174,0.409,0.769,3.109,2.159,0.589,14.222,1.137,3.4,1.725,0.711,2.444,0.451,1.273,25.333,3.276,0.96,0.67,3.857,1.09,21.117,0.915,0.731,0.55,0.617,0.64,0.506,3.579,1.148,7.417,0.558,4.684,3.125,0.804,0.946,0.618,1.108,0.68,0.677,0.75,1.0,1.167,0.4,2.179,0.654,0.758,4.926
