atlas-norm,2024ygg,49.4141749969,28.0263427469,0.04,nan,60598.50855999999
++++++++++++++++++++++++++++++++++++++++++++++++++++++++++++++++
++++++++++++++++++++++++++++++++++++++++++++++++++++++++++++++++
++++++++++++++++++++++++++++++++++++++++++++++++++++++++++++++++
zp,nan,nan,nan,nan,nan,nan,nan,nan,nan,nan,nan,nan,nan,nan,nan,nan,nan,nan,nan,nan,nan,nan,nan,nan,nan,nan,nan,nan,nan,nan,nan,nan,nan,nan,nan,nan,nan,nan,nan,nan,nan,nan,nan,nan,nan,nan,nan,nan,nan,nan,nan,nan,nan,nan,nan,nan,nan,nan,nan,nan,nan,nan,nan,nan,nan,nan,nan,nan,nan,nan,nan,nan,nan,nan,nan,nan,nan,nan,nan,nan,nan,nan,nan
filter,o,o,o,o,o,o,o,o,o,o,o,o,o,o,o,o,o,o,o,o,o,o,o,o,o,o,o,o,o,o,o,o,o,o,o,o,o,o,o,o,o,o,o,o,o,o,o,o,o,o,o,o,o,o,o,o,o,o,o,o,o,o,o,o,o,o,o,o,o,o,o,o,o,o,o,o,o,o,o,o,o,o,o
mjd,60660.420222,60660.423911,60660.43007,60660.444687,60661.383653,60661.386864,60661.394327,60661.404224,60662.406705,60662.425047,60662.430166,60662.433428,60663.455714,60663.458957,60663.464177,60663.474328,60664.407604,60664.410833,60664.417278,60664.428683,60665.366115,60665.369408,60665.374655,60665.38492,60666.349733,60666.352961,60666.358363,60666.368239,60667.392258,60667.395485,60667.400603,60667.410449,60668.351613,60668.355283,60668.361236,60668.371211,60669.343945,60669.347206,60669.354194,60669.363948,60670.341234,60670.344913,60670.351777,60670.363999,60673.332305,60673.33751,60673.341214,60673.351371,60674.333173,60674.336796,60674.342542,60674.356824,60675.322709,60675.325993,60675.366124,60675.371326,60676.346039,60676.349263,60676.354779,60676.366864,60677.333182,60677.337038,60677.343064,60677.35323,60678.319507,60678.322765,60678.328312,60678.340149,60679.308701,60679.311469,60679.327633,60679.333652,60680.34693,60680.35062,60680.356209,60680.366594,60681.333831,60681.366497,60681.37014,60681.375656,60682.31662,60682.319826,60682.325573
flux,-31.0,-9.0,-5.0,31.0,63.0,-22.0,28.0,-2.0,13.0,39.0,6.0,13.0,22.0,39.0,16.0,42.0,38.0,12.0,22.0,24.0,33.0,21.0,22.0,9.0,42.0,21.0,27.0,51.0,33.0,23.0,17.0,-13.0,64.0,9.0,37.0,12.0,16.0,7.0,-8.0,33.0,20.0,8.0,22.0,-9.0,9.0,10.0,11.0,2.0,0.0,11.0,4.0,1.0,13.0,21.0,0.0,6.0,-14.0,2.0,4.0,20.0,27.0,-9.0,16.0,-1.0,22.0,33.0,16.0,33.0,1.0,24.0,5.0,2.0,7.0,2.0,-12.0,9.0,19.0,29.0,37.0,1.0,11.0,4.0,5.0
dflux,28.0,25.0,26.0,31.0,22.0,22.0,19.0,18.0,16.0,17.0,16.0,15.0,14.0,13.0,16.0,16.0,15.0,13.0,15.0,16.0,11.0,11.0,11.0,12.0,12.0,11.0,12.0,12.0,12.0,11.0,12.0,13.0,12.0,12.0,11.0,12.0,10.0,12.0,12.0,11.0,14.0,11.0,14.0,11.0,10.0,12.0,11.0,13.0,11.0,11.0,12.0,15.0,11.0,10.0,11.0,12.0,11.0,11.0,12.0,11.0,13.0,11.0,9.0,11.0,9.0,11.0,11.0,12.0,10.0,10.0,12.0,8.0,10.0,11.0,13.0,13.0,14.0,14.0,12.0,13.0,14.0,12.0,14.0
mag,-20.179,-21.499,-22.214,20.171,19.408,-20.565,20.302,-23.302,21.101,19.916,21.902,21.131,20.539,19.914,20.858,19.829,19.956,21.218,20.55,20.441,20.101,20.607,20.57,21.482,19.834,20.579,20.318,19.634,20.116,20.502,20.843,-21.132,19.387,21.511,19.97,21.193,20.867,21.749,-21.644,20.091,20.635,21.605,20.532,-21.543,21.565,21.409,21.328,23.071,25.386,21.31,22.389,24.224,21.091,20.604,-25.251,21.962,-21.019,23.158,22.498,20.641,20.334,-21.544,20.901,-23.872,20.527,20.098,20.918,20.111,23.94,20.429,22.213,23.413,21.77,23.01,-21.195,21.474,20.729,20.26,19.968,24.334,21.341,22.29,22.185
dmag,0.9,2.706,5.568,0.986,0.344,1.035,0.704,10.412,1.189,0.434,2.596,1.152,0.644,0.342,0.991,0.375,0.389,1.067,0.682,0.667,0.321,0.521,0.519,1.297,0.281,0.532,0.435,0.236,0.354,0.477,0.712,1.0,0.187,1.375,0.295,1.023,0.622,1.714,1.472,0.336,0.686,1.291,0.63,1.278,1.203,1.227,1.01,6.105,43.5,1.0,2.935,20.0,0.81,0.489,38.0,2.047,0.782,5.533,3.207,0.555,0.471,1.227,0.575,11.1,0.414,0.322,0.702,0.362,9.875,0.404,2.5,4.769,1.4,4.706,1.082,1.356,0.764,0.491,0.334,19.333,1.346,2.659,2.935
