atlas-norm,2024ptn,229.576228,45.726944,0.037283,nan,60509.31681999983
++++++++++++++++++++++++++++++++++++++++++++++++++++++++++++++++
++++++++++++++++++++++++++++++++++++++++++++++++++++++++++++++++
++++++++++++++++++++++++++++++++++++++++++++++++++++++++++++++++
zp,nan,nan,nan,nan,nan,nan,nan,nan,nan,nan,nan,nan,nan,nan,nan,nan,nan,nan,nan,nan,nan,nan,nan,nan,nan,nan,nan,nan,nan,nan,nan,nan,nan
filter,o,o,o,o,o,o,o,o,o,o,o,o,o,o,o,o,o,o,o,o,o,o,o,o,o,o,o,o,o,o,o,o,o
mjd,60663.636817,60663.642303,60663.659719,60663.666579,60667.637443,60667.638798,60667.644334,60667.644788,60667.655554,60667.659778,60667.663022,60667.664903,60671.611399,60671.617621,60671.623633,60671.643133,60673.6255,60673.635822,60677.607188,60677.618389,60677.621632,60677.636612,60679.623879,60679.627102,60679.632219,60679.652917,60683.635161,60683.638899,60683.656252,60683.671052,60687.573829,60687.577009,60687.596734
flux,21.0,14.0,16.0,104.0,-31.0,18.0,-19.0,-6.0,-28.0,-1950.0,34.0,31.0,3.0,-44.0,-32.0,13.0,0.0,3.0,15.0,16.0,-17.0,9.0,34.0,15.0,25.0,16.0,8.0,-7.0,12.0,-33.0,-54.0,22.0,-23.0
dflux,16.0,20.0,20.0,44.0,18.0,17.0,16.0,18.0,12.0,2442.0,17.0,26.0,13.0,16.0,13.0,12.0,11.0,10.0,11.0,12.0,14.0,13.0,11.0,9.0,10.0,12.0,12.0,12.0,9.0,26.0,35.0,31.0,30.0
mag,20.612,21.034,20.861,18.854,-20.159,20.74,-20.706,-21.985,-20.291,-15.675,20.064,20.175,22.655,-19.804,-20.151,21.133,26.087,22.744,20.959,20.862,-20.815,21.506,20.054,20.964,20.413,20.897,21.716,-21.735,21.216,-20.093,-19.564,20.547,-20.476
dmag,0.757,1.412,1.195,0.426,0.564,0.948,0.868,3.074,0.45,1.252,0.498,0.834,4.0,0.369,0.404,0.956,85.0,3.333,0.742,0.721,0.806,1.41,0.326,0.624,0.4,0.776,1.576,1.684,0.737,0.783,0.653,1.4,1.271
