atlas-norm,2024aexm,65.0372888,-27.9160719,0.0738,nan,60666.15415999992
++++++++++++++++++++++++++++++++++++++++++++++++++++++++++++++++
++++++++++++++++++++++++++++++++++++++++++++++++++++++++++++++++
++++++++++++++++++++++++++++++++++++++++++++++++++++++++++++++++
zp,nan,nan,nan,nan,nan,nan,nan,nan,nan,nan,nan,nan,nan,nan,nan,nan,nan,nan,nan,nan,nan,nan,nan,nan,nan,nan,nan,nan,nan,nan,nan,nan,nan,nan,nan,nan,nan,nan,nan,nan,nan,nan,nan,nan,nan,nan,nan,nan,nan,nan,nan,nan,nan,nan,nan,nan,nan,nan,nan,nan,nan,nan,nan,nan,nan,nan,nan,nan,nan,nan,nan,nan,nan,nan,nan,nan,nan,nan,nan,nan,nan,nan,nan,nan,nan,nan,nan,nan,nan,nan,nan,nan,nan,nan,nan,nan,nan,nan,nan,nan,nan,nan,nan,nan,nan,nan,nan,nan,nan,nan,nan,nan,nan,nan,nan,nan,nan,nan,nan,nan
filter,o,o,o,o,o,o,o,o,o,o,o,o,o,o,o,o,o,o,o,o,o,o,o,o,o,o,o,o,o,o,o,o,o,o,o,o,o,o,o,o,o,o,o,c,c,c,c,c,c,c,o,o,o,o,o,o,o,c,c,c,c,c,c,o,o,o,o,o,o,o,o,o,o,c,c,c,c,o,o,o,o,o,o,o,o,c,c,c,c,o,o,o,o,o,o,o,o,o,o,o,o,o,o,o,o,o,o,o,o,o,o,o,o,o,o,o,o,o,o,o
mjd,60657.157623,60657.161248,60657.166342,60657.176561,60658.155272,60658.159385,60658.165384,60658.175451,60658.906885,60658.910057,60658.916003,60658.92596,60661.156017,60661.159675,60661.16969,60661.175668,60662.150858,60662.154505,60662.154955,60662.163378,60662.164301,60662.167085,60662.174625,60662.178804,60662.902056,60662.903411,60662.905214,60662.906566,60662.915334,60662.916689,60662.920812,60662.922629,60663.819231,60663.821516,60663.824684,60663.830094,60665.146512,60665.150208,60665.155706,60665.165759,60666.148632,60666.154155,60666.164764,60666.905742,60666.908905,60666.915274,60666.925147,60666.927003,60667.893286,60667.89646,60669.150612,60669.15378,60669.160718,60669.170526,60670.143998,60670.147661,60670.154064,60670.878216,60670.897589,60671.879735,60671.882927,60671.888656,60671.898728,60673.142463,60673.145657,60673.151607,60673.161717,60674.135463,60674.13838,60674.142706,60674.143608,60674.150722,60674.154144,60675.892336,60675.895948,60675.925743,60675.932205,60677.117706,60677.120484,60677.126912,60677.136697,60678.111345,60678.114549,60678.119649,60678.129969,60678.859352,60678.862524,60678.868436,60678.903889,60679.83894,60679.842106,60679.848508,60679.858828,60681.142471,60681.145835,60681.151098,60681.162784,60682.122444,60682.125428,60682.131104,60682.141611,60682.874046,60682.877246,60682.882791,60682.892973,60683.868773,60683.872227,60683.874582,60683.877348,60683.877799,60683.882967,60683.887612,60683.892373,60685.124199,60685.125115,60685.127088,60685.127996,60685.133924,60685.134374,60685.14458
flux,-23.0,-59.0,30.0,-11.0,60.0,90.0,-25.0,74.0,35.0,72.0,30.0,86.0,28.0,24.0,12.0,74.0,62.0,69.0,86.0,-1.0,34.0,1.0,59.0,3.0,49.0,9.0,40.0,59.0,56.0,58.0,49.0,40.0,23.0,85.0,90.0,90.0,144.0,105.0,41.0,91.0,80.0,149.0,88.0,95.0,74.0,113.0,75.0,103.0,74.0,87.0,75.0,101.0,93.0,104.0,89.0,140.0,120.0,-98.0,118.0,96.0,136.0,91.0,113.0,90.0,146.0,103.0,98.0,7.0,96.0,144.0,138.0,37.0,110.0,84.0,112.0,124.0,113.0,99.0,108.0,94.0,122.0,167.0,104.0,72.0,78.0,89.0,71.0,62.0,100.0,-98.0,-53.0,90.0,114.0,66.0,12.0,77.0,79.0,84.0,84.0,95.0,30.0,32.0,93.0,89.0,98.0,29.0,27.0,92.0,115.0,50.0,60.0,113.0,98.0,58.0,81.0,82.0,-8.0,77.0,171.0,50.0
dflux,22.0,24.0,26.0,28.0,24.0,22.0,28.0,29.0,24.0,23.0,24.0,26.0,23.0,23.0,23.0,24.0,26.0,27.0,21.0,21.0,23.0,25.0,29.0,21.0,18.0,18.0,14.0,20.0,16.0,20.0,18.0,19.0,14.0,15.0,13.0,14.0,21.0,17.0,18.0,23.0,12.0,14.0,13.0,12.0,11.0,12.0,14.0,10.0,11.0,11.0,13.0,14.0,14.0,13.0,12.0,12.0,15.0,294.0,26.0,10.0,10.0,12.0,12.0,14.0,15.0,14.0,14.0,20.0,17.0,31.0,20.0,18.0,20.0,10.0,10.0,12.0,11.0,14.0,14.0,13.0,14.0,13.0,15.0,12.0,14.0,11.0,9.0,10.0,11.0,102.0,25.0,15.0,14.0,12.0,13.0,12.0,12.0,16.0,15.0,16.0,12.0,19.0,17.0,21.0,20.0,22.0,22.0,16.0,17.0,20.0,16.0,22.0,16.0,24.0,20.0,32.0,19.0,27.0,31.0,36.0
mag,-20.5,-19.481,20.209,-21.295,19.456,19.01,-20.395,19.219,20.032,19.251,20.213,19.068,20.303,20.448,21.251,19.235,19.42,19.307,19.06,-23.707,20.061,23.852,19.476,22.798,19.666,21.553,19.88,19.472,19.524,19.496,19.676,19.897,20.488,19.082,19.018,19.012,18.5,18.849,19.872,19.001,19.146,18.466,19.034,18.952,19.222,18.768,19.209,18.866,19.232,19.052,19.214,18.889,18.979,18.86,19.021,18.534,18.705,-18.921,18.723,18.94,18.567,19.003,18.766,19.013,18.493,18.872,18.923,21.811,18.944,18.504,18.552,19.991,18.798,19.083,18.782,18.664,18.764,18.91,18.822,18.968,18.685,18.344,18.862,19.263,19.172,19.025,19.267,19.424,18.905,-18.928,-19.594,19.015,18.759,19.353,21.174,19.189,19.159,19.084,19.091,18.958,20.206,20.138,18.981,19.028,18.923,20.24,20.333,18.986,18.752,19.656,19.446,18.77,18.922,19.486,19.131,19.11,-21.701,19.187,18.317,19.646
dmag,0.976,0.407,0.86,2.567,0.4,0.246,1.123,0.393,0.683,0.313,0.822,0.308,0.822,0.971,1.966,0.332,0.419,0.391,0.24,17.875,0.677,23.571,0.499,7.737,0.371,2.064,0.346,0.34,0.292,0.352,0.367,0.48,0.609,0.172,0.142,0.15,0.144,0.158,0.435,0.254,0.154,0.092,0.146,0.124,0.149,0.107,0.19,0.1,0.144,0.124,0.173,0.134,0.154,0.124,0.14,0.086,0.123,3.0,0.225,0.108,0.072,0.131,0.108,0.157,0.105,0.141,0.142,3.0,0.182,0.214,0.144,0.495,0.182,0.121,0.085,0.096,0.097,0.139,0.129,0.137,0.112,0.078,0.148,0.175,0.186,0.12,0.128,0.167,0.113,1.044,0.471,0.164,0.126,0.189,1.035,0.162,0.158,0.19,0.178,0.171,0.415,0.593,0.185,0.233,0.202,0.761,0.811,0.173,0.151,0.396,0.258,0.198,0.158,0.417,0.246,0.385,2.484,0.352,0.18,0.724
