atlas-norm,2024abla,57.5789457143,-47.7827657143,0.06,nan,60632.22122000018
++++++++++++++++++++++++++++++++++++++++++++++++++++++++++++++++
++++++++++++++++++++++++++++++++++++++++++++++++++++++++++++++++
++++++++++++++++++++++++++++++++++++++++++++++++++++++++++++++++
zp,nan,nan,nan,nan,nan,nan,nan,nan,nan,nan,nan,nan,nan,nan,nan,nan,nan,nan,nan,nan,nan,nan,nan,nan,nan,nan,nan,nan,nan,nan,nan,nan,nan,nan,nan,nan,nan,nan,nan,nan,nan,nan,nan,nan,nan,nan,nan,nan,nan,nan,nan,nan,nan,nan,nan,nan,nan,nan,nan,nan
filter,o,o,o,o,o,o,o,o,o,o,o,o,o,o,o,o,o,o,o,o,c,c,c,c,o,o,o,o,c,c,c,c,o,o,o,o,c,c,c,c,o,o,o,o,c,c,c,c,c,o,o,o,o,o,o,o,o,o,o,o
mjd,60656.155335,60656.1585,60656.16487,60656.199368,60657.892383,60657.895576,60657.901503,60657.911953,60660.136778,60660.139953,60660.147221,60660.158182,60661.904572,60661.907741,60661.913653,60661.924219,60664.150877,60664.15413,60664.160598,60664.174418,60665.880149,60665.88338,60665.889751,60665.899872,60668.130658,60668.133411,60668.138543,60668.150096,60669.885637,60669.888837,60669.894349,60669.904291,60672.1192,60672.122429,60672.136559,60672.141991,60673.863611,60673.867259,60673.872767,60673.883317,60676.111857,60676.115067,60676.12045,60676.133588,60677.86177,60677.867185,60677.870402,60677.880056,60677.880507,60680.124174,60680.127385,60680.133031,60680.146373,60681.856217,60681.859385,60681.864855,60681.876206,60684.115208,60684.118412,60684.123947
flux,174.0,181.0,130.0,141.0,112.0,112.0,115.0,163.0,123.0,166.0,212.0,169.0,101.0,153.0,146.0,114.0,109.0,130.0,116.0,161.0,88.0,106.0,72.0,93.0,99.0,148.0,178.0,145.0,69.0,77.0,65.0,43.0,122.0,106.0,112.0,170.0,46.0,51.0,59.0,71.0,81.0,58.0,73.0,82.0,32.0,52.0,61.0,32.0,46.0,65.0,41.0,55.0,64.0,54.0,101.0,83.0,85.0,64.0,80.0,60.0
dflux,25.0,25.0,26.0,22.0,24.0,27.0,22.0,28.0,22.0,25.0,30.0,24.0,19.0,17.0,19.0,21.0,11.0,14.0,14.0,15.0,9.0,10.0,9.0,10.0,15.0,16.0,15.0,16.0,9.0,9.0,9.0,9.0,15.0,16.0,15.0,17.0,10.0,10.0,11.0,9.0,13.0,11.0,12.0,13.0,12.0,10.0,12.0,10.0,10.0,14.0,12.0,12.0,11.0,14.0,14.0,19.0,16.0,18.0,21.0,17.0
mag,18.301,18.257,18.612,18.525,18.775,18.776,18.746,18.372,18.677,18.351,18.082,18.332,18.885,18.436,18.492,18.758,18.809,18.613,18.735,18.386,19.043,18.835,19.253,18.977,18.906,18.472,18.277,18.496,19.3,19.18,19.365,19.805,18.688,18.832,18.778,18.325,19.75,19.638,19.478,19.275,19.13,19.495,19.235,19.117,20.133,19.611,19.43,20.127,19.73,19.367,19.858,19.548,19.379,19.574,18.89,19.097,19.075,19.388,19.141,19.446
dmag,0.144,0.14,0.199,0.152,0.214,0.241,0.194,0.17,0.177,0.149,0.14,0.14,0.189,0.112,0.131,0.181,0.103,0.11,0.124,0.093,0.107,0.097,0.119,0.108,0.155,0.105,0.087,0.109,0.131,0.113,0.142,0.201,0.126,0.154,0.134,0.101,0.224,0.192,0.185,0.129,0.157,0.196,0.165,0.157,0.359,0.191,0.196,0.303,0.213,0.213,0.277,0.217,0.164,0.255,0.141,0.222,0.187,0.288,0.258,0.276
