atlas-norm,2024ucy,79.861153573333,51.23941894,0.035,nan,60553.58882999979
++++++++++++++++++++++++++++++++++++++++++++++++++++++++++++++++
++++++++++++++++++++++++++++++++++++++++++++++++++++++++++++++++
++++++++++++++++++++++++++++++++++++++++++++++++++++++++++++++++
zp,nan,nan,nan,nan,nan,nan,nan,nan,nan,nan,nan,nan,nan,nan,nan,nan,nan,nan,nan,nan,nan,nan,nan,nan,nan,nan,nan,nan,nan,nan,nan,nan,nan,nan,nan,nan,nan,nan,nan,nan,nan
filter,o,o,o,o,o,o,o,o,o,o,o,o,o,o,o,o,o,o,o,o,o,o,o,o,o,o,o,o,o,o,o,o,o,o,o,o,o,o,o,o,o
mjd,60663.41545,60663.419075,60663.424579,60663.435176,60665.403895,60665.436848,60665.44005,60665.445591,60667.440609,60667.443797,60667.46758,60667.474908,60671.413091,60671.416587,60671.421958,60671.457209,60673.389734,60673.39295,60673.399955,60673.410577,60675.584957,60675.587902,60675.593588,60675.607061,60677.373784,60677.376997,60677.383479,60677.397314,60679.385776,60679.388959,60679.406387,60681.336595,60681.338442,60681.341189,60681.366137,60683.382885,60683.386078,60683.392086,60683.401861,60685.351733,60685.362946
flux,16.0,3.0,10.0,3.0,-1.0,19.0,-6.0,40.0,-8.0,28.0,-13.0,-2.0,5.0,-1.0,3.0,-1.0,-25.0,13.0,-7.0,-16.0,-12.0,17.0,-20.0,-33.0,10.0,24.0,18.0,5.0,-63.0,22.0,-6.0,47.0,-24.0,24.0,11.0,7.0,-10.0,12.0,-4.0,58.0,-450.0
dflux,13.0,14.0,13.0,12.0,14.0,14.0,14.0,14.0,10.0,11.0,11.0,11.0,10.0,10.0,11.0,13.0,11.0,12.0,12.0,12.0,17.0,18.0,16.0,18.0,12.0,10.0,12.0,11.0,23.0,26.0,14.0,11.0,11.0,10.0,12.0,15.0,15.0,18.0,15.0,173.0,169.0
mag,20.869,22.662,21.345,22.813,-23.656,20.712,-21.949,19.882,-21.689,20.281,-21.118,-23.113,22.063,-23.803,22.665,-24.008,-20.419,21.104,-21.815,-20.868,-21.18,20.801,-20.671,-20.096,21.376,20.446,20.777,22.149,-19.404,20.539,-21.938,19.717,-20.456,20.425,21.338,21.8,-21.406,21.214,-22.529,19.49,-17.266
dmag,0.816,4.441,1.274,4.484,11.571,0.73,2.295,0.332,1.275,0.381,0.843,5.13,1.849,9.273,3.613,14.375,0.457,0.882,1.755,0.712,1.411,1.026,0.814,0.539,1.192,0.401,0.699,2.225,0.366,1.179,2.208,0.242,0.471,0.424,1.158,2.121,1.494,1.526,4.241,2.972,0.376
