atlas-norm,2024bkp,261.0471931,52.2640734,0.067,nan,60341.62986999983
++++++++++++++++++++++++++++++++++++++++++++++++++++++++++++++++
++++++++++++++++++++++++++++++++++++++++++++++++++++++++++++++++
++++++++++++++++++++++++++++++++++++++++++++++++++++++++++++++++
zp,nan,nan,nan,nan,nan,nan,nan
filter,o,o,o,o,o,o,o
mjd,60683.649692,60683.653887,60683.661518,60683.670556,60687.622003,60687.637671,60687.641859
flux,-11.0,-6.0,-9.0,-13.0,158.0,10.0,-60.0
dflux,13.0,13.0,16.0,28.0,56.0,46.0,32.0
mag,-21.341,-21.883,-21.505,-21.129,18.4,21.434,-19.456
dmag,1.198,2.074,1.74,2.17,0.351,4.741,0.531
