atlas-norm,2024acde,29.012171,-2.443125,0.05,nan,60639.120500000194
++++++++++++++++++++++++++++++++++++++++++++++++++++++++++++++++
++++++++++++++++++++++++++++++++++++++++++++++++++++++++++++++++
++++++++++++++++++++++++++++++++++++++++++++++++++++++++++++++++
zp,nan,nan,nan,nan,nan,nan,nan,nan,nan,nan,nan,nan,nan,nan,nan,nan,nan,nan,nan,nan,nan,nan,nan,nan,nan,nan,nan,nan,nan,nan,nan,nan,nan,nan,nan,nan,nan,nan,nan,nan,nan,nan,nan,nan,nan,nan,nan,nan,nan,nan,nan,nan,nan,nan,nan,nan,nan,nan,nan,nan,nan,nan,nan,nan,nan,nan,nan,nan,nan,nan,nan,nan,nan,nan,nan,nan,nan,nan,nan,nan,nan,nan,nan,nan,nan,nan,nan
filter,o,o,o,o,o,o,o,o,o,o,o,o,o,o,o,o,o,o,o,o,o,o,o,o,c,c,c,c,o,o,o,o,o,o,o,o,o,o,o,o,c,c,c,c,o,o,o,o,o,o,o,o,c,c,c,c,o,o,o,o,o,o,o,o,o,o,o,o,o,o,o,o,o,o,o,o,o,o,o,o,o,o,o,o,o,o,o
mjd,60658.337269,60658.340467,60658.346439,60658.36143,60659.102012,60659.107158,60659.121861,60659.125919,60660.365575,60660.368752,60660.374696,60660.384732,60660.85568,60660.858843,60660.866073,60660.878339,60663.095459,60663.09863,60663.106454,60663.117023,60664.330683,60664.338031,60664.346264,60664.349101,60664.846339,60664.856155,60664.870691,60664.877629,60666.322677,60666.325878,60666.339903,60666.349723,60667.056658,60667.066648,60667.070806,60667.076315,60668.306275,60668.309453,60668.319442,60668.333099,60668.790191,60668.793357,60668.798791,60668.810117,60671.060498,60671.073312,60671.076512,60671.082995,60672.305484,60672.308738,60672.314677,60672.324759,60672.80657,60672.810179,60672.816135,60672.831083,60674.276093,60674.2793,60674.284595,60674.297438,60675.041178,60675.04435,60675.049815,60675.061674,60678.257165,60678.263116,60678.266339,60678.276666,60679.048772,60679.052404,60679.05749,60679.068041,60680.259567,60680.266498,60680.27213,60680.284856,60682.226018,60682.241203,60682.250022,60682.254613,60684.277782,60684.280958,60684.290964,60684.302116,60684.786444,60684.789603,60684.796407
flux,110.0,183.0,142.0,148.0,156.0,247.0,234.0,214.0,174.0,170.0,46.0,61.0,158.0,90.0,120.0,124.0,131.0,139.0,127.0,110.0,98.0,101.0,127.0,114.0,102.0,126.0,124.0,131.0,116.0,116.0,93.0,99.0,120.0,94.0,129.0,98.0,84.0,110.0,112.0,93.0,85.0,115.0,92.0,97.0,124.0,114.0,137.0,92.0,90.0,76.0,115.0,102.0,99.0,61.0,65.0,89.0,87.0,77.0,90.0,105.0,86.0,97.0,79.0,78.0,105.0,107.0,568.0,70.0,69.0,100.0,100.0,123.0,66.0,101.0,50.0,70.0,72.0,52.0,46.0,41.0,28.0,92.0,74.0,42.0,71.0,67.0,31.0
dflux,24.0,27.0,24.0,27.0,33.0,40.0,46.0,44.0,26.0,28.0,24.0,22.0,24.0,23.0,23.0,21.0,16.0,15.0,17.0,18.0,13.0,12.0,14.0,16.0,11.0,12.0,12.0,12.0,13.0,15.0,12.0,16.0,14.0,14.0,14.0,12.0,11.0,11.0,14.0,12.0,16.0,13.0,10.0,10.0,17.0,16.0,17.0,18.0,14.0,12.0,14.0,14.0,12.0,12.0,11.0,12.0,13.0,10.0,10.0,13.0,21.0,15.0,13.0,14.0,12.0,11.0,15.0,11.0,15.0,16.0,15.0,16.0,15.0,13.0,14.0,13.0,20.0,18.0,17.0,22.0,22.0,23.0,28.0,19.0,39.0,37.0,26.0
mag,18.793,18.246,18.519,18.471,18.419,17.917,17.977,18.075,18.301,18.325,19.752,19.432,18.4,19.015,18.705,18.67,18.61,18.544,18.64,18.793,18.927,18.891,18.64,18.76,18.881,18.654,18.662,18.605,18.736,18.739,18.978,18.913,18.698,18.965,18.626,18.924,19.095,18.796,18.778,18.974,19.081,18.75,18.989,18.93,18.669,18.753,18.555,18.992,19.015,19.201,18.748,18.883,18.909,19.434,19.362,19.029,19.05,19.183,19.01,18.846,19.064,18.933,19.153,19.163,18.844,18.824,17.013,19.286,19.309,18.904,18.903,18.676,19.353,18.885,19.648,19.289,19.256,19.611,19.737,19.861,20.298,18.984,19.233,19.842,19.274,19.335,20.162
dmag,0.221,0.149,0.17,0.185,0.212,0.16,0.196,0.205,0.152,0.167,0.535,0.363,0.154,0.255,0.189,0.167,0.119,0.11,0.131,0.161,0.138,0.12,0.112,0.137,0.109,0.092,0.094,0.09,0.109,0.127,0.126,0.166,0.115,0.147,0.106,0.127,0.136,0.101,0.125,0.131,0.187,0.112,0.11,0.1,0.138,0.143,0.121,0.2,0.161,0.155,0.122,0.141,0.118,0.193,0.172,0.135,0.148,0.135,0.108,0.123,0.245,0.156,0.164,0.182,0.114,0.106,0.027,0.163,0.22,0.164,0.154,0.127,0.221,0.128,0.275,0.186,0.277,0.341,0.362,0.544,0.799,0.244,0.38,0.453,0.545,0.547,0.848
