ATLAS 2022xnq 1000438990080559900 1.1623692719153491 -8.099926680164582 0.0286 0.027809907553636437
++++++++++++++++++++++++++++++++++++++++++++++++++++++++++++++++
t0, 59860.77534560546, 1.2362011679833813
x0, 0.035433860533639325, 0.00997360682543002
x1, 4.999976055892558, 0.4757419354397232
c, 0.37390719118672405, 0.22307026532710936
mu, 33.272206728132915, 1.0887084615623919
hostMass, 11.059889467732273, 0.0005005721852298015
++++++++++++++++++++++++++++++++++++++++++++++++++++++++++++++++
zp, 22.053, 22.047, 22.157, 22.209, 22.317, 22.318, 22.317, 22.317, 22.027, 22.012, 22.037, 22.307, 22.305, 22.304, 22.094, 22.167, 22.167, 22.166, 22.164, 22.084, 22.082, 22.316, 22.316, 22.318, 22.091, 22.153, 22.151, 22.142, 22.085, 22.037, 22.313, 22.313, 22.06, 22.059, 22.06, 22.273, 22.096, 22.056, 21.995, 21.972, 21.994, 22.009, 22.01, 22.007
filters, o, o, o, o, o, o, o, o, o, o, o, o, o, o, c, c, c, c, c, o, o, o, o, o, c, c, c, c, o, o, o, o, o, o, o, o, o, o, o, o, o, o, o, o
time, 59864.40824955, 59864.41866465, 59866.41474115, 59866.43422385, 59870.37652765, 59870.38163995, 59870.38488645, 59870.39512815, 59872.87381275, 59872.87977865, 59872.88248465, 59874.41355445, 59874.42093755, 59874.42371095, 59875.16057895, 59876.37103835, 59876.37420325, 59876.37998835, 59876.39222505, 59876.87982005, 59876.88252395, 59878.34000895, 59878.35108665, 59878.36124655, 59879.12777215, 59880.39604285, 59880.39920885, 59880.42237985, 59880.79695215, 59880.81285185, 59882.35604565, 59882.35882185, 59883.09973055, 59883.10288805, 59883.11960465, 59890.43198245, 59900.33611295, 59903.08449455, 59907.03934855, 59907.04340535, 59907.05341045, 59911.04054935, 59911.04370255, 59911.05907035
flux, 1088.5, 1939.2, 2242.8, 2376.8, 1710.1, 2043.6, 2252.8, 3290.9, 205.0, 1160.5, 1467.0, 605.9, 995.8, 2065.8, 36.4, 629.3, 731.7, 2967.3, 4778.3, 544.8, 433.1, 204.2, 457.9, 1277.1, 287.5, 1426.4, 387.4, 2861.1, 879.5, 895.5, 123.6, 1019.7, 969.2, 1961.7, 581.5, 2577.5, 789.5, 8469.1, 362.4, 1332.4, 1139.4, 1460.6, 456.5, 481.0
dflux, 1100.9, 899.8, 1157.0, 1060.7, 725.9, 655.5, 716.4, 634.6, 445.4, 407.8, 374.2, 524.4, 512.2, 485.5, 405.4, 452.4, 424.2, 462.2, 506.0, 522.2, 442.3, 561.4, 611.8, 717.8, 361.8, 498.8, 437.4, 539.2, 498.2, 532.7, 548.5, 569.5, 507.1, 528.4, 530.2, 1526.9, 559.0, 1365.8, 718.7, 559.0, 713.6, 589.3, 503.6, 642.9
mag, 18.87, 18.98, 18.57, 18.55, 18.25, 18.5, 18.44, 18.6, 18.37, 18.57, 18.42, 18.76, 18.55, 18.94, 19.22, 19.32, 19.64, 19.77, 19.42, 18.54, 18.64, 18.99, 19.14, 19.01, 19.28, 19.84, 19.76, 19.61, 19.3, 19.33, 19.98, 19.34, 19.39, 19.7, 19.01, 18.52, 19.79, 18.04, 19.23, 19.0, 19.17, 18.75, 18.39, 19.32
dmag, 0.19, 0.21, 0.16, 0.14, 0.08, 0.09, 0.09, 0.1, 0.09, 0.1, 0.09, 0.11, 0.09, 0.11, 0.14, 0.17, 0.22, 0.25, 0.19, 0.1, 0.1, 0.16, 0.16, 0.15, 0.14, 0.28, 0.24, 0.24, 0.17, 0.19, 0.28, 0.19, 0.21, 0.28, 0.16, 0.24, 0.3, 0.13, 0.22, 0.18, 0.2, 0.15, 0.11, 0.24
