ATLAS 2024fid 1122418881102646700 186.078606372614 10.446274608993297 0.06
++++++++++++++++++++++++++++++++++++++++++++++++++++++++++++++++
t0, 60379.38737490926, 0.0001373012455587741
x0, 3.8796553580334534e-17, 2.5324594091053144e-17
x1, -0.6963032812458059, 0.21733147046332751
c, 19.159692883526517, 0.35490356020504005
mu, 13.820597936147152, 1.0876016271813278
hostMass, 10.486180726114952, 0.0015869039746378127
++++++++++++++++++++++++++++++++++++++++++++++++++++++++++++++++
zp, 22.033, 22.307, 22.306, 22.289, 22.316, 22.316, 22.316, 22.314, 21.869, 21.877, 21.873, 21.877, 22.04, 22.035, 22.033, 22.024, 21.833, 21.949, 21.743, 21.537, 21.993, 22.027, 21.972, 22.038, 22.036, 21.979, 22.015, 22.03, 22.032, 22.044, 22.046, 22.045, 22.039, 21.954, 21.953, 21.951, 21.942, 22.03, 22.028, 22.024, 22.023, 21.958
filters, o, o, o, o, o, o, o, o, o, o, o, o, o, o, o, o, o, o, o, o, o, o, o, o, o, o, o, o, o, o, o, o, o, o, o, o, o, o, o, o, o, c
time, 60396.48231675, 60396.50987685, 60396.51879415, 60396.55924015, 60398.43038555, 60398.43321815, 60398.44045425, 60398.47013495, 60399.21650505, 60399.22013915, 60399.25565965, 60399.26337465, 60400.46540135, 60400.46887235, 60400.50455315, 60400.53213085, 60400.90218285, 60400.90401455, 60400.90947285, 60400.91958165, 60402.47547125, 60402.49368815, 60402.50749355, 60405.42178875, 60405.44168655, 60405.57659155, 60409.34119295, 60409.35406645, 60409.37442995, 60416.39787135, 60416.40068245, 60416.40802565, 60416.44235735, 60416.95927325, 60416.96244315, 60416.96787295, 60416.97808965, 60428.39262975, 60428.40249645, 60432.36828735, 60432.37826845, 60444.91561425
flux, 143.97225223153654, 92.65040504076143, 74.5819827560862, 107.25823840975947, 106.88102018703567, 103.47167170079108, 130.01898395184276, 118.84429426228037, 62.077274152420756, 104.42804415698556, 112.98538873215017, 131.02449033442144, 118.15674935697268, 134.48140935394633, 113.79196176103149, 124.05346298197462, 67.52647714243925, 104.67906612883739, 145.4823156661407, 136.76917864629826, 104.9737144678119, 101.82944955843199, 114.79640623923453, 102.83212351124256, 133.61855221522003, 120.06250651020173, 93.94491438412427, 113.37655370891838, 95.81358723003711, 49.61594397013112, 70.62229740494104, 66.79441181367652, 59.368484771596584, 84.85518950288065, 58.32276654865127, 52.0738133912774, 82.05050208203649, 69.73694466990852, 51.44734342873245, 47.68134115208281, 46.478800004577835, 44.08230053119548
dflux, 24.95186347167011, 21.990952169207965, 23.906077945189562, 27.33760042693479, 15.493511420091243, 14.69632288590913, 15.716580477695274, 16.01612559394013, 19.751859957588422, 19.78373018801405, 21.596274769315414, 19.95232297042111, 15.464278034450412, 15.517085694686113, 16.1048540922121, 17.85128038739572, 19.980437072283394, 15.484114558348827, 23.496470901664715, 31.07359448514571, 7.365885405433707, 8.46697196993614, 9.14408811729714, 9.114215185967549, 8.891989406015089, 10.581780234797439, 7.114016871267726, 7.275878524622177, 6.607833602071525, 15.93942161359285, 15.569289551353844, 15.37713077724927, 15.256044891505892, 14.001106267975304, 12.876454952299632, 14.514827295844565, 14.993164035070926, 16.073199143250292, 15.938129171543538, 13.676043586256306, 14.109635715675411, 13.425064252682258
mag, 18.5, 18.98, 19.22, 18.82, 18.83, 18.86, 18.61, 18.71, 19.42, 18.85, 18.77, 18.61, 18.72, 18.58, 18.76, 18.67, 19.33, 18.85, 18.49, 18.56, 18.85, 18.88, 18.75, 18.87, 18.59, 18.7, 18.97, 18.76, 18.95, 19.66, 19.28, 19.34, 19.47, 19.08, 19.49, 19.61, 19.11, 19.29, 19.62, 19.7, 19.73, 19.79
dmag, 0.17, 0.23, 0.3, 0.25, 0.15, 0.14, 0.12, 0.14, 0.3, 0.19, 0.19, 0.15, 0.13, 0.12, 0.14, 0.15, 0.28, 0.15, 0.16, 0.22, 0.07, 0.09, 0.08, 0.09, 0.07, 0.09, 0.08, 0.07, 0.07, 0.3, 0.22, 0.22, 0.25, 0.17, 0.22, 0.27, 0.18, 0.23, 0.29, 0.27, 0.29, 0.29
