MJD,m,dm,uJy,duJy,F,err,chi/N,RA,Dec,x,y,maj,min,phi,apfit,mag5sig,Sky,Obs
60661.072082,20.161,0.443,31,14,o,0,1.97,9.64021,-27.19939,2292.55,4487.95,2.03,1.86,86.3,-0.416,19.08,20.12,04a60661o0101o
60661.075844,21.501,1.776,9,16,o,0,1.4,9.64021,-27.19939,2310.89,4527.65,2.09,1.99,-75.1,-0.432,19.0,20.02,04a60661o0109o
60661.08142,20.669,1.031,20,20,o,0,0.78,9.64021,-27.19939,2253.45,4451.08,2.27,2.09,78.7,-0.395,18.9,19.89,04a60661o0121o
60661.09172,21.927,3.114,6,19,o,0,0.98,9.64021,-27.19939,2233.02,4567.93,2.25,2.01,78.1,-0.398,18.83,19.71,04a60661o0143o
60662.075843,-26.083,121.0,0,16,o,0,2.13,9.64021,-27.19939,8353.62,9047.42,2.26,1.85,-3.7,-0.414,19.32,20.58,04a60662o0109o
60662.079156,21.964,3.381,6,20,o,0,1.05,9.64021,-27.19939,8372.09,9087.55,2.33,1.9,-4.8,-0.414,19.23,20.57,04a60662o0116o
60662.086111,20.77,0.861,18,15,o,0,1.55,9.64021,-27.19939,8314.18,9008.42,2.31,1.99,-12.7,-0.399,19.22,20.54,04a60662o0131o
60662.104861,20.752,1.015,18,18,o,0,1.43,9.64021,-27.19939,8293.45,9127.15,2.27,1.89,-10.2,-0.395,18.94,19.98,04a60662o0171o
60662.842444,-21.99,2.379,-6,14,o,0,1.71,9.64021,-27.19939,8241.47,9125.25,2.84,2.34,-46.7,-0.41,19.27,20.78,03a60663o0157o
60662.864417,21.407,1.729,10,17,o,0,1.49,9.64021,-27.19939,8261.73,9163.07,2.86,2.38,-46.3,-0.41,19.08,20.37,03a60663o0205o
60662.868097,20.222,0.59,30,18,o,0,1.22,9.64021,-27.19939,8205.43,9082.22,2.88,2.34,-45.5,-0.411,18.99,20.2,03a60663o0213o
60662.87319,-20.455,0.81,-24,19,o,0,1.1,9.64021,-27.19939,8181.34,9197.98,2.82,2.32,-45.6,-0.402,18.92,20.05,03a60663o0224o
60663.851063,-21.014,1.04,-14,15,o,0,1.21,9.64021,-27.19939,4407.8,2917.28,2.27,2.08,-50.4,-0.424,19.24,20.46,03a60664o0176o
60663.886747,21.681,2.298,8,18,o,0,0.94,9.64021,-27.19939,4425.68,2955.81,2.36,2.22,-46.3,-0.427,19.04,20.15,03a60664o0250o
60663.899395,20.102,0.685,33,23,o,0,1.07,9.64021,-27.19939,4368.67,2878.37,2.37,2.2,-48.4,-0.434,18.92,19.85,03a60664o0277o
60663.90271,21.356,1.897,10,20,o,0,1.46,9.64021,-27.19939,4343.98,2992.48,2.51,2.33,-57.6,-0.402,18.79,19.79,03a60664o0284o
60665.06855,24.413,18.0,1,11,o,0,1.53,9.64021,-27.19939,4359.89,2923.59,1.98,1.9,-20.9,-0.469,19.26,20.51,04a60665o0090o
60665.0714,-21.135,1.119,-13,14,o,0,1.44,9.64021,-27.19939,4380.43,2962.28,1.99,1.84,-24.9,-0.488,19.24,20.47,04a60665o0096o
60665.077038,21.611,1.438,8,12,o,0,1.95,9.64021,-27.19939,4320.31,2885.05,1.88,1.86,-47.2,-0.448,19.28,20.57,04a60665o0108o
60665.08682,-20.889,0.813,-16,13,o,0,1.36,9.64021,-27.19939,4300.37,3002.24,2.01,1.89,-10.4,-0.487,19.25,20.53,04a60665o0129o
60666.088846,20.498,0.677,23,16,o,0,1.69,9.64021,-27.19939,4536.56,9215.69,2.05,1.74,-61.6,-0.425,19.37,20.77,04a60666o0132o
60666.092064,-21.775,2.264,-7,16,o,0,1.45,9.64021,-27.19939,4557.1,9254.95,2.09,1.73,-68.9,-0.452,19.36,20.79,04a60666o0139o
60666.097213,20.985,0.91,15,13,o,0,1.71,9.64021,-27.19939,4500.5,9177.6,1.96,1.72,-53.0,-0.438,19.3,20.67,04a60666o0150o
60666.835231,19.995,0.257,36,9,c,0,1.89,9.64021,-27.19939,4427.51,9196.53,2.77,2.5,-39.3,-0.372,19.52,21.52,03a60667o0091c
60666.838413,-23.873,10.0,-1,10,c,0,1.11,9.64021,-27.19939,4447.42,9235.82,2.85,2.57,-33.1,-0.366,19.48,21.51,03a60667o0098c
60666.843877,21.188,0.932,12,11,c,0,0.95,9.64021,-27.19939,4393.09,9156.61,2.86,2.56,-35.3,-0.368,19.5,21.51,03a60667o0110c
60666.861467,20.608,0.587,21,12,c,0,1.17,9.64021,-27.19939,4370.6,9273.12,2.95,2.66,-39.2,-0.361,19.4,21.45,03a60667o0148c
60667.818705,-23.616,8.429,-1,11,c,0,1.39,9.64021,-27.19939,10296.45,2820.61,2.86,2.34,-66.2,-0.368,19.44,21.43,03a60668o0101c
60667.819606,20.011,0.279,36,10,c,0,1.59,9.64021,-27.19939,283.2,2565.97,2.62,2.5,-72.9,-0.38,19.5,21.5,03a60668o0103c
60667.821524,20.75,0.663,18,12,c,0,1.16,9.64021,-27.19939,10315.59,2859.84,2.9,2.31,-62.5,-0.371,19.43,21.44,03a60668o0107c
60667.822877,19.657,0.209,50,10,c,0,1.59,9.64021,-27.19939,300.88,2604.92,2.74,2.57,-63.3,-0.374,19.45,21.51,03a60668o0110c
60667.826663,21.663,1.289,8,10,c,0,1.92,9.64021,-27.19939,10260.57,2780.27,2.66,2.33,-52.4,-0.382,19.48,21.42,03a60668o0118c
60667.828042,20.044,0.304,35,11,c,0,1.71,9.64021,-27.19939,246.74,2527.43,2.6,2.49,-69.7,-0.38,19.49,21.5,03a60668o0121c
60667.836827,21.564,1.317,9,11,c,0,1.63,9.64021,-27.19939,10235.82,2894.17,3.05,2.47,-62.7,-0.366,19.36,21.4,03a60668o0140c
60667.840077,20.479,0.475,23,11,c,0,1.37,9.64021,-27.19939,224.13,2644.16,2.78,2.56,-77.3,-0.353,19.44,21.46,03a60668o0147c
60669.065299,-20.253,0.684,-29,20,o,0,1.39,9.64021,-27.19939,10256.55,2678.06,2.79,2.11,-29.6,-0.405,19.26,20.61,04a60669o0080o
60669.0662,20.013,0.387,36,14,o,0,1.96,9.64021,-27.19939,216.72,2675.13,2.6,1.92,50.0,-0.367,19.34,20.66,04a60669o0082o
60669.06909,20.264,0.776,28,22,o,0,1.51,9.64021,-27.19939,10275.8,2718.76,2.75,2.22,-28.5,-0.401,19.23,20.55,04a60669o0088o
60669.070012,-21.727,1.688,-7,12,o,0,2.95,9.64021,-27.19939,236.22,2714.23,2.73,1.88,49.2,-0.357,19.3,20.68,04a60669o0090o
60669.074763,20.943,1.4,15,21,o,0,1.43,9.64021,-27.19939,10215.61,2638.0,2.84,2.09,-27.9,-0.4,19.3,20.58,04a60669o0100o
60669.075667,19.898,0.347,40,14,o,0,1.47,9.64021,-27.19939,177.43,2637.03,2.63,1.89,50.8,-0.386,19.33,20.66,04a60669o0102o
60669.08664,-21.978,3.458,-6,20,o,0,1.57,9.64021,-27.19939,10193.96,2756.36,2.82,1.99,-25.4,-0.416,19.27,20.57,04a60669o0125o
60669.087094,-24.4,19.25,-1,12,o,0,1.99,9.64021,-27.19939,157.48,2756.84,2.7,1.88,49.2,-0.38,19.31,20.63,04a60669o0126o
60670.035221,-20.686,2.688,-19,52,o,0,1.3,9.64021,-27.19939,10151.31,7041.16,2.71,2.04,-2.7,-0.379,18.34,18.82,04a60670o0015o
60670.036123,22.969,12.643,2,30,o,0,0.88,9.64021,-27.19939,278.62,7041.35,2.51,2.05,-83.3,-0.366,18.58,19.13,04a60670o0017o
60670.038415,-21.165,2.691,-12,33,o,0,1.6,9.64021,-27.19939,10169.39,7080.41,2.61,1.94,-2.9,-0.395,18.78,19.58,04a60670o0022o
60670.039316,23.5,12.444,1,18,o,0,1.97,9.64021,-27.19939,297.16,7079.42,2.53,2.0,-87.7,-0.356,18.93,19.84,04a60670o0024o
60670.045813,19.967,0.557,37,21,o,0,1.26,9.64021,-27.19939,10112.05,7001.25,2.56,1.92,-2.7,-0.428,19.23,20.5,04a60670o0038o
60670.047186,-22.581,5.0,-3,17,o,0,1.07,9.64021,-27.19939,239.82,7002.07,2.49,2.02,89.1,-0.374,19.3,20.63,04a60670o0041o
60670.058576,-21.377,1.406,-10,14,o,0,1.58,9.64021,-27.19939,220.6,7120.71,2.55,2.02,85.8,-0.361,19.35,20.82,04a60670o0065o
60670.063701,-20.622,1.011,-20,21,o,0,1.97,9.64021,-27.19939,10090.05,7118.52,2.54,1.86,-4.8,-0.435,19.37,20.74,04a60670o0076o
60670.800289,20.548,6.895,22,151,c,0,0.85,9.64021,-27.19939,195.45,6885.97,2.7,2.45,-58.4,-0.37,17.36,19.13,03a60671o0047c
60670.81073,-19.947,0.723,-38,28,c,0,1.53,9.64021,-27.19939,175.29,7002.46,2.59,2.38,-49.7,-0.387,19.07,20.97,03a60671o0070c
60670.812572,20.755,0.506,18,9,c,0,1.77,9.64021,-27.19939,10018.38,7245.53,2.81,2.29,-65.6,-0.377,19.24,21.11,03a60671o0074c
60671.790459,-20.722,0.873,-19,16,c,0,2.31,9.64021,-27.19939,8149.15,7180.46,2.72,2.27,-56.8,-0.384,19.14,20.38,03a60672o0025c
60671.793635,20.463,0.538,24,13,c,0,1.68,9.64021,-27.19939,8167.63,7219.39,2.8,2.34,-61.4,-0.378,19.28,20.76,03a60672o0032c
60671.799071,20.167,0.32,31,10,c,0,2.22,9.64021,-27.19939,8113.22,7139.88,2.77,2.37,-55.4,-0.379,19.4,21.13,03a60672o0044c
60671.814106,20.888,0.634,16,10,c,0,1.61,9.64021,-27.19939,8091.87,7255.9,2.79,2.44,-56.2,-0.388,19.41,21.34,03a60672o0077c
60673.040438,20.707,1.301,19,25,o,0,1.76,9.64021,-27.19939,8215.89,7099.9,2.27,1.78,-10.8,-0.427,18.85,19.69,04a60673o0025o
60673.043658,20.898,1.194,16,19,o,0,2.36,9.64021,-27.19939,8236.87,7139.81,2.21,1.74,-10.2,-0.438,19.09,20.1,04a60673o0032o
60673.049132,-22.51,4.2,-4,15,o,0,2.35,9.64021,-27.19939,8175.13,7059.92,2.17,1.75,-11.5,-0.44,19.25,20.39,04a60673o0044o
60673.059478,-22.681,5.0,-3,15,o,0,1.35,9.64021,-27.19939,8157.43,7177.22,2.21,1.69,-10.4,-0.438,19.29,20.58,04a60673o0066o
60674.064244,20.544,0.859,22,19,o,0,0.58,9.64021,-27.19939,6441.81,9120.48,2.1,1.9,-33.9,-0.406,19.27,20.64,04a60674o0076o
60674.088733,22.224,3.5,5,16,o,0,0.89,9.64021,-27.19939,6403.62,9082.37,2.14,1.9,-52.8,-0.409,19.23,20.53,04a60674o0128o
60674.094312,21.381,1.568,10,16,o,0,1.32,9.64021,-27.19939,6381.38,9199.42,2.12,1.89,-46.6,-0.403,19.26,20.51,04a60674o0140o
60675.812936,20.9,0.657,16,10,c,0,1.52,9.64021,-27.19939,6459.22,4806.55,2.43,2.14,-59.1,-0.395,19.51,21.19,03a60676o0073c
60675.816178,21.384,0.809,10,8,c,0,2.71,9.64021,-27.19939,6478.57,4845.71,2.42,2.18,-56.6,-0.395,19.49,21.19,03a60676o0080c
60675.823064,20.667,0.585,20,12,c,0,1.17,9.64021,-27.19939,6423.04,4765.59,2.42,2.2,-51.1,-0.389,19.46,21.15,03a60676o0095c
60675.833133,-22.006,1.583,-6,9,c,0,1.87,9.64021,-27.19939,6402.95,4880.21,2.52,2.21,-56.6,-0.392,19.42,21.12,03a60676o0117c
60677.035044,20.381,1.379,26,35,o,0,1.49,9.64021,-27.19939,6460.69,4758.78,2.18,1.88,-27.9,-0.454,18.15,18.37,04a60677o0012o
60677.038229,20.119,0.721,32,24,o,0,1.47,9.64021,-27.19939,6479.91,4797.57,2.13,1.84,-24.7,-0.462,18.52,19.05,04a60677o0019o
60677.043704,20.832,1.031,17,17,o,0,2.21,9.64021,-27.19939,6420.66,4720.67,2.15,1.88,-23.5,-0.457,18.96,19.94,04a60677o0031o
60677.054787,22.473,3.839,4,14,o,0,1.55,9.64021,-27.19939,6401.35,4837.67,2.05,1.82,-26.6,-0.457,19.22,20.51,04a60677o0054o
60681.072711,21.836,3.316,7,22,o,0,1.84,9.64021,-27.19939,8273.48,2746.57,2.35,1.94,-26.5,-0.428,18.8,19.61,04a60681o0036o
60681.075908,22.999,10.833,2,25,o,0,1.3,9.64021,-27.19939,8293.79,2786.16,2.45,1.96,-24.3,-0.412,18.81,19.6,04a60681o0043o
60681.081539,21.216,2.258,12,27,o,0,1.01,9.64021,-27.19939,8236.18,2708.8,2.38,2.01,-23.1,-0.423,18.78,19.59,04a60681o0055o
60681.096129,-20.832,1.095,-17,18,o,0,1.52,9.64021,-27.19939,8213.2,2825.42,2.49,1.99,-23.2,-0.397,18.77,19.76,04a60681o0086o
60682.048934,22.065,3.575,5,19,o,0,1.07,9.64021,-27.19939,6315.12,2827.48,2.15,1.87,-19.5,-0.475,18.88,19.72,04a60682o0042o
60682.052152,-20.584,0.895,-21,19,o,0,1.32,9.64021,-27.19939,6333.28,2866.58,2.2,1.9,-22.7,-0.46,18.88,19.83,04a60682o0049o
60682.057382,21.27,1.792,11,20,o,0,0.93,9.64021,-27.19939,6274.55,2790.09,2.18,1.89,-15.7,-0.494,18.89,19.82,04a60682o0060o
60682.068519,20.015,0.482,36,17,o,0,1.35,9.64021,-27.19939,6254.95,2904.87,2.1,1.81,-23.0,-0.486,18.9,19.65,04a60682o0084o
60682.800739,-22.41,5.174,-4,20,o,0,0.94,9.64021,-27.19939,6363.82,2867.11,2.55,2.27,-52.3,-0.41,18.73,19.66,03a60683o0046o
60682.803943,-22.352,4.958,-4,21,o,0,1.36,9.64021,-27.19939,6380.69,2906.93,2.52,2.31,-44.2,-0.42,18.77,19.71,03a60683o0053o
60682.809987,21.042,1.418,14,20,o,0,1.54,9.64021,-27.19939,6323.7,2826.65,2.6,2.28,-56.0,-0.407,18.71,19.72,03a60683o0066o
60682.820091,-20.87,1.484,-16,24,o,0,1.14,9.64021,-27.19939,6300.11,2941.2,3.18,2.84,-77.3,-0.381,18.52,19.72,03a60683o0088o
60683.811666,-21.087,2.0,-13,27,o,0,1.38,9.64021,-27.19939,10160.74,9118.7,3.1,2.33,-54.1,-0.447,18.76,19.55,03a60684o0070o
60683.812567,20.416,1.07,25,26,o,0,1.56,9.64021,-27.19939,290.62,8869.34,2.89,2.53,-55.2,-0.404,18.76,19.62,03a60684o0072o
60683.814845,-21.843,3.941,-7,26,o,0,1.61,9.64021,-27.19939,10178.14,9158.57,2.87,2.15,-54.8,-0.435,18.78,19.54,03a60684o0077o
60683.815747,21.295,2.273,11,25,o,0,1.71,9.64021,-27.19939,307.95,8908.9,2.78,2.45,-50.2,-0.395,18.84,19.62,03a60684o0079o
60683.820367,19.995,0.756,36,28,o,0,1.56,9.64021,-27.19939,10122.85,9076.25,2.96,2.24,-53.7,-0.46,18.74,19.52,03a60684o0089o
60683.821269,-20.255,0.746,-29,21,o,0,1.49,9.64021,-27.19939,254.18,8831.22,2.85,2.51,-56.5,-0.391,18.77,19.6,03a60684o0091o
60683.830676,-21.846,4.571,-7,30,o,0,0.89,9.64021,-27.19939,10103.31,9189.81,3.12,2.47,-54.0,-0.424,18.68,19.47,03a60684o0111o
60683.832993,21.796,3.938,7,27,o,0,1.02,9.64021,-27.19939,233.12,8947.17,2.87,2.52,-53.9,-0.388,18.75,19.55,03a60684o0116o
60685.042277,19.465,0.742,60,44,o,0,1.06,9.64021,-27.19939,10276.7,8996.62,2.44,1.89,2.2,-0.476,18.56,19.15,04a60685o0028o
60685.045967,19.837,1.047,42,44,o,0,0.99,9.64021,-27.19939,10295.77,9036.96,2.51,1.85,1.9,-0.488,18.65,19.34,04a60685o0036o
60685.048761,20.464,1.073,24,25,o,0,1.26,9.64021,-27.19939,382.24,8991.26,2.7,2.04,-77.6,-0.379,18.74,19.44,04a60685o0042o
60685.051067,-21.965,7.88,-6,47,o,0,0.94,9.64021,-27.19939,10237.04,8957.1,2.6,1.84,2.0,-0.496,18.71,19.44,04a60685o0047o
60685.051968,22.594,7.444,3,25,o,0,1.38,9.64021,-27.19939,400.0,9030.61,2.71,1.98,-79.7,-0.381,18.76,19.47,04a60685o0049o
60685.057639,20.148,0.711,32,22,o,0,1.32,9.64021,-27.19939,342.55,8953.82,2.73,1.99,-84.7,-0.364,18.81,19.49,04a60685o0061o
60685.061348,19.58,0.927,54,50,o,0,0.78,9.64021,-27.19939,10219.37,9074.22,2.45,1.86,3.3,-0.475,18.72,19.41,04a60685o0069o
60685.06809,20.535,1.2,22,27,o,0,1.21,9.64021,-27.19939,324.29,9073.36,2.59,1.97,-79.9,-0.396,18.77,19.44,04a60685o0083o
60686.042595,20.35,1.631,26,43,o,0,1.29,9.64021,-27.19939,10358.55,4622.66,2.64,2.08,-18.9,-0.416,18.47,19.01,04a60686o0030o
60686.046801,19.252,0.592,72,43,o,0,1.06,9.64021,-27.19939,10380.6,4664.07,2.65,2.09,-13.2,-0.418,18.57,19.16,04a60686o0039o
60686.048632,21.099,1.783,13,24,o,0,1.49,9.64021,-27.19939,335.96,4617.56,2.49,2.01,63.0,-0.341,18.65,19.25,04a60686o0043o
60686.051845,20.779,1.265,18,22,o,0,1.69,9.64021,-27.19939,357.05,4656.29,2.48,2.02,61.6,-0.336,18.65,19.28,04a60686o0050o
60686.052764,-21.544,3.341,-9,29,o,0,1.36,9.64021,-27.19939,10318.57,4583.56,2.75,2.03,-15.4,-0.414,18.54,19.23,04a60686o0052o
60686.057462,-20.986,1.837,-15,27,o,0,1.55,9.64021,-27.19939,297.3,4581.39,2.65,1.95,55.3,-0.338,18.64,19.29,04a60686o0062o
60686.06257,19.904,0.867,40,34,o,0,1.8,9.64021,-27.19939,10302.28,4701.89,2.6,2.08,-15.0,-0.427,18.57,19.18,04a60686o0073o
60686.068313,-21.044,1.767,-14,24,o,0,1.76,9.64021,-27.19939,280.53,4700.2,2.21,2.01,85.3,-0.405,18.56,19.17,04a60686o0085o
60686.792019,20.019,0.853,36,30,o,0,0.93,9.64021,-27.19939,10349.17,4758.71,2.7,2.06,-66.0,-0.357,18.5,18.97,03a60687o0028o
60686.79567,-21.413,2.538,-10,25,o,0,1.01,9.64021,-27.19939,10369.33,4798.86,2.64,2.04,-65.2,-0.347,18.58,19.11,03a60687o0036o
60686.800204,-20.152,0.807,-32,26,o,0,1.13,9.64021,-27.19939,353.2,4505.25,2.6,2.12,-71.1,-0.372,18.68,19.26,03a60687o0046o
60686.801109,20.969,1.536,15,23,o,0,1.13,9.64021,-27.19939,10312.02,4718.46,2.61,2.02,-64.9,-0.362,18.58,19.17,03a60687o0048o
60686.803422,21.467,2.492,9,23,o,0,1.06,9.64021,-27.19939,372.83,4544.88,2.48,2.07,-67.6,-0.403,18.69,19.27,03a60687o0053o
60686.810055,19.91,0.781,39,31,o,0,1.32,9.64021,-27.19939,315.16,4466.65,2.84,2.3,-72.2,-0.357,18.59,19.26,03a60687o0067o
60686.813249,-21.304,2.523,-11,28,o,0,1.07,9.64021,-27.19939,10289.36,4832.62,2.73,2.1,-64.3,-0.358,18.54,19.15,03a60687o0074o
60686.820218,19.927,0.702,39,27,o,0,1.05,9.64021,-27.19939,295.03,4582.04,2.75,2.24,-70.6,-0.361,18.62,19.24,03a60687o0089o
60687.798721,19.993,1.08,36,40,o,0,1.07,9.64021,-27.19939,4117.1,970.42,2.6,2.38,-52.5,-0.389,18.3,18.99,03a60688o0043o
60687.801886,20.593,1.088,21,23,o,0,1.35,9.64021,-27.19939,4136.61,1009.97,2.47,2.25,-62.5,-0.396,18.57,19.25,03a60688o0050o
60687.807912,22.089,7.9,5,42,o,0,1.5,9.64021,-27.19939,4081.05,930.98,2.52,2.29,-57.0,-0.38,17.82,18.4,03a60688o0063o
