atlas-91bg,2021qvv,ATLAS2021qvv,187.012167,9.80285,0.001825,nan,59388.257000000216
++++++++++++++++++++++++++++++++++++++++++++++++++++++++++++++++
mu,-404.0,-404.0
++++++++++++++++++++++++++++++++++++++++++++++++++++++++++++++++
++++++++++++++++++++++++++++++++++++++++++++++++++++++++++++++++
zp,nan,nan,nan,nan,nan,nan,nan,nan,nan,nan,nan,nan,nan,nan,nan,nan,nan,nan,nan,nan,nan,nan,nan,nan,nan,nan,nan,nan,nan,nan,nan,nan,nan,nan,nan,nan,nan,nan,nan,nan,nan,nan,nan,nan,nan,nan,nan,nan,nan,nan,nan,nan,nan,nan,nan,nan,nan,nan,nan,nan,nan,nan,nan,nan,nan,nan
filter,o,o,o,o,c,o,o,o,o,o,o,o,o,o,o,o,o,o,o,o,o,o,c,c,c,o,c,c,c,c,o,o,o,o,o,o,o,o,o,o,o,c,c,c,c,c,c,c,c,c,c,c,o,o,o,o,o,c,c,c,o,o,o,o,o,o
mjd,60684.541832,60684.544597,60684.574711,60684.576517,60685.099165,60689.023006,60689.026178,60689.041664,60690.492307,60690.497768,60690.53672,60690.539062,60690.549225,60691.298202,60691.301815,60691.317305,60695.346228,60696.491338,60696.493619,60698.574675,60698.577877,60698.602904,60700.541107,60700.542918,60700.551546,60700.997129,60703.240671,60703.254437,60704.496376,60704.4992,60704.638832,60704.63929,60704.64066,60704.939434,60704.939884,60704.940335,60704.940785,60704.941236,60704.999649,60705.006871,60705.035831,60707.225065,60707.252541,60707.252992,60707.264304,60707.264755,60707.269794,60707.270244,60708.554215,60708.556581,60708.559561,60708.585055,60709.066959,60709.070114,60709.073283,60709.088323,60710.445252,60711.299824,60711.305254,60711.312524,60711.461044,60712.42585,60712.478876,60712.480684,60712.639792,60712.667857
flux,-46.0,148.0,62.0,92.0,-65.0,-140.0,-157.0,-114.0,-52.0,60.0,42.0,-41.0,-92.0,-65.0,164.0,56.0,-107.0,-101.0,-102.0,133.0,-42.0,49.0,55.0,1552.0,-69.0,-56.0,83.0,-37.0,-50.0,-77.0,99.0,-34.0,60.0,-103.0,94.0,-41.0,-80.0,-139.0,-69.0,-52.0,-119.0,-115.0,-76.0,-47.0,-131.0,-43.0,27.0,-111.0,-20.0,-28.0,66.0,-46.0,-93.0,-73.0,-78.0,-82.0,48.0,38.0,-45.0,22.0,31.0,-62.0,-42.0,-44.0,-39.0,144.0
dflux,25.0,16.0,29.0,41.0,22.0,57.0,56.0,54.0,36.0,41.0,30.0,34.0,27.0,57.0,62.0,45.0,51.0,96.0,95.0,21.0,25.0,36.0,18.0,13.0,19.0,24.0,19.0,20.0,14.0,19.0,56.0,32.0,35.0,27.0,32.0,26.0,30.0,25.0,29.0,20.0,20.0,20.0,19.0,25.0,23.0,27.0,27.0,17.0,18.0,18.0,16.0,15.0,25.0,23.0,26.0,25.0,32.0,21.0,23.0,19.0,30.0,39.0,32.0,33.0,21.0,22.0
mag,-19.735,18.475,19.413,18.986,-19.366,-18.533,-18.41,-18.762,-19.604,19.463,19.838,-19.87,-18.991,-19.366,18.364,19.537,-18.824,-18.893,-18.876,18.593,-19.845,19.667,19.546,15.923,-19.307,-19.533,19.103,-19.988,-19.655,-19.19,18.912,-20.055,19.462,-18.87,18.968,-19.862,-19.139,-18.539,-19.304,-19.602,-18.712,-18.751,-19.205,-19.724,-18.61,-19.822,20.329,-18.784,-20.621,-20.274,19.345,-19.741,-18.976,-19.247,-19.168,-19.12,19.689,19.948,-19.771,20.52,20.167,-19.415,-19.835,-19.803,-19.915,18.508
dmag,0.537,0.11,0.469,0.443,0.334,0.403,0.359,0.472,0.693,0.683,0.704,0.828,0.29,0.882,0.381,0.802,0.474,0.949,0.929,0.158,0.592,0.74,0.318,0.008,0.272,0.438,0.228,0.548,0.292,0.245,0.571,0.93,0.591,0.262,0.343,0.619,0.376,0.176,0.418,0.374,0.172,0.176,0.249,0.539,0.179,0.64,0.994,0.155,0.889,0.631,0.248,0.321,0.266,0.319,0.331,0.309,0.665,0.556,0.519,0.843,0.958,0.633,0.758,0.751,0.545,0.152
