atlas-91bg,2021agej,ATLAS2021agej,22.491958,19.439089,0.04,nan,59557.2790000001
++++++++++++++++++++++++++++++++++++++++++++++++++++++++++++++++
mu,-404.0,-404.0
++++++++++++++++++++++++++++++++++++++++++++++++++++++++++++++++
++++++++++++++++++++++++++++++++++++++++++++++++++++++++++++++++
zp,nan,nan,nan,nan,nan,nan,nan,nan,nan,nan,nan,nan,nan,nan,nan,nan,nan,nan,nan,nan,nan,nan,nan,nan,nan,nan,nan,nan,nan
filter,o,o,o,o,o,o,o,o,o,o,o,o,c,c,c,c,o,o,o,o,o,o,o,o,o,o,o,o,o
mjd,60688.327987,60688.335883,60689.268392,60689.271575,60690.267003,60690.27024,60690.286766,60691.318775,60691.327996,60692.364191,60693.270124,60693.294279,60694.269433,60694.272683,60694.277798,60694.296956,60695.278241,60695.288913,60696.271511,60696.282712,60699.240032,60700.32721,60700.330459,60703.305139,60708.249613,60709.216041,60709.219214,60713.263632,60713.266075
flux,-540.0,-260.0,-41.0,55.0,-26.0,-28.0,30.0,-59.0,-22.0,45.0,15.0,15.0,18.0,-15.0,-16.0,-24.0,44.0,15.0,-38.0,-23.0,29.0,-26.0,-20.0,-24.0,30.0,-49.0,26.0,42.0,-369.0
dflux,230.0,138.0,35.0,32.0,18.0,19.0,21.0,19.0,19.0,23.0,11.0,14.0,13.0,13.0,13.0,16.0,14.0,12.0,10.0,14.0,11.0,13.0,13.0,14.0,16.0,28.0,24.0,36.0,99.0
mag,-17.069,-17.862,-19.862,19.545,-20.354,-20.284,20.19,-19.48,-20.528,19.771,20.962,20.993,20.755,-20.931,-20.865,-20.43,19.782,20.954,-19.944,-20.517,20.248,-20.371,-20.677,-20.431,20.208,-19.67,20.342,19.85,-17.482
dmag,0.425,0.53,0.854,0.585,0.682,0.691,0.684,0.322,0.865,0.513,0.735,0.926,0.734,0.854,0.807,0.647,0.321,0.821,0.272,0.643,0.371,0.489,0.654,0.568,0.521,0.571,0.907,0.87,0.267
