atlas-91bg,2024pbd,ATLAS2024pbd,227.8045083,46.1478486,0.018326,nan,60499.32409999985
++++++++++++++++++++++++++++++++++++++++++++++++++++++++++++++++
mu,-404.0,-404.0
++++++++++++++++++++++++++++++++++++++++++++++++++++++++++++++++
++++++++++++++++++++++++++++++++++++++++++++++++++++++++++++++++
zp,nan,nan,nan,nan,nan,nan,nan,nan,nan,nan,nan,nan,nan,nan
filter,o,o,o,o,o,o,o,o,o,o,o,o,o,o
mjd,60687.528963,60687.571973,60691.614964,60693.609098,60693.617567,60695.661616,60697.532088,60697.54606,60699.581446,60699.607154,60709.60657,60709.616725,60711.525399,60711.52657
flux,-172.0,-138.0,42.0,-19.0,22.0,23.0,-56.0,-33.0,49.0,-18.0,18.0,-12.0,76.0,-18.0
dflux,66.0,42.0,14.0,18.0,19.0,15.0,18.0,20.0,21.0,16.0,11.0,12.0,15.0,17.0
mag,-18.311,-18.546,19.84,-20.682,20.519,20.515,-19.519,-20.108,19.677,-20.739,20.791,-21.177,19.202,-20.772
dmag,0.382,0.302,0.331,0.918,0.835,0.658,0.319,0.616,0.425,0.845,0.643,0.972,0.204,0.963
