atlas-91bg,2024sag,ATLAS2024sag,83.8700930252,-17.8009970936,0.01,nan,60534.37913999986
++++++++++++++++++++++++++++++++++++++++++++++++++++++++++++++++
mu,-404.0,-404.0
++++++++++++++++++++++++++++++++++++++++++++++++++++++++++++++++
++++++++++++++++++++++++++++++++++++++++++++++++++++++++++++++++
zp,nan,nan,nan,nan,nan,nan,nan,nan,nan,nan,nan,nan,nan,nan,nan,nan,nan,nan,nan,nan,nan,nan,nan,nan,nan,nan,nan,nan,nan,nan,nan,nan,nan,nan,nan
filter,o,o,o,o,o,o,o,o,o,o,o,o,o,o,o,o,o,c,o,o,o,c,o,o,c,c,c,o,o,c,c,c,c,c,o
mjd,60685.155502,60686.155,60687.901295,60690.160785,60690.17177,60690.892104,60691.883978,60693.176095,60694.229058,60694.231839,60694.23739,60694.881573,60694.919603,60695.885992,60695.888761,60695.894198,60695.905072,60697.049873,60698.872464,60699.878704,60699.888875,60701.139184,60703.879758,60703.948214,60705.126125,60705.129291,60706.128846,60706.834266,60706.852812,60709.125505,60709.129176,60709.138967,60709.165022,60710.131837,60710.878269
flux,28.0,42.0,71.0,27.0,26.0,29.0,21.0,35.0,42.0,38.0,19.0,52.0,-28.0,24.0,29.0,38.0,21.0,32.0,18.0,19.0,13.0,22.0,50.0,33.0,24.0,-16.0,12.0,19.0,28.0,13.0,17.0,-17.0,14.0,12.0,18.0
dflux,19.0,37.0,32.0,24.0,24.0,26.0,16.0,21.0,18.0,18.0,19.0,14.0,16.0,16.0,14.0,13.0,20.0,11.0,12.0,12.0,10.0,10.0,13.0,28.0,10.0,15.0,10.0,11.0,13.0,9.0,10.0,10.0,9.0,12.0,14.0
mag,20.281,19.839,19.271,20.32,20.355,20.25,20.618,20.033,19.846,19.958,20.697,19.621,-20.277,20.436,20.243,19.943,20.582,20.133,20.744,20.696,21.151,20.524,19.663,20.102,20.432,-20.884,21.232,20.681,20.303,21.11,20.801,-20.834,21.005,21.17,20.784
dmag,0.689,0.868,0.445,0.903,0.926,0.917,0.777,0.598,0.437,0.477,0.983,0.274,0.574,0.655,0.468,0.335,0.918,0.343,0.64,0.652,0.808,0.448,0.258,0.861,0.43,0.917,0.84,0.549,0.489,0.703,0.563,0.573,0.655,0.955,0.769
