atlas-91bg,2021jbp,ATLAS2021jbp,201.241559768,-24.180768237,0.042,nan,59315.39999999991
++++++++++++++++++++++++++++++++++++++++++++++++++++++++++++++++
mu,-404.0,-404.0
++++++++++++++++++++++++++++++++++++++++++++++++++++++++++++++++
++++++++++++++++++++++++++++++++++++++++++++++++++++++++++++++++
zp,nan,nan,nan,nan,nan,nan,nan,nan,nan,nan,nan,nan,nan,nan,nan,nan,nan,nan,nan,nan,nan,nan,nan,nan,nan
filter,o,o,o,o,o,o,o,o,o,o,o,o,o,o,c,c,c,c,o,o,o,c,c,o,o
mjd,60685.359232,60687.110507,60690.343282,60691.048373,60694.314467,60694.328202,60695.056027,60695.059224,60695.07496,60697.233191,60698.335575,60699.068919,60699.072081,60700.071897,60701.315857,60702.302896,60702.306079,60706.312265,60707.055923,60708.043891,60708.049317,60710.286985,60710.290158,60711.033499,60711.039376
flux,-17.0,-39.0,-51.0,36.0,-50.0,-55.0,-37.0,-36.0,-26.0,44.0,27.0,-20.0,27.0,-24.0,14.0,-13.0,-15.0,-14.0,-33.0,-14.0,-30.0,14.0,13.0,23.0,-21.0
dflux,14.0,29.0,30.0,30.0,26.0,24.0,24.0,26.0,26.0,35.0,20.0,14.0,12.0,16.0,10.0,10.0,12.0,11.0,12.0,13.0,13.0,12.0,12.0,14.0,13.0
mag,-20.816,-19.922,-19.64,20.007,-19.654,-19.554,-19.983,-19.998,-20.355,19.793,20.328,-20.653,20.324,-20.461,21.022,-21.086,-20.956,-21.046,-20.094,-21.02,-20.216,20.996,21.105,20.493,-20.58
dmag,0.847,0.743,0.599,0.821,0.515,0.447,0.66,0.712,0.977,0.792,0.737,0.698,0.444,0.664,0.737,0.727,0.787,0.81,0.346,0.933,0.424,0.86,0.948,0.6,0.596
