atlas-91bg,2021zsz,ATLAS2021zsz,92.63880328,-14.53887968,0.035746,nan,59484.61100000003
++++++++++++++++++++++++++++++++++++++++++++++++++++++++++++++++
mu,-404.0,-404.0
++++++++++++++++++++++++++++++++++++++++++++++++++++++++++++++++
++++++++++++++++++++++++++++++++++++++++++++++++++++++++++++++++
zp,nan,nan,nan,nan,nan,nan,nan,nan,nan,nan,nan,nan,nan,nan,nan,nan,nan,nan,nan,nan,nan,nan,nan,nan,nan,nan,nan,nan,nan,nan,nan,nan,nan,nan,nan,nan,nan,nan,nan,nan,nan,nan,nan,nan,nan
filter,o,o,o,o,o,o,o,o,o,o,o,o,o,o,o,o,o,o,o,c,c,c,o,c,c,o,o,c,o,o,o,o,c,c,c,c,o,o,c,c,c,o,o,o,o
mjd,60684.405319,60684.408943,60686.161016,60686.94464,60686.979809,60688.918052,60688.939739,60690.159873,60690.902368,60690.911003,60691.888501,60691.897429,60693.164026,60694.517287,60694.530009,60694.925066,60695.8883,60696.814755,60696.827289,60698.152684,60698.16338,60698.166291,60698.385871,60699.149301,60699.152508,60699.870526,60699.889385,60701.149709,60703.874295,60703.87748,60703.883378,60703.946412,60705.142268,60705.161582,60706.134943,60706.140865,60706.860494,60707.844849,60709.165923,60710.135961,60710.160771,60710.87685,60711.130833,60711.868677,60711.871848
flux,24.0,30.0,-42.0,45.0,-34.0,-67.0,38.0,-38.0,-48.0,33.0,23.0,30.0,46.0,-23.0,25.0,15.0,-21.0,32.0,-29.0,20.0,29.0,16.0,22.0,17.0,-20.0,14.0,-25.0,19.0,26.0,-13.0,-34.0,41.0,-13.0,-14.0,-12.0,11.0,-18.0,19.0,19.0,-13.0,-13.0,31.0,-27.0,-187.0,101.0
dflux,18.0,17.0,26.0,28.0,25.0,28.0,35.0,34.0,27.0,22.0,18.0,17.0,32.0,21.0,20.0,15.0,16.0,15.0,14.0,11.0,15.0,12.0,13.0,11.0,13.0,12.0,12.0,11.0,13.0,12.0,12.0,27.0,11.0,12.0,12.0,10.0,11.0,13.0,12.0,10.0,11.0,14.0,23.0,112.0,92.0
mag,20.458,20.201,-19.853,19.773,-20.063,-19.333,19.952,-19.958,-19.689,20.097,20.491,20.215,19.749,-20.49,20.39,20.953,-20.614,20.124,-20.229,20.661,20.255,20.898,20.542,20.843,-20.662,21.072,-20.406,20.707,20.373,-21.132,-20.058,19.865,-21.106,-21.028,-21.187,21.336,-20.771,20.72,20.712,-21.115,-21.087,20.177,-20.322,-18.22,18.887
dmag,0.735,0.571,0.633,0.634,0.721,0.42,0.919,0.903,0.557,0.663,0.773,0.568,0.71,0.928,0.772,0.97,0.771,0.471,0.462,0.546,0.515,0.779,0.606,0.648,0.674,0.921,0.486,0.587,0.494,0.92,0.356,0.649,0.824,0.868,0.989,0.904,0.616,0.699,0.664,0.789,0.822,0.437,0.847,0.6,0.909
