atlas-91bg,2021bls,ATLAS2021bls,250.8363722,61.5948666,0.019,nan,59246.55899999989
++++++++++++++++++++++++++++++++++++++++++++++++++++++++++++++++
mu,-404.0,-404.0
++++++++++++++++++++++++++++++++++++++++++++++++++++++++++++++++
++++++++++++++++++++++++++++++++++++++++++++++++++++++++++++++++
zp,nan,nan,nan,nan,nan,nan,nan,nan,nan,nan,nan
filter,o,o,o,o,o,o,o,o,o,o,o
mjd,60687.63721,60693.634527,60693.639715,60693.670534,60697.671572,60699.657885,60699.669893,60709.61486,60709.641278,60711.562277,60711.567629
flux,-38.0,19.0,-21.0,67.0,-1238.0,21.0,-49.0,-29.0,-16.0,-37.0,20.0
dflux,36.0,17.0,18.0,22.0,504.0,13.0,16.0,13.0,12.0,16.0,15.0
mag,-19.96,20.708,-20.617,19.337,-16.168,20.615,-19.679,-20.257,-20.858,-19.968,20.654
dmag,0.952,0.878,0.856,0.322,0.408,0.631,0.338,0.462,0.712,0.415,0.775
