atlas-91bg,2022ywc,ATLAS2022ywc,50.5505136364,-42.8846709091,0.058,nan,59880.12560999999
++++++++++++++++++++++++++++++++++++++++++++++++++++++++++++++++
mu,-404.0,-404.0
++++++++++++++++++++++++++++++++++++++++++++++++++++++++++++++++
++++++++++++++++++++++++++++++++++++++++++++++++++++++++++++++++
zp,nan,nan,nan,nan,nan,nan,nan,nan,nan,nan,nan,nan,nan,nan,nan,nan
filter,o,o,o,o,c,c,c,o,c,o,c,c,o,o,o,o
mjd,60692.217928,60692.22708,60692.258855,60693.829722,60696.095221,60697.100059,60697.109943,60697.804278,60700.071944,60701.814077,60704.067278,60708.067637,60709.788633,60709.807537,60712.040416,60712.045438
flux,41.0,54.0,-38.0,25.0,14.0,18.0,20.0,14.0,28.0,19.0,-14.0,23.0,15.0,26.0,31.0,-22.0
dflux,26.0,34.0,36.0,14.0,10.0,10.0,11.0,11.0,12.0,17.0,10.0,9.0,14.0,13.0,17.0,19.0
mag,19.879,19.574,-19.94,20.422,21.027,20.792,20.672,20.995,20.275,20.722,-21.075,20.51,20.958,20.352,20.187,-20.535
dmag,0.632,0.624,0.95,0.575,0.711,0.596,0.558,0.757,0.441,0.92,0.736,0.387,0.955,0.503,0.562,0.838
