atlas-91bg,2023acdv,ATLAS2023acdv,203.188042,-13.047169,0.023,nan,60308.59787999978
++++++++++++++++++++++++++++++++++++++++++++++++++++++++++++++++
mu,-404.0,-404.0
++++++++++++++++++++++++++++++++++++++++++++++++++++++++++++++++
++++++++++++++++++++++++++++++++++++++++++++++++++++++++++++++++
zp,nan,nan,nan,nan,nan,nan,nan,nan,nan,nan,nan,nan,nan,nan,nan,nan,nan,nan,nan,nan,nan,nan,nan,nan,nan,nan,nan,nan,nan,nan,nan,nan,nan,nan,nan,nan,nan,nan,nan,nan,nan,nan,nan,nan,nan,nan,nan
filter,o,o,o,o,o,o,o,o,o,o,o,o,o,o,o,o,o,o,o,c,c,c,c,o,o,o,o,c,c,c,o,o,o,c,c,c,c,c,c,c,c,o,o,c,c,c,c
mjd,60684.61251,60684.615709,60684.621179,60684.632556,60689.09939,60689.10391,60689.112059,60690.563011,60690.56625,60690.572315,60690.671923,60693.08244,60693.084714,60693.329491,60693.340125,60694.57987,60698.615405,60699.25406,60699.292395,60700.56756,60700.573696,60700.578826,60700.581377,60701.06734,60701.070496,60701.076837,60701.090261,60703.324002,60704.561171,60704.563001,60705.070197,60705.073366,60705.086991,60705.313665,60705.316434,60705.323928,60705.347922,60708.603025,60708.604835,60708.608002,60708.61393,60709.032336,60709.050255,60711.316185,60711.346152,60712.593936,60712.608177
flux,39.0,-46.0,-122.0,67.0,-23.0,56.0,-32.0,-22.0,-26.0,27.0,-51.0,-37.0,-76.0,-34.0,-45.0,-25.0,329.0,-15.0,31.0,-48.0,-25.0,26.0,-18.0,-34.0,-30.0,-24.0,-36.0,-13.0,39.0,29.0,14.0,-26.0,-23.0,-32.0,26.0,-50.0,-29.0,-15.0,-32.0,14.0,-15.0,-23.0,-12.0,18.0,18.0,13.0,-12.0
dflux,28.0,19.0,39.0,40.0,21.0,25.0,29.0,19.0,24.0,24.0,38.0,29.0,25.0,26.0,29.0,21.0,289.0,14.0,14.0,11.0,13.0,13.0,12.0,13.0,14.0,14.0,13.0,11.0,26.0,26.0,13.0,10.0,9.0,16.0,13.0,22.0,11.0,10.0,10.0,10.0,12.0,11.0,11.0,12.0,13.0,9.0,8.0
mag,19.934,-19.731,-18.688,19.336,-20.514,19.534,-20.134,-20.524,-20.38,20.32,-19.627,-19.978,-19.202,-20.085,-19.766,-20.398,17.607,-20.992,20.163,-19.706,-20.394,20.377,-20.733,-20.073,-20.225,-20.467,-20.003,-21.137,19.921,20.26,21.049,-20.34,-20.479,-20.149,20.357,-19.643,-20.236,-20.956,-20.153,21.016,-20.964,-20.484,-21.158,20.751,20.735,21.139,-21.183
dmag,0.719,0.403,0.322,0.592,0.922,0.445,0.91,0.858,0.921,0.87,0.744,0.776,0.33,0.774,0.64,0.828,0.877,0.983,0.465,0.226,0.512,0.504,0.653,0.395,0.456,0.607,0.347,0.885,0.675,0.914,0.931,0.39,0.379,0.52,0.503,0.44,0.386,0.64,0.312,0.716,0.788,0.462,0.873,0.652,0.681,0.674,0.675
