MJD,m,dm,uJy,duJy,F,err,chi/N,RA,Dec,x,y,maj,min,phi,apfit,mag5sig,Sky,Obs
60658.333138,18.97,0.286,94,27,o,0,1.01,29.18129,-9.17977,6948.59,266.11,2.58,2.52,-41.2,-0.429,18.65,18.99,01a60658o0310o
60658.336356,19.255,0.319,72,23,o,0,1.09,29.18129,-9.17977,6968.38,304.94,2.49,2.46,-29.7,-0.425,18.64,18.97,01a60658o0317o
60658.336812,20.006,0.69,36,25,o,0,1.34,29.18129,-9.17977,7024.3,10476.24,2.87,2.6,-48.3,-0.372,18.63,18.95,01a60658o0318o
60658.340009,19.247,0.331,73,24,o,0,0.97,29.18129,-9.17977,7043.9,10515.19,2.89,2.54,-50.4,-0.37,18.63,18.94,01a60658o0325o
60658.342767,19.176,0.324,78,25,o,0,1.0,29.18129,-9.17977,6906.53,225.92,2.39,2.34,-38.5,-0.471,18.69,18.95,01a60658o0331o
60658.345982,18.975,0.243,93,23,o,0,1.66,29.18129,-9.17977,6981.4,10436.64,2.8,2.4,-50.0,-0.393,18.69,18.91,01a60658o0338o
60658.359598,19.286,0.351,70,25,o,0,1.02,29.18129,-9.17977,6885.01,342.88,2.52,2.5,-62.6,-0.434,18.61,18.91,01a60658o0367o
60659.126824,18.449,0.276,152,42,o,0,1.28,29.18129,-9.17977,7016.71,10459.85,2.12,1.83,-14.9,-0.441,18.3,18.49,04a60659o0225o
60659.127275,19.957,0.943,38,36,o,0,1.6,29.18129,-9.17977,6975.47,261.77,2.23,2.05,-57.2,-0.497,18.34,18.58,04a60659o0226o
60659.130437,19.616,0.741,52,38,o,0,0.91,29.18129,-9.17977,6995.39,301.63,2.49,2.06,-35.3,-0.405,18.37,18.68,04a60659o0233o
60659.132243,18.559,0.346,137,47,o,0,1.59,29.18129,-9.17977,7036.53,10499.32,2.02,1.73,-24.0,-0.475,18.32,18.5,04a60659o0237o
60659.152158,20.555,1.691,22,37,o,0,1.07,29.18129,-9.17977,6933.66,224.2,2.38,2.12,-34.4,-0.396,18.28,18.44,04a60659o0281o
60659.15351,19.195,0.487,76,37,o,0,1.32,29.18129,-9.17977,6976.46,10422.68,2.04,1.8,-29.0,-0.443,18.24,18.38,04a60659o0284o
60659.162195,18.933,0.374,97,36,o,0,1.23,29.18129,-9.17977,6916.55,343.88,2.4,2.16,-32.8,-0.396,18.23,18.42,04a60659o0303o
60660.364179,20.726,2.523,19,47,o,0,1.03,29.18129,-9.17977,9839.76,10497.06,2.99,2.12,-54.9,-0.407,18.56,19.13,02a60660o0382o
60660.365122,19.403,0.453,63,28,o,0,1.76,29.18129,-9.17977,9886.35,251.77,2.79,1.69,-57.3,-0.548,18.6,19.17,02a60660o0384o
60660.367393,19.707,0.778,48,37,o,0,0.91,29.18129,-9.17977,9824.56,10457.9,2.97,2.27,-54.7,-0.437,18.51,19.13,02a60660o0389o
60660.3683,19.58,0.577,54,31,o,0,1.01,29.18129,-9.17977,9868.91,213.44,2.94,1.92,-57.6,-0.468,18.54,19.15,02a60660o0391o
60660.374244,20.524,1.453,22,32,o,0,1.13,29.18129,-9.17977,9930.65,290.79,2.84,1.77,-57.2,-0.517,18.57,19.13,02a60660o0404o
60660.383829,19.177,0.349,78,27,o,0,1.21,29.18129,-9.17977,9915.6,10421.52,2.89,2.02,-52.4,-0.426,18.6,19.06,02a60660o0425o
60660.38428,19.365,0.425,65,28,o,0,1.42,29.18129,-9.17977,9960.35,175.14,2.65,1.56,-56.4,-0.442,18.62,19.09,02a60660o0426o
60660.856131,18.866,0.317,103,33,o,0,1.08,29.18129,-9.17977,581.71,10164.73,2.88,2.49,-45.0,-0.377,18.79,19.55,03a60661o0192o
60660.859293,18.659,0.251,125,31,o,0,0.89,29.18129,-9.17977,601.82,10204.28,2.87,2.46,-42.3,-0.436,18.74,19.53,03a60661o0199o
60660.863817,19.84,0.559,42,24,o,0,0.98,29.18129,-9.17977,792.26,33.46,2.52,2.16,-61.1,-0.442,18.8,19.57,03a60661o0209o
60660.866975,19.971,1.007,37,38,o,0,0.86,29.18129,-9.17977,549.43,10125.74,2.96,2.54,-46.0,-0.408,18.73,19.48,03a60661o0216o
60660.879715,20.589,1.93,21,41,o,0,1.02,29.18129,-9.17977,527.03,10242.23,2.95,2.54,-43.9,-0.471,18.72,19.4,03a60661o0244o
60663.095909,19.008,0.157,90,14,o,0,1.29,29.18129,-9.17977,6695.41,4627.27,2.27,1.88,-17.7,-0.472,19.24,20.58,04a60663o0153o
60663.099081,18.996,0.14,92,13,o,0,1.93,29.18129,-9.17977,6712.53,4666.12,2.22,1.84,-20.3,-0.459,19.26,20.54,04a60663o0160o
60663.106905,18.779,0.128,112,14,o,0,1.21,29.18129,-9.17977,6654.72,4588.9,2.15,1.78,-23.8,-0.465,19.23,20.49,04a60663o0177o
60663.130201,18.822,0.146,107,16,o,0,1.28,29.18129,-9.17977,6634.31,4706.99,2.14,1.83,-26.1,-0.469,19.09,20.1,04a60663o0228o
60664.346717,19.172,0.177,78,14,o,0,1.49,29.18129,-9.17977,7526.27,1850.85,2.16,1.93,-60.4,-0.435,19.37,20.43,02a60664o0341o
60664.349553,19.474,0.228,59,14,o,0,0.8,29.18129,-9.17977,7506.46,1812.06,2.17,1.96,-59.3,-0.443,19.28,20.35,02a60664o0347o
60664.358779,18.982,0.137,93,13,o,0,1.98,29.18129,-9.17977,7566.28,1890.75,2.21,1.93,-60.1,-0.437,19.23,20.18,02a60664o0367o
60664.368857,18.626,0.125,129,16,o,0,1.29,29.18129,-9.17977,7585.26,1773.78,2.21,1.92,-59.6,-0.442,19.18,20.05,02a60664o0389o
60664.844982,19.181,0.161,77,12,c,0,1.07,29.18129,-9.17977,2960.08,8638.11,3.05,2.77,-43.4,-0.369,19.34,21.42,03a60665o0163c
60664.848233,20.502,0.42,23,10,c,0,1.64,29.18129,-9.17977,2978.93,8677.56,2.8,2.55,-44.8,-0.382,19.47,21.42,03a60665o0170c
60664.857071,20.227,0.347,30,10,c,0,1.29,29.18129,-9.17977,2922.55,8599.52,2.76,2.48,-44.9,-0.374,19.5,21.4,03a60665o0189c
60664.871141,19.816,0.31,43,13,c,0,1.14,29.18129,-9.17977,2903.96,8713.51,3.01,2.66,-44.8,-0.373,19.43,21.44,03a60665o0219c
60666.309727,19.17,0.158,78,12,o,0,1.11,29.18129,-9.17977,2816.42,4852.63,2.5,2.15,44.3,-0.435,19.54,20.65,01a60666o0190o
60666.321307,18.914,0.114,99,11,o,0,1.62,29.18129,-9.17977,2833.52,4890.12,2.79,2.49,47.2,-0.403,19.38,20.62,01a60666o0215o
60666.324509,19.21,0.166,75,12,o,0,1.19,29.18129,-9.17977,2772.61,4812.21,2.75,2.46,43.8,-0.409,19.4,20.62,01a60666o0222o
60666.335314,19.075,0.159,85,14,o,0,1.32,29.18129,-9.17977,2748.68,4926.28,2.89,2.67,52.9,-0.403,19.28,20.57,01a60666o0245o
60667.058477,19.071,0.135,85,12,o,0,1.91,29.18129,-9.17977,2818.56,4815.17,1.94,1.83,-78.7,-0.416,19.25,20.5,04a60667o0068o
60667.070355,19.355,0.189,66,12,o,0,1.37,29.18129,-9.17977,2840.66,4854.2,1.97,1.84,-82.3,-0.412,19.22,20.54,04a60667o0094o
60667.073988,19.479,0.2,59,12,o,0,1.25,29.18129,-9.17977,2779.74,4776.75,2.0,1.87,-85.3,-0.423,19.25,20.54,04a60667o0102o
60667.079515,19.368,0.216,65,14,o,0,1.37,29.18129,-9.17977,2759.03,4893.53,2.1,1.94,-81.8,-0.404,19.19,20.55,04a60667o0114o
60668.305823,19.535,0.212,56,12,o,0,2.29,29.18129,-9.17977,1724.85,2107.59,2.16,2.14,39.3,-0.438,19.26,20.4,02a60668o0249o
60668.309,18.8,0.12,110,13,o,0,1.19,29.18129,-9.17977,1704.84,2068.99,2.17,2.14,-78.6,-0.441,19.29,20.4,02a60668o0256o
60668.314455,19.22,0.164,74,12,o,0,1.67,29.18129,-9.17977,1762.99,2150.65,2.16,2.12,-67.2,-0.441,19.33,20.41,02a60668o0268o
60668.327634,19.088,0.134,84,11,o,0,1.43,29.18129,-9.17977,1782.13,2032.66,2.28,2.27,80.9,-0.427,19.27,20.36,02a60668o0297o
60668.791546,19.695,0.275,48,13,c,0,1.12,29.18129,-9.17977,8734.45,8505.93,2.69,2.22,-59.7,-0.392,19.35,20.73,03a60669o0043c
60668.795163,19.768,0.254,45,11,c,0,1.39,29.18129,-9.17977,8754.97,8545.62,2.65,2.2,-60.0,-0.399,19.5,21.08,03a60669o0051c
60668.800611,19.689,0.189,48,9,c,0,1.65,29.18129,-9.17977,8700.94,8465.96,2.68,2.22,-59.5,-0.402,19.58,21.36,03a60669o0063c
60668.815104,19.726,0.188,47,9,c,0,1.92,29.18129,-9.17977,8680.95,8581.61,2.7,2.28,-57.9,-0.396,19.59,21.51,03a60669o0095c
60671.055467,19.365,0.22,65,14,o,0,2.03,29.18129,-9.17977,8536.59,2594.49,2.57,2.07,-22.2,-0.4,19.38,20.85,04a60671o0059o
60671.059124,19.451,0.276,60,17,o,0,0.96,29.18129,-9.17977,8553.98,2633.44,2.6,2.01,-22.9,-0.405,19.37,20.86,04a60671o0067o
60671.071048,19.183,0.238,77,18,o,0,1.02,29.18129,-9.17977,8496.47,2557.39,2.61,2.07,-24.1,-0.398,19.41,20.87,04a60671o0093o
60671.076963,19.139,0.211,80,17,o,0,1.51,29.18129,-9.17977,8475.43,2673.68,2.56,1.99,-22.0,-0.409,19.36,20.88,04a60671o0106o
60672.311503,19.365,0.175,65,11,o,0,1.39,29.18129,-9.17977,3964.78,7844.69,2.28,1.95,42.9,-0.429,19.38,20.58,02a60672o0256o
60672.31513,19.49,0.172,58,10,o,0,1.71,29.18129,-9.17977,3947.63,7806.16,2.25,1.96,45.9,-0.429,19.43,20.58,02a60672o0264o
60672.320589,19.483,0.23,58,14,o,0,0.93,29.18129,-9.17977,4003.85,7884.42,2.26,1.95,43.2,-0.428,19.41,20.55,02a60672o0276o
60672.331747,19.664,0.26,50,13,o,0,0.99,29.18129,-9.17977,4024.61,7768.99,2.27,1.96,44.4,-0.43,19.39,20.51,02a60672o0300o
60672.820207,20.115,0.323,33,10,c,0,1.7,29.18129,-9.17977,6637.93,2741.76,2.78,2.53,-48.6,-0.383,19.42,21.48,03a60673o0090c
60672.830172,20.754,0.619,18,11,c,0,0.86,29.18129,-9.17977,6657.83,2781.2,2.64,2.41,-32.2,-0.393,19.47,21.46,03a60673o0112c
60672.836052,20.144,0.272,32,9,c,0,1.4,29.18129,-9.17977,6604.52,2701.91,2.5,2.21,-61.1,-0.399,19.55,21.46,03a60673o0125c
60672.838899,20.193,0.311,30,9,c,0,1.38,29.18129,-9.17977,6581.28,2817.23,2.57,2.25,-60.1,-0.399,19.49,21.43,03a60673o0131c
60674.27518,19.536,0.209,56,12,o,0,1.14,29.18129,-9.17977,4752.99,4750.53,2.74,2.49,41.1,-0.407,19.45,20.81,01a60674o0176o
60674.278381,19.552,0.218,55,12,o,0,1.03,29.18129,-9.17977,4769.88,4788.73,2.66,2.4,42.3,-0.419,19.49,20.79,01a60674o0183o
60674.283681,19.366,0.189,65,12,o,0,0.77,29.18129,-9.17977,4711.8,4710.2,2.74,2.45,42.8,-0.413,19.48,20.83,01a60674o0194o
60674.296067,20.083,0.285,34,10,o,0,1.29,29.18129,-9.17977,4687.86,4824.65,2.6,2.38,44.6,-0.422,19.5,20.76,01a60674o0221o
60675.042083,19.506,0.265,57,15,o,0,1.15,29.18129,-9.17977,4757.12,4716.04,2.02,1.87,-39.3,-0.436,19.04,20.17,04a60675o0028o
60675.045717,19.139,0.156,80,12,o,0,1.71,29.18129,-9.17977,4774.99,4755.37,2.01,1.85,-34.0,-0.441,19.17,20.44,04a60675o0036o
60675.051188,19.016,0.132,90,12,o,0,1.39,29.18129,-9.17977,4717.69,4678.24,1.98,1.84,-45.6,-0.435,19.25,20.62,04a60675o0048o
60675.062124,19.522,0.234,56,13,o,0,0.84,29.18129,-9.17977,4696.86,4794.35,2.04,1.89,-42.1,-0.425,19.26,20.67,04a60675o0072o
60678.258078,21.002,0.791,14,11,o,0,1.06,29.18129,-9.17977,6800.49,6584.79,2.54,2.51,63.2,-0.395,19.45,20.58,01a60678o0136o
60678.263573,19.784,0.28,44,12,o,0,1.18,29.18129,-9.17977,6819.93,6623.47,2.73,2.67,55.0,-0.374,19.41,20.61,01a60678o0148o
60678.267259,19.429,0.187,61,12,o,0,1.24,29.18129,-9.17977,6759.01,6545.5,2.86,2.85,9.4,-0.363,19.32,20.62,01a60678o0156o
60678.278049,19.738,0.245,46,11,o,0,1.18,29.18129,-9.17977,6739.37,6659.63,2.71,2.63,52.5,-0.377,19.41,20.61,01a60678o0179o
60679.042418,19.357,0.315,66,21,o,0,0.89,29.18129,-9.17977,6795.85,6554.83,2.16,1.86,-20.6,-0.42,19.01,20.08,04a60679o0028o
60679.046037,23.584,11.0,1,15,o,0,1.46,29.18129,-9.17977,6816.13,6594.08,2.16,1.87,-22.5,-0.416,19.16,20.36,04a60679o0036o
60679.051953,19.467,0.228,59,14,o,0,1.69,29.18129,-9.17977,6756.32,6517.02,2.2,1.89,-30.7,-0.424,19.21,20.51,04a60679o0049o
60679.06251,21.061,0.874,14,12,o,0,1.85,29.18129,-9.17977,6739.76,6633.46,2.13,1.83,-22.4,-0.431,19.26,20.62,04a60679o0072o
60680.27534,19.338,0.188,67,12,o,0,1.39,29.18129,-9.17977,3668.75,2033.75,2.07,2.0,-69.9,-0.438,19.32,20.35,02a60680o0170o
60680.278522,19.723,0.255,47,12,o,0,1.34,29.18129,-9.17977,3651.73,1994.64,2.06,2.01,-67.1,-0.439,19.35,20.35,02a60680o0177o
60680.285309,19.341,0.273,67,18,o,0,1.2,29.18129,-9.17977,3709.71,2074.13,2.02,2.01,55.5,-0.434,18.8,19.68,02a60680o0192o
60680.300039,20.233,0.404,29,12,o,0,1.4,29.18129,-9.17977,3729.61,1960.24,2.03,1.99,-89.2,-0.44,19.28,20.22,02a60680o0224o
60682.225562,20.262,0.602,28,17,o,0,1.2,29.18129,-9.17977,4987.57,8623.73,2.51,2.31,53.9,-0.406,19.01,19.51,01a60682o0061o
60682.240746,20.214,0.671,30,20,o,0,0.94,29.18129,-9.17977,5007.96,8659.65,2.49,2.26,52.0,-0.41,19.02,19.56,01a60682o0094o
60682.249565,20.146,0.509,32,16,o,0,1.29,29.18129,-9.17977,4949.53,8580.74,2.5,2.28,49.2,-0.408,19.02,19.56,01a60682o0113o
60682.254156,20.286,0.531,28,15,o,0,1.47,29.18129,-9.17977,4929.04,8697.7,2.43,2.26,47.4,-0.415,19.06,19.56,01a60682o0123o
60683.036141,19.542,0.658,55,36,o,0,1.32,29.18129,-9.17977,4975.15,8583.41,1.96,1.76,-47.2,-0.437,18.2,18.24,04a60683o0014o
60683.039364,21.744,4.105,7,30,o,0,1.31,29.18129,-9.17977,4992.69,8623.16,2.05,1.83,-53.0,-0.403,18.35,18.55,04a60683o0021o
60683.064157,-21.185,2.765,-12,34,o,0,1.06,29.18129,-9.17977,4933.71,8548.73,2.04,1.79,-49.3,-0.405,18.45,18.91,04a60683o0075o
60683.082578,19.809,0.78,43,34,o,0,0.97,29.18129,-9.17977,4915.22,8667.64,2.01,1.77,-51.1,-0.406,18.6,19.07,04a60683o0115o
60684.277331,21.013,1.448,14,21,o,0,1.7,29.18129,-9.17977,1922.51,5993.3,2.08,1.82,49.5,-0.45,18.86,19.31,02a60684o0165o
60684.280506,20.295,0.663,28,18,o,0,1.2,29.18129,-9.17977,1905.68,5954.14,2.19,1.82,41.5,-0.444,18.85,19.23,02a60684o0172o
60684.290511,19.802,0.51,44,22,o,0,0.98,29.18129,-9.17977,1964.52,6033.77,2.17,1.83,38.5,-0.442,18.85,19.19,02a60684o0194o
60684.301664,19.52,0.462,56,26,o,0,0.81,29.18129,-9.17977,1982.27,5915.74,2.14,1.83,41.3,-0.451,18.78,19.17,02a60684o0218o
60684.787346,20.678,1.754,19,34,o,0,0.89,29.18129,-9.17977,8633.7,4633.85,2.63,2.23,-60.2,-0.381,18.31,18.65,03a60685o0017o
60684.790505,18.927,0.332,98,32,o,0,1.09,29.18129,-9.17977,8650.89,4672.78,2.64,2.26,-57.2,-0.402,18.4,18.89,03a60685o0024o
60684.796858,19.911,0.667,39,26,o,0,1.28,29.18129,-9.17977,8595.95,4593.47,2.8,2.39,-68.1,-0.378,18.52,19.31,03a60685o0038o
60684.818594,19.866,0.633,41,26,o,0,1.06,29.18129,-9.17977,8575.77,4708.24,2.77,2.42,-61.2,-0.383,18.52,19.28,03a60685o0086o
