MJD,m,dm,uJy,duJy,F,err,chi/N,RA,Dec,x,y,maj,min,phi,apfit,mag5sig,Sky,Obs
60658.96159,22.785,8.783,3,24,o,0,1.33,84.20571,-27.00894,6820.27,4354.5,2.08,1.88,-57.4,-0.489,18.65,19.04,03a60659o0418o
60658.96521,19.465,0.495,59,29,o,0,1.08,84.20571,-27.00894,6840.95,4394.46,2.12,1.9,-56.6,-0.478,18.61,19.05,03a60659o0426o
60659.000436,-21.855,4.173,-7,28,o,0,0.83,84.20571,-27.00894,6790.3,4313.66,2.14,1.94,-49.9,-0.47,18.64,19.02,03a60659o0502o
60659.028848,20.319,1.071,27,29,o,0,0.91,84.20571,-27.00894,6773.79,4428.35,2.2,1.94,-54.2,-0.46,18.59,18.96,03a60659o0563o
60661.221504,-18.135,1.512,-202,306,o,0,0.85,84.20571,-27.00894,688.89,4131.22,2.21,1.97,73.3,-0.406,16.19,15.97,04a60661o0416o
60661.225144,19.143,0.983,80,79,o,0,1.0,84.20571,-27.00894,710.1,4169.74,2.13,1.95,59.9,-0.386,17.63,17.68,04a60661o0424o
60661.230332,-19.213,1.609,-75,121,o,0,0.86,84.20571,-27.00894,648.72,4092.62,2.12,2.02,65.5,-0.401,16.85,16.6,04a60661o0435o
60661.263587,21.175,4.616,12,57,o,0,0.87,84.20571,-27.00894,633.24,4210.41,2.15,1.95,67.2,-0.396,18.06,18.64,04a60661o0506o
60662.18306,21.352,2.211,10,23,o,0,1.26,84.20571,-27.00894,8831.48,8687.44,2.33,1.92,-4.4,-0.395,18.89,19.64,04a60662o0336o
60662.215345,19.496,0.376,58,22,o,0,1.66,84.20571,-27.00894,8852.61,8729.2,2.23,1.85,-5.2,-0.402,18.88,19.6,04a60662o0404o
60662.218538,22.766,8.043,3,23,o,0,1.01,84.20571,-27.00894,8792.84,8649.01,2.14,1.85,-7.1,-0.402,18.87,19.61,04a60662o0411o
60662.246766,23.064,10.846,2,23,o,0,1.07,84.20571,-27.00894,8777.29,8768.86,2.4,1.99,-1.8,-0.397,18.72,20.44,04a60662o0470o
60662.930403,19.543,0.357,55,20,o,0,1.36,84.20571,-27.00894,8711.4,8782.27,2.8,2.24,-51.0,-0.385,18.95,19.93,03a60663o0347o
60662.964766,21.795,3.577,7,25,o,0,1.07,84.20571,-27.00894,8737.54,8823.62,3.27,2.87,-49.9,-0.377,18.68,19.87,03a60663o0420o
60662.968562,20.962,1.696,15,25,o,0,1.07,84.20571,-27.00894,8685.92,8743.48,3.33,2.86,-15.4,-0.359,18.69,19.85,03a60663o0428o
60662.974048,-20.212,0.864,-30,26,o,0,0.88,84.20571,-27.00894,8665.99,8859.06,3.2,2.73,-47.1,-0.391,18.69,19.85,03a60663o0440o
60663.874929,-24.093,16.0,-1,13,o,0,1.23,84.20571,-27.00894,7735.74,8035.2,2.61,2.19,-51.3,-0.411,19.38,20.79,03a60664o0225o
60663.87733,19.674,0.327,49,16,o,0,0.86,84.20571,-27.00894,7716.78,7996.71,2.69,2.27,-49.1,-0.405,19.31,20.76,03a60664o0230o
60663.880946,20.606,0.661,21,14,o,0,0.88,84.20571,-27.00894,7775.34,8075.75,2.58,2.17,-54.2,-0.41,19.32,20.69,03a60664o0238o
60663.916297,19.815,0.4,43,17,o,0,0.72,84.20571,-27.00894,7807.87,7963.07,2.44,2.05,-51.0,-0.415,19.25,20.39,03a60664o0313o
60665.187418,20.252,0.538,29,16,o,0,0.88,84.20571,-27.00894,2770.03,2554.43,2.01,1.86,35.5,-0.429,19.26,20.44,04a60665o0341o
60665.219477,20.009,0.417,36,15,o,0,1.16,84.20571,-27.00894,2795.21,2593.16,1.93,1.8,56.9,-0.437,19.22,20.38,04a60665o0408o
60665.222647,21.446,1.575,10,15,o,0,0.97,84.20571,-27.00894,2734.59,2514.97,1.88,1.86,81.6,-0.423,19.21,20.35,04a60665o0415o
60665.228171,21.468,1.218,9,11,o,0,2.25,84.20571,-27.00894,2715.15,2631.81,1.96,1.95,-5.4,-0.429,19.19,20.35,04a60665o0427o
60666.179318,21.162,1.273,12,16,o,0,0.73,84.20571,-27.00894,5005.66,8834.41,2.0,1.68,-63.0,-0.428,19.53,21.08,04a60666o0324o
60666.182202,21.085,1.102,13,15,o,0,0.89,84.20571,-27.00894,5025.04,8874.81,1.91,1.68,-50.0,-0.451,19.51,21.02,04a60666o0330o
60666.187461,19.939,0.35,38,13,o,0,1.84,84.20571,-27.00894,4968.86,8796.91,2.04,1.71,-57.8,-0.438,19.47,21.0,04a60666o0340o
60666.218862,20.782,0.854,18,15,o,0,1.26,84.20571,-27.00894,4949.25,8913.76,1.91,1.66,-53.3,-0.473,19.44,20.79,04a60666o0406o
60669.172789,19.968,0.517,37,19,o,0,1.09,84.20571,-27.00894,8667.39,2283.58,2.41,1.96,-27.5,-0.409,19.48,21.06,04a60669o0307o
60669.176703,20.504,0.897,23,20,o,0,0.86,84.20571,-27.00894,8687.69,2322.99,2.42,2.03,-22.0,-0.407,19.48,20.97,04a60669o0315o
60669.182655,20.191,0.582,30,18,o,0,1.02,84.20571,-27.00894,8628.68,2244.15,2.32,1.83,-29.4,-0.436,19.45,20.98,04a60669o0328o
60669.218366,20.294,0.561,28,16,o,0,1.04,84.20571,-27.00894,8610.21,2363.02,2.34,1.94,-32.2,-0.42,19.5,21.03,04a60669o0402o
60670.175891,20.329,0.46,27,12,o,0,1.07,84.20571,-27.00894,753.89,6647.56,2.26,1.92,-89.7,-0.396,19.51,21.18,04a60670o0313o
60670.178688,21.306,1.304,11,14,o,0,0.87,84.20571,-27.00894,775.81,6685.05,2.22,1.93,-79.7,-0.414,19.53,21.17,04a60670o0319o
60670.184739,19.618,0.261,52,14,o,0,0.83,84.20571,-27.00894,714.29,6610.21,2.17,1.91,-77.6,-0.406,19.55,21.15,04a60670o0332o
60670.216944,20.785,0.793,18,14,o,0,0.59,84.20571,-27.00894,698.95,6726.54,2.14,1.83,-79.2,-0.413,19.52,21.14,04a60670o0399o
60670.913675,19.306,0.592,69,41,c,0,0.88,84.20571,-27.00894,10525.04,6798.57,2.7,2.32,-61.0,-0.363,17.78,19.76,03a60671o0293c
60670.917813,19.756,0.51,46,23,c,0,1.17,84.20571,-27.00894,700.47,6546.69,2.44,2.17,-53.0,-0.407,18.9,20.94,03a60671o0302c
60670.946846,20.983,0.773,15,11,c,0,0.71,84.20571,-27.00894,10509.8,6915.5,2.69,2.22,-59.8,-0.37,19.69,21.88,03a60671o0364c
60670.949555,20.23,0.387,29,11,c,0,0.85,84.20571,-27.00894,730.25,6583.92,2.49,2.28,-46.9,-0.406,19.7,21.9,03a60671o0370c
60670.952777,20.599,0.534,21,11,c,0,0.81,84.20571,-27.00894,673.75,6506.45,2.48,2.23,-52.6,-0.41,19.71,21.86,03a60671o0377c
60670.95831,20.174,0.263,31,8,c,0,1.56,84.20571,-27.00894,653.94,6622.47,2.42,2.19,-49.1,-0.407,19.71,21.86,03a60671o0389c
60673.160296,21.624,2.577,8,21,o,0,1.21,84.20571,-27.00894,8697.89,6740.8,2.18,1.79,-13.1,-0.44,19.49,21.01,04a60673o0282o
60673.171614,19.499,0.324,58,19,o,0,1.23,84.20571,-27.00894,8718.51,6780.82,2.22,1.77,-10.9,-0.446,19.52,21.02,04a60673o0306o
60673.174804,19.89,0.469,40,19,o,0,1.4,84.20571,-27.00894,8660.98,6702.64,2.24,1.8,-10.5,-0.43,19.5,21.01,04a60673o0313o
60673.181632,20.977,1.261,15,19,o,0,0.91,84.20571,-27.00894,8640.21,6818.49,2.26,1.78,-12.6,-0.437,19.5,21.04,04a60673o0328o
60674.158302,20.423,0.604,25,15,o,0,0.77,84.20571,-27.00894,6915.9,8749.01,1.93,1.75,-23.0,-0.448,19.49,20.97,04a60674o0276o
60674.161957,21.13,1.272,13,16,o,0,0.94,84.20571,-27.00894,6934.09,8788.89,1.95,1.79,-20.2,-0.435,19.47,20.99,04a60674o0284o
60674.167987,20.341,0.765,26,20,o,0,0.55,84.20571,-27.00894,6878.16,8710.04,1.99,1.79,-30.3,-0.457,19.48,20.98,04a60674o0297o
60674.179965,23.777,12.7,1,14,o,0,1.75,84.20571,-27.00894,6859.28,8826.85,1.98,1.75,-26.2,-0.426,19.52,21.09,04a60674o0322o
60675.075703,20.365,0.584,26,15,c,0,1.22,84.20571,-27.00894,6820.55,8794.5,3.55,2.87,-24.1,-0.363,19.13,21.15,03a60675o0125c
60675.079806,19.688,0.303,48,15,c,0,1.02,84.20571,-27.00894,6837.76,8834.65,3.07,2.55,-33.2,-0.388,19.29,21.13,03a60675o0134c
60675.093424,21.779,2.423,7,17,c,0,1.26,84.20571,-27.00894,6781.28,8753.87,3.31,2.74,-23.1,-0.367,18.91,20.53,03a60675o0163c
60675.102639,-19.87,0.924,-41,38,c,0,1.2,84.20571,-27.00894,6759.72,8868.96,3.48,2.98,-30.5,-0.351,18.07,18.96,03a60675o0183c
60675.849536,21.487,1.111,9,10,c,0,0.82,84.20571,-27.00894,5677.04,6158.53,2.5,2.19,-56.8,-0.377,19.58,21.38,03a60676o0152c
60675.851343,20.067,0.305,34,10,c,0,0.86,84.20571,-27.00894,5660.77,6120.0,2.49,2.2,-51.7,-0.373,19.58,21.38,03a60676o0156c
60675.854502,21.227,0.866,12,10,c,0,1.34,84.20571,-27.00894,5719.8,6199.0,2.44,2.2,-55.0,-0.376,19.59,21.37,03a60676o0163c
60675.860464,20.204,0.385,30,12,c,0,0.79,84.20571,-27.00894,5743.64,6083.59,2.46,2.22,-58.9,-0.373,19.57,21.35,03a60676o0176c
60677.176402,20.419,0.607,25,15,o,0,1.55,84.20571,-27.00894,4884.76,4384.93,1.95,1.89,-30.3,-0.469,19.34,20.64,04a60677o0312o
60677.179591,20.769,0.64,18,11,o,0,1.57,84.20571,-27.00894,4901.44,4424.08,1.87,1.8,-41.6,-0.47,19.37,20.63,04a60677o0319o
60677.205722,20.62,0.486,20,10,o,0,1.78,84.20571,-27.00894,4844.06,4347.72,1.87,1.81,-53.3,-0.474,19.36,20.67,04a60677o0373o
60677.234496,20.73,0.923,18,17,o,0,0.79,84.20571,-27.00894,4827.82,4466.98,1.98,1.83,-44.8,-0.474,19.28,20.51,04a60677o0435o
60678.171373,22.477,3.067,4,11,o,0,1.34,84.20571,-27.00894,4264.78,400.43,1.98,1.88,28.5,-0.439,19.37,20.81,04a60678o0305o
60678.174689,21.524,1.291,9,12,o,0,0.95,84.20571,-27.00894,4286.41,440.42,1.85,1.83,54.3,-0.436,19.41,20.85,04a60678o0312o
60678.182149,20.242,0.441,29,13,o,0,1.12,84.20571,-27.00894,4227.02,363.21,2.1,1.89,40.1,-0.425,19.42,20.86,04a60678o0328o
60678.217349,20.319,0.498,27,14,o,0,0.84,84.20571,-27.00894,4211.35,483.74,2.06,1.87,34.4,-0.439,19.38,20.9,04a60678o0403o
60678.916655,21.426,0.985,10,10,c,0,1.25,84.20571,-27.00894,4369.8,403.92,2.47,2.26,-57.8,-0.373,19.63,21.58,03a60679o0296c
60678.919444,20.657,0.489,20,10,c,0,0.86,84.20571,-27.00894,4391.51,444.13,2.44,2.3,-47.7,-0.374,19.62,21.55,03a60679o0302c
60678.937625,21.759,1.488,7,11,c,0,0.86,84.20571,-27.00894,4338.79,364.28,2.59,2.4,-55.7,-0.368,19.6,21.58,03a60679o0340c
60678.938076,20.233,0.342,29,10,c,0,1.65,84.20571,-27.00894,1185.79,10500.06,2.87,2.49,-48.9,-0.397,19.58,21.56,03a60679o0341c
60678.9431,20.856,0.533,16,9,c,0,1.59,84.20571,-27.00894,4316.71,481.47,2.66,2.5,-47.8,-0.364,19.57,21.6,03a60679o0352c
60679.887101,21.166,0.707,12,9,c,0,1.25,84.20571,-27.00894,6739.81,2419.08,2.47,2.18,-58.6,-0.412,19.59,21.43,03a60680o0214c
60679.922623,-22.049,1.8,-6,10,c,0,1.01,84.20571,-27.00894,6766.61,2455.28,2.51,2.23,-59.2,-0.41,19.59,21.48,03a60680o0289c
60679.925781,21.385,1.061,10,11,c,0,0.67,84.20571,-27.00894,6711.76,2377.0,2.5,2.18,-58.9,-0.412,19.61,21.47,03a60680o0296c
60679.933017,20.983,0.756,15,11,c,0,1.15,84.20571,-27.00894,6692.94,2493.71,2.55,2.3,-61.9,-0.401,19.55,21.46,03a60680o0312c
60681.170026,21.162,1.126,12,14,o,0,0.93,84.20571,-27.00894,6701.56,2361.15,2.07,1.8,-31.3,-0.443,19.4,21.02,04a60681o0242o
60681.173408,21.258,1.363,11,16,o,0,0.88,84.20571,-27.00894,6720.12,2399.77,2.05,1.8,-36.5,-0.467,19.38,20.85,04a60681o0249o
60681.179187,20.658,0.88,20,17,o,0,0.91,84.20571,-27.00894,6661.56,2322.63,2.04,1.86,-32.1,-0.453,19.42,20.81,04a60681o0261o
60681.1898,20.703,0.697,19,13,o,0,0.97,84.20571,-27.00894,6641.02,2437.8,2.14,1.9,-24.5,-0.446,19.36,20.75,04a60681o0283o
60682.15626,21.742,1.937,7,14,o,0,0.77,84.20571,-27.00894,4736.69,2448.5,1.91,1.84,-3.3,-0.478,19.34,20.57,04a60682o0270o
60682.159492,20.82,0.884,17,15,o,0,0.93,84.20571,-27.00894,4757.54,2487.26,1.97,1.93,-32.0,-0.457,19.27,20.59,04a60682o0277o
60682.169797,-24.75,28.75,0,13,o,0,1.24,84.20571,-27.00894,4698.48,2410.76,1.91,1.85,-71.3,-0.461,19.35,20.65,04a60682o0299o
60682.175789,20.5,0.481,23,11,o,0,1.97,84.20571,-27.00894,4675.69,2528.09,1.98,1.88,-13.4,-0.479,19.35,20.7,04a60682o0312o
60682.909155,20.529,0.754,22,17,o,0,0.78,84.20571,-27.00894,4795.43,2457.68,2.48,2.24,-51.1,-0.41,19.19,20.51,03a60683o0281o
60682.912313,20.686,0.59,19,11,o,0,1.55,84.20571,-27.00894,4814.56,2496.59,2.31,2.05,-53.3,-0.421,19.28,20.56,03a60683o0288o
60682.91988,21.55,1.59,9,14,o,0,0.96,84.20571,-27.00894,4757.83,2416.19,2.3,2.11,-41.1,-0.418,19.27,20.58,03a60683o0304o
60682.930439,20.043,0.394,35,14,o,0,1.07,84.20571,-27.00894,4740.33,2533.73,2.47,2.28,-43.6,-0.411,19.24,20.66,03a60683o0327o
60682.941781,21.483,1.354,9,12,o,0,1.16,84.20571,-27.00894,4780.41,2475.21,2.33,2.06,-56.0,-0.425,19.37,20.79,03a60683o0351o
60683.90321,21.028,1.271,14,18,o,0,0.94,84.20571,-27.00894,761.48,8484.86,2.55,2.27,-59.5,-0.397,19.16,20.27,03a60684o0266o
60683.9064,20.256,0.633,29,18,o,0,1.35,84.20571,-27.00894,781.98,8524.44,2.65,2.3,-60.7,-0.391,19.15,20.27,03a60684o0273o
60683.91237,20.616,0.846,21,17,o,0,0.97,84.20571,-27.00894,730.26,8446.49,2.54,2.18,-56.3,-0.403,19.18,20.27,03a60684o0286o
60683.924683,22.975,8.231,2,19,o,0,0.83,84.20571,-27.00894,705.41,8561.86,2.7,2.32,-54.4,-0.404,19.18,20.3,03a60684o0312o
60685.157312,23.577,17.333,1,23,o,0,0.7,84.20571,-27.00894,857.95,8589.43,2.62,1.87,-77.5,-0.383,18.94,19.8,04a60685o0270o
60685.168594,-22.384,4.926,-4,20,o,0,1.01,84.20571,-27.00894,878.04,8628.1,2.54,1.9,-71.9,-0.388,18.91,19.79,04a60685o0293o
60685.171395,20.222,0.588,30,17,o,0,1.05,84.20571,-27.00894,820.93,8550.82,2.55,1.93,-73.8,-0.383,18.93,19.81,04a60685o0299o
60685.176876,20.265,0.824,28,23,o,0,0.93,84.20571,-27.00894,798.27,8668.38,2.52,1.88,-71.2,-0.392,18.95,19.79,04a60685o0311o
60686.154092,-20.147,0.934,-32,30,o,0,1.24,84.20571,-27.00894,8773.51,4225.16,2.38,2.01,-20.7,-0.414,18.7,19.26,04a60686o0268o
60686.157303,20.266,1.218,28,35,o,0,0.87,84.20571,-27.00894,8791.22,4264.42,2.41,1.99,-21.1,-0.41,18.7,19.26,04a60686o0275o
60686.162891,-21.217,2.836,-12,34,o,0,1.05,84.20571,-27.00894,8731.49,4185.46,2.35,1.84,-17.5,-0.441,18.69,19.27,04a60686o0287o
60686.172698,-21.742,3.923,-7,29,o,0,1.66,84.20571,-27.00894,8713.29,4304.37,2.39,1.93,-19.4,-0.427,18.69,19.26,04a60686o0308o
60686.916297,20.095,0.668,33,22,o,0,1.22,84.20571,-27.00894,8776.55,4334.08,2.62,2.16,-55.7,-0.401,18.71,19.44,03a60687o0239o
60686.9195,-21.411,2.404,-10,24,o,0,1.11,84.20571,-27.00894,8792.44,4373.48,2.63,2.25,-56.6,-0.401,18.67,19.41,03a60687o0246o
60686.924986,-22.361,6.542,-4,27,o,0,0.97,84.20571,-27.00894,8739.75,4295.06,2.65,2.23,-57.1,-0.399,18.69,19.43,03a60687o0258o
60686.935011,-20.798,1.404,-17,24,o,0,0.82,84.20571,-27.00894,8720.4,4407.93,2.58,2.13,-58.4,-0.393,18.7,19.42,03a60687o0280o
60687.902196,22.052,6.148,6,34,o,0,1.09,84.20571,-27.00894,381.09,521.38,2.78,2.46,-74.7,-0.411,18.48,19.09,03a60688o0268o
60687.905353,-21.669,7.885,-8,62,o,0,1.36,84.20571,-27.00894,403.0,561.67,2.87,2.62,-76.2,-0.396,17.64,18.02,03a60688o0275o
