MJD,m,dm,uJy,duJy,F,err,chi/N,RA,Dec,x,y,maj,min,phi,apfit,mag5sig,Sky,Obs
60664.073388,-20.72,1.24,-19,23,o,0,0.88,198.14574,-29.96537,1712.8,2167.78,2.29,2.03,-64.5,-0.408,18.82,19.51,03a60664o0644o
60664.077488,-20.131,0.599,-32,19,o,0,1.49,198.14574,-29.96537,1692.69,2127.52,2.32,2.07,-70.1,-0.406,18.77,19.5,03a60664o0653o
60664.086213,20.74,1.264,18,23,o,0,1.15,198.14574,-29.96537,1750.47,2207.86,2.31,2.08,-67.4,-0.408,18.7,19.31,03a60664o0672o
60664.093382,19.518,0.537,57,30,o,0,1.39,198.14574,-29.96537,1772.57,2091.43,2.29,2.06,-61.7,-0.406,18.31,18.61,03a60664o0686o
60665.333332,20.583,0.868,21,18,o,0,2.12,198.14574,-29.96537,1630.43,2255.21,1.99,1.74,49.8,-0.44,18.88,19.63,04a60665o0646o
60665.337508,22.964,7.095,2,17,o,0,1.75,198.14574,-29.96537,1610.06,2215.71,1.96,1.74,57.4,-0.446,18.89,19.65,04a60665o0655o
60665.344156,20.351,0.734,26,19,o,0,1.22,198.14574,-29.96537,1668.91,2294.95,1.91,1.73,50.9,-0.438,18.9,19.64,04a60665o0669o
60665.354619,21.267,2.155,11,24,o,0,1.3,198.14574,-29.96537,1687.88,2177.91,1.9,1.76,50.7,-0.438,18.71,19.27,04a60665o0688o
60666.333069,-22.32,5.355,-4,23,o,0,1.37,198.14574,-29.96537,7257.85,6130.72,2.1,1.9,-53.0,-0.458,18.96,19.89,04a60666o0643o
60666.337234,25.328,63.5,0,17,o,0,2.05,198.14574,-29.96537,7237.97,6092.84,2.06,1.86,-44.8,-0.459,19.0,19.87,04a60666o0652o
60666.344694,20.614,1.05,21,22,o,0,2.47,198.14574,-29.96537,7295.89,6169.48,2.18,1.91,-67.7,-0.483,18.74,19.51,04a60666o0668o
60666.355688,21.467,3.587,9,34,o,0,0.8,198.14574,-29.96537,7315.81,6054.73,2.19,2.02,-42.8,-0.435,18.36,18.78,04a60666o0690o
60669.269505,-21.295,1.976,-11,22,o,0,1.43,198.14574,-29.96537,5644.17,2567.33,1.91,1.83,-26.4,-0.436,18.75,19.72,04a60669o0507o
60669.27377,-20.726,1.113,-19,21,o,0,1.51,198.14574,-29.96537,5624.41,2531.34,1.87,1.8,-34.3,-0.441,18.79,19.74,04a60669o0516o
60669.281295,-22.296,5.559,-4,24,o,0,1.15,198.14574,-29.96537,5681.6,2609.59,1.94,1.82,-27.4,-0.45,18.69,19.5,04a60669o0532o
60669.295221,-26.169,180.0,0,22,o,0,1.41,198.14574,-29.96537,5703.67,2493.2,1.92,1.81,-39.6,-0.456,18.77,19.61,04a60669o0559o
60670.336812,20.688,1.058,19,20,o,0,1.43,198.14574,-29.96537,6994.46,8363.51,1.97,1.77,-50.0,-0.423,19.12,20.23,04a60670o0650o
60670.342452,21.729,2.532,7,19,o,0,1.62,198.14574,-29.96537,6971.46,8327.3,1.93,1.74,-49.6,-0.442,19.06,20.14,04a60670o0662o
60670.346615,20.323,0.609,27,16,o,0,1.93,198.14574,-29.96537,7033.05,8404.74,1.92,1.72,-39.1,-0.445,19.02,20.01,04a60670o0671o
60670.353833,-20.296,0.791,-28,22,o,0,1.53,198.14574,-29.96537,7052.27,8288.08,1.9,1.71,-32.9,-0.452,18.76,19.42,04a60670o0686o
60673.336964,19.933,0.505,39,20,o,0,1.78,198.14574,-29.96537,8964.48,8239.5,2.08,1.85,-22.6,-0.432,19.3,20.63,04a60673o0649o
60673.341026,-20.01,0.347,-36,12,o,0,2.44,198.14574,-29.96537,8944.63,8201.16,2.03,1.82,-24.8,-0.434,19.28,20.59,04a60673o0657o
60673.346643,21.304,1.224,11,13,o,0,2.27,198.14574,-29.96537,9006.1,8278.53,2.03,1.89,-22.8,-0.424,19.23,20.52,04a60673o0669o
60673.35597,22.115,4.415,5,23,o,0,1.29,198.14574,-29.96537,9023.19,8162.15,2.06,1.83,-23.5,-0.439,18.93,19.84,04a60673o0688o
60674.319243,20.233,0.479,29,14,o,0,1.64,198.14574,-29.96537,5315.95,6247.07,1.94,1.74,-62.1,-0.462,19.34,20.7,04a60674o0610o
60674.322473,-22.142,3.024,-5,15,o,0,1.23,198.14574,-29.96537,5295.79,6209.1,1.95,1.76,-60.6,-0.469,19.35,20.71,04a60674o0617o
60674.339584,-23.398,8.385,-2,13,o,0,2.04,198.14574,-29.96537,5354.85,6287.05,1.99,1.75,-40.0,-0.459,19.36,20.73,04a60674o0653o
60674.346096,20.503,0.526,23,12,o,0,2.45,198.14574,-29.96537,5374.19,6171.68,1.91,1.74,-35.5,-0.467,19.38,20.7,04a60674o0667o
60676.075692,22.282,3.167,4,14,c,0,1.3,198.14574,-29.96537,9452.05,452.25,3.08,2.71,-46.9,-0.413,19.18,21.03,03a60676o0638c
60676.079873,-23.476,9.0,-2,13,c,0,1.53,198.14574,-29.96537,9434.72,412.73,3.07,2.78,-44.0,-0.399,19.21,21.01,03a60676o0647c
60676.088966,20.514,0.769,23,17,c,0,1.31,198.14574,-29.96537,9492.67,491.73,3.33,3.08,-53.0,-0.389,18.96,20.75,03a60676o0665c
60676.0981,-21.27,2.182,-11,25,c,0,1.4,198.14574,-29.96537,9518.34,375.19,3.58,3.3,-38.9,-0.422,18.51,19.91,03a60676o0685c
60677.339393,-21.434,2.096,-10,20,o,0,1.02,198.14574,-29.96537,9343.49,358.2,2.42,2.22,-50.4,-0.396,19.05,20.05,04a60677o0649o
60678.315566,-21.747,1.559,-7,11,o,0,2.11,198.14574,-29.96537,3232.4,4409.41,1.97,1.82,-68.7,-0.448,19.33,20.81,04a60678o0611o
60678.318413,20.832,0.649,17,11,o,0,1.45,198.14574,-29.96537,3212.17,4370.48,1.89,1.8,-77.8,-0.447,19.38,20.81,04a60678o0617o
60678.323982,21.036,0.769,14,11,o,0,1.57,198.14574,-29.96537,3270.71,4448.57,1.95,1.85,-72.2,-0.449,19.36,20.85,04a60678o0629o
60678.335125,22.011,1.878,6,11,o,0,2.84,198.14574,-29.96537,3290.57,4333.81,1.93,1.86,-81.6,-0.443,19.39,20.89,04a60678o0653o
60678.358172,20.624,0.733,20,15,o,0,1.3,198.14574,-29.96537,3250.24,4392.7,1.92,1.8,-60.8,-0.459,19.12,20.14,04a60678o0701o
60679.062584,-21.251,0.812,-12,9,c,0,1.68,198.14574,-29.96537,3263.19,4349.23,2.54,2.27,-53.5,-0.388,19.49,21.35,03a60679o0609c
60679.065799,21.748,1.432,7,10,c,0,1.32,198.14574,-29.96537,3244.14,4309.69,2.52,2.28,-53.9,-0.392,19.48,21.36,03a60679o0616c
60679.078726,21.094,0.667,13,9,c,0,1.9,198.14574,-29.96537,3303.79,4387.33,2.41,2.21,-53.1,-0.396,19.55,21.42,03a60679o0643c
60679.093646,0.0,21.099,0,13,c,0,1.15,198.14574,-29.96537,3329.63,4270.0,2.56,2.37,-50.4,-0.393,19.34,21.01,03a60679o0674c
60680.06707,-20.708,0.527,-19,10,c,0,1.34,198.14574,-29.96537,7626.57,2501.07,2.56,2.29,-57.0,-0.407,19.31,21.0,03a60680o0599c
60680.070706,-20.97,0.776,-15,12,c,0,1.23,198.14574,-29.96537,7608.42,2462.03,2.6,2.3,-57.2,-0.407,19.33,21.02,03a60680o0607c
60680.078555,21.49,1.291,9,12,c,0,1.31,198.14574,-29.96537,7666.43,2540.86,2.54,2.27,-56.2,-0.409,19.37,21.08,03a60680o0624c
60680.095078,-21.595,1.714,-8,14,c,0,0.94,198.14574,-29.96537,7693.68,2425.37,2.45,2.11,-55.8,-0.414,19.26,20.73,03a60680o0660c
60681.332331,22.121,2.711,5,14,o,0,1.85,198.14574,-29.96537,7563.42,2455.01,2.09,1.89,-31.2,-0.452,19.31,20.57,04a60681o0583o
60681.337724,21.285,1.038,11,12,o,0,2.3,198.14574,-29.96537,7542.89,2417.55,2.11,1.93,-33.7,-0.441,19.34,20.62,04a60681o0594o
60681.354678,22.54,4.417,4,16,o,0,1.74,198.14574,-29.96537,7602.32,2495.63,2.13,1.98,-49.9,-0.455,19.23,20.47,04a60681o0629o
60681.361594,-20.515,0.87,-23,20,o,0,1.17,198.14574,-29.96537,7620.39,2379.95,2.15,2.0,-51.1,-0.443,19.03,20.05,04a60681o0641o
60682.320587,-20.14,0.452,-32,14,o,0,2.35,198.14574,-29.96537,9480.04,2310.59,2.31,2.07,-32.2,-0.424,19.31,20.75,04a60682o0620o
60682.323654,-21.967,2.222,-6,13,o,0,1.64,198.14574,-29.96537,9462.63,2273.67,2.37,1.98,-28.4,-0.426,19.36,20.69,04a60682o0625o
60682.329788,20.753,0.83,18,15,o,0,1.78,198.14574,-29.96537,9523.77,2348.94,2.27,1.8,79.3,-0.495,19.22,20.59,04a60682o0638o
60682.347102,-21.382,1.561,-10,16,o,0,1.42,198.14574,-29.96537,9541.98,2234.42,2.36,2.16,-34.2,-0.419,19.31,20.63,04a60682o0675o
60682.365799,20.7,1.333,19,25,o,0,1.36,198.14574,-29.96537,9503.59,2297.58,2.45,2.04,-29.5,-0.401,18.88,19.63,04a60682o0715o
60683.076357,20.112,0.248,33,8,c,0,2.26,198.14574,-29.96537,9553.03,2402.5,2.41,2.14,-50.0,-0.398,19.6,21.52,03a60683o0624c
60683.091644,21.963,1.622,6,10,c,0,1.68,198.14574,-29.96537,9540.68,2365.16,2.56,2.25,-55.1,-0.394,19.52,21.34,03a60683o0657c
60683.103321,-22.93,6.267,-2,15,c,0,1.26,198.14574,-29.96537,9600.01,2442.89,2.59,2.32,-46.6,-0.379,19.02,20.19,03a60683o0679c
60683.106536,-19.959,0.485,-38,18,c,0,1.57,198.14574,-29.96537,9621.79,2326.72,2.46,2.17,-50.2,-0.38,18.79,19.61,03a60683o0686c
60684.048806,21.742,1.619,7,12,c,0,0.95,198.14574,-29.96537,1411.59,6313.96,2.57,2.3,-52.1,-0.413,19.55,21.46,03a60684o0560c
60684.05751,-21.235,1.107,-12,13,c,0,1.12,198.14574,-29.96537,1396.41,6273.16,2.68,2.31,-62.7,-0.407,19.42,21.54,03a60684o0578c
60684.067889,22.37,2.583,4,11,c,0,1.27,198.14574,-29.96537,1457.4,6350.65,2.58,2.28,-46.0,-0.411,19.55,21.48,03a60684o0599c
60684.071043,22.329,2.72,4,12,c,0,0.96,198.14574,-29.96537,1480.37,6234.91,2.52,2.32,-41.4,-0.414,19.56,21.48,03a60684o0606c
60685.33085,22.786,5.571,3,16,o,0,1.59,198.14574,-29.96537,1424.47,6419.66,2.03,1.88,-67.7,-0.45,19.3,20.7,04a60685o0629o
60685.335108,-22.483,2.929,-4,11,o,0,3.12,198.14574,-29.96537,1406.62,6380.97,2.08,1.87,-70.8,-0.444,19.31,20.71,04a60685o0638o
60685.351697,21.12,1.224,13,16,o,0,2.14,198.14574,-29.96537,1464.8,6460.19,2.11,1.83,-24.1,-0.458,19.17,20.63,04a60685o0670o
60685.359686,-20.994,0.947,-14,14,o,0,1.62,198.14574,-29.96537,1483.92,6345.41,2.07,1.86,-74.3,-0.441,19.23,20.51,04a60685o0687o
60686.314228,21.198,1.099,12,13,o,0,1.84,198.14574,-29.96537,5539.04,627.55,1.92,1.85,-51.2,-0.461,19.29,20.71,04a60686o0604o
60686.317442,-26.103,87.0,0,11,o,0,3.32,198.14574,-29.96537,5519.01,589.1,1.91,1.86,-16.4,-0.443,19.35,20.69,04a60686o0611o
60686.323053,20.626,0.699,20,14,o,0,1.38,198.14574,-29.96537,5577.93,667.7,1.95,1.88,-72.2,-0.448,19.27,20.76,04a60686o0623o
60686.333321,-20.719,0.811,-19,15,o,0,1.11,198.14574,-29.96537,5596.78,549.85,1.97,1.92,-39.0,-0.441,19.29,20.7,04a60686o0644o
60686.369719,20.004,0.559,36,20,o,0,1.77,198.14574,-29.96537,5560.03,612.53,1.88,1.82,-46.2,-0.436,18.67,19.26,04a60686o0719o
60687.063179,-20.299,0.582,-28,16,o,0,1.53,198.14574,-29.96537,5659.86,630.29,2.36,2.18,-50.0,-0.415,19.02,20.06,03a60687o0555o
60687.066365,20.943,1.069,15,16,o,0,1.23,198.14574,-29.96537,5643.09,590.34,2.32,2.16,-52.0,-0.413,19.05,20.18,03a60687o0562o
60687.089682,-19.957,0.389,-38,15,o,0,1.17,198.14574,-29.96537,5707.61,669.01,2.23,2.12,-37.4,-0.433,19.37,20.82,03a60687o0611o
60687.098376,23.103,7.0,2,15,o,0,1.38,198.14574,-29.96537,5730.09,553.08,2.32,2.17,-45.8,-0.412,19.29,20.64,03a60687o0630o
