MJD,m,dm,uJy,duJy,F,err,chi/N,RA,Dec,x,y,maj,min,phi,apfit,mag5sig,Sky,Obs
60658.316574,-20.122,0.77,-32,25,o,0,1.26,10.12146,6.68953,849.72,10258.06,2.69,2.5,-65.6,-0.483,18.69,19.06,01a60658o0274o
60658.321156,-21.887,3.922,-6,25,o,0,1.05,10.12146,6.68953,1173.4,55.93,2.44,2.39,68.9,-0.447,18.67,19.05,01a60658o0284o
60658.32207,21.118,2.115,13,27,o,0,1.1,10.12146,6.68953,868.41,10296.45,2.73,2.49,-71.1,-0.478,18.64,19.03,01a60658o0286o
60658.324873,-23.378,15.182,-2,25,o,0,1.25,10.12146,6.68953,808.98,10218.03,2.72,2.41,-54.9,-0.494,18.69,19.02,01a60658o0292o
60658.342233,22.883,14.045,3,36,o,0,0.98,10.12146,6.68953,9758.75,315.76,2.48,1.54,-59.0,-0.45,18.49,18.88,02a60658o0348o
60658.345416,19.659,0.65,50,32,o,0,0.68,10.12146,6.68953,9740.56,276.4,2.47,1.48,-61.3,-0.501,18.53,18.87,02a60658o0355o
60658.349365,-20.343,1.035,-26,27,o,0,1.15,10.12146,6.68953,775.71,10332.18,2.57,2.29,-56.7,-0.489,18.69,18.91,01a60658o0345o
60658.351654,20.299,0.855,28,24,o,0,1.13,10.12146,6.68953,1086.75,90.73,2.36,2.34,-89.1,-0.458,18.66,18.91,01a60658o0350o
60658.361901,-19.633,0.883,-51,45,o,0,0.98,10.12146,6.68953,9804.41,356.47,2.87,1.73,-56.6,-0.469,18.34,18.81,02a60658o0391o
60658.367385,-21.509,3.327,-9,30,o,0,0.9,10.12146,6.68953,9828.35,239.45,2.42,1.49,-62.0,-0.386,18.37,18.76,02a60658o0403o
60659.078898,20.749,1.941,18,35,o,0,1.56,10.12146,6.68953,853.67,10221.85,2.98,1.93,-72.5,-0.378,18.21,18.41,04a60659o0120o
60659.088925,19.805,1.032,44,45,o,0,0.93,10.12146,6.68953,874.69,10262.92,2.89,1.85,-73.0,-0.369,18.16,18.4,04a60659o0142o
60659.089376,-20.196,1.981,-30,60,o,0,1.48,10.12146,6.68953,1214.75,38.77,3.18,1.87,47.6,-0.428,18.23,18.58,04a60659o0143o
60659.092081,-18.714,0.551,-119,66,o,0,1.01,10.12146,6.68953,816.53,10183.63,3.05,1.97,-75.4,-0.363,18.16,18.34,04a60659o0149o
60659.103993,-19.933,1.516,-39,58,o,0,1.16,10.12146,6.68953,1136.78,78.26,2.76,1.78,40.7,-0.489,18.23,18.44,04a60659o0175o
60659.104444,-20.652,2.102,-20,42,o,0,1.32,10.12146,6.68953,794.99,10303.49,3.03,1.89,-76.6,-0.38,18.14,18.34,04a60659o0176o
60659.342362,-19.993,0.959,-36,35,o,0,1.11,10.12146,6.68953,841.32,10252.62,2.49,2.26,-62.7,-0.711,18.55,18.83,01a60659o0329o
60659.346039,-21.238,3.446,-12,40,o,0,1.21,10.12146,6.68953,860.68,10291.11,2.54,2.27,-72.2,-0.505,18.47,18.59,01a60659o0337o
60659.351571,-17.041,0.457,-554,253,o,0,1.23,10.12146,6.68953,798.19,10211.74,2.67,2.4,-58.9,-0.553,16.51,16.15,01a60659o0349o
60659.370632,-20.198,1.299,-30,39,o,0,1.29,10.12146,6.68953,766.93,10328.58,2.7,2.43,-60.8,-0.494,17.95,18.18,01a60659o0390o
60660.29699,20.624,0.849,20,17,o,0,1.31,10.12146,6.68953,5805.83,508.81,2.23,1.82,-58.0,-0.451,18.81,19.34,02a60660o0235o
60660.300217,20.898,1.449,16,23,o,0,0.8,10.12146,6.68953,5788.03,468.08,2.3,1.88,-58.6,-0.463,18.78,19.33,02a60660o0242o
60660.306166,22.226,4.371,5,20,o,0,1.38,10.12146,6.68953,5848.03,548.4,2.43,2.04,-56.7,-0.448,18.71,19.3,02a60660o0255o
60660.316604,-20.996,1.6,-14,23,o,0,1.22,10.12146,6.68953,5874.94,432.1,2.25,1.82,-55.7,-0.459,18.79,19.26,02a60660o0278o
60660.340739,22.03,4.073,6,23,o,0,0.79,10.12146,6.68953,4768.28,10039.57,2.64,2.47,-68.9,-0.396,18.82,19.26,01a60660o0323o
60660.343972,-20.127,0.68,-32,22,o,0,1.01,10.12146,6.68953,4788.11,10077.31,2.73,2.54,85.5,-0.383,18.74,19.24,01a60660o0330o
60660.349511,21.547,2.424,9,21,o,0,1.55,10.12146,6.68953,4725.65,9999.42,2.75,2.57,-59.4,-0.387,18.76,19.21,01a60660o0342o
60660.371815,-20.594,1.069,-21,22,o,0,1.39,10.12146,6.68953,4693.0,10117.66,2.86,2.67,-48.0,-0.376,18.65,19.08,01a60660o0390o
60660.81272,20.76,1.268,18,23,o,0,1.04,10.12146,6.68953,4658.96,9996.58,2.97,2.53,-37.9,-0.379,18.71,19.64,03a60661o0097o
60660.815886,-22.727,7.188,-3,21,o,0,1.26,10.12146,6.68953,4678.59,10035.69,2.78,2.24,-37.0,-0.384,18.77,19.57,03a60661o0104o
60660.821374,21.05,2.035,14,28,o,0,1.13,10.12146,6.68953,4623.16,9954.72,3.19,2.61,-39.7,-0.374,18.61,19.46,03a60661o0116o
60660.833207,-19.797,0.667,-44,29,o,0,1.0,10.12146,6.68953,4603.0,10073.58,2.92,2.33,-37.0,-0.398,18.62,19.28,03a60661o0142o
60663.067185,-24.087,17.667,-1,15,o,0,1.11,10.12146,6.68953,612.81,4374.7,2.35,1.97,57.4,-0.383,19.1,20.28,04a60663o0090o
60663.070356,20.408,0.657,25,16,o,0,1.07,10.12146,6.68953,632.29,4413.44,2.38,1.99,59.1,-0.375,19.05,20.23,04a60663o0097o
60663.077685,-20.344,0.649,-26,17,o,0,0.9,10.12146,6.68953,574.2,4337.74,2.33,2.14,56.1,-0.37,19.08,20.24,04a60663o0113o
60663.088181,22.896,6.294,2,16,o,0,1.37,10.12146,6.68953,552.92,4453.63,2.4,1.99,57.6,-0.38,19.07,20.2,04a60663o0136o
60664.290604,20.978,0.78,15,12,o,0,1.15,10.12146,6.68953,3476.01,2081.54,2.07,1.99,57.7,-0.446,19.4,20.52,02a60664o0218o
60664.293797,22.137,2.239,5,11,o,0,1.35,10.12146,6.68953,3456.52,2042.91,2.05,1.99,54.4,-0.443,19.43,20.5,02a60664o0225o
60664.29929,-21.164,0.929,-12,12,o,0,1.04,10.12146,6.68953,3516.67,2121.33,2.07,1.97,48.4,-0.444,19.43,20.48,02a60664o0237o
60664.310674,-20.854,0.605,-16,10,o,0,1.79,10.12146,6.68953,3535.65,2003.95,2.0,1.93,49.0,-0.449,19.39,20.49,02a60664o0262o
60666.276781,19.882,0.252,40,10,o,0,1.27,10.12146,6.68953,6917.7,4598.5,2.47,2.37,60.5,-0.416,19.55,20.77,01a60666o0119o
60666.293968,19.958,0.272,38,10,o,0,1.4,10.12146,6.68953,6933.24,4637.96,2.61,2.44,57.1,-0.396,19.43,20.68,01a60666o0156o
60666.297663,19.85,0.238,42,10,o,0,1.2,10.12146,6.68953,6874.17,4560.67,2.55,2.32,50.2,-0.396,19.46,20.61,01a60666o0164o
60666.312082,19.72,0.216,47,10,o,0,1.08,10.12146,6.68953,6847.19,4675.17,2.37,2.28,68.6,-0.407,19.46,20.48,01a60666o0195o
60668.263595,18.996,0.129,92,12,o,0,1.32,10.12146,6.68953,7833.57,2376.96,2.14,1.94,-59.6,-0.43,19.37,20.49,02a60668o0157o
60668.266802,19.084,0.166,84,14,o,0,0.96,10.12146,6.68953,7813.59,2338.95,2.14,1.99,-61.4,-0.426,19.35,20.48,02a60668o0164o
60668.273815,19.337,0.214,67,14,o,0,1.13,10.12146,6.68953,7869.66,2417.26,2.16,1.97,-59.7,-0.425,19.38,20.43,02a60668o0179o
60668.285678,18.957,0.147,95,14,o,0,0.88,10.12146,6.68953,7889.89,2304.83,2.21,2.03,-54.2,-0.422,19.32,20.41,02a60668o0205o
60671.040002,18.138,0.078,202,16,o,0,2.39,10.12146,6.68953,2458.96,2348.08,2.07,1.84,43.8,-0.437,18.95,19.93,04a60671o0025o
60671.043215,18.183,0.085,194,16,o,0,1.53,10.12146,6.68953,2479.34,2388.72,1.95,1.92,17.8,-0.422,19.09,20.17,04a60671o0032o
60671.048662,18.21,0.075,189,14,o,0,1.35,10.12146,6.68953,2420.58,2308.43,2.08,1.87,46.0,-0.445,19.16,20.39,04a60671o0044o
60671.061878,18.273,0.09,178,16,o,0,0.99,10.12146,6.68953,2399.25,2426.78,2.1,1.87,42.7,-0.433,19.19,20.5,04a60671o0073o
60672.265494,18.1,0.069,209,14,o,0,1.0,10.12146,6.68953,10048.49,8126.29,2.58,2.03,-56.9,-0.444,19.43,20.6,02a60672o0156o
60672.268736,17.957,0.068,238,16,o,0,1.27,10.12146,6.68953,10028.34,8087.27,2.65,2.07,-57.2,-0.44,19.43,20.54,02a60672o0163o
60672.274302,18.201,0.079,190,15,o,0,1.21,10.12146,6.68953,10086.25,8166.3,2.63,2.05,-54.4,-0.442,19.42,20.49,02a60672o0175o
60672.285774,18.063,0.079,216,17,o,0,0.85,10.12146,6.68953,10104.46,8050.12,2.61,2.12,-56.0,-0.441,19.38,20.51,02a60672o0200o
60672.78569,17.992,0.123,231,28,c,0,1.18,10.12146,6.68953,584.43,2330.74,2.78,2.73,89.3,-0.344,18.45,19.37,03a60673o0014c
60672.788861,17.695,0.077,304,23,c,0,1.09,10.12146,6.68953,605.32,2370.78,2.72,2.6,-83.5,-0.348,18.76,19.9,03a60673o0021c
60672.796121,17.873,0.061,257,16,c,0,1.23,10.12146,6.68953,550.51,2290.6,2.69,2.55,76.9,-0.356,19.15,20.69,03a60673o0037c
60672.811084,17.863,0.06,260,16,c,0,0.76,10.12146,6.68953,529.03,2406.69,2.73,2.59,86.0,-0.348,19.27,21.03,03a60673o0070c
60674.237567,17.744,0.052,290,15,o,0,1.02,10.12146,6.68953,8857.84,4491.72,2.67,2.52,-74.4,-0.423,19.41,20.65,01a60674o0095o
60674.241861,17.73,0.043,294,13,o,0,1.66,10.12146,6.68953,8877.24,4530.72,2.65,2.54,-83.0,-0.423,19.43,20.64,01a60674o0104o
60674.24738,17.691,0.044,305,13,o,0,1.15,10.12146,6.68953,8816.34,4452.35,2.59,2.49,-88.0,-0.572,19.49,20.69,01a60674o0116o
60674.260886,17.751,0.047,288,14,o,0,1.1,10.12146,6.68953,8796.49,4568.07,2.71,2.52,-68.9,-0.425,19.42,20.66,01a60674o0145o
60676.215438,17.549,0.051,347,18,o,0,0.86,10.12146,6.68953,1195.56,10447.63,2.66,2.09,-44.1,-0.449,19.29,20.4,02a60676o0044o
60676.219062,17.48,0.046,370,17,o,0,1.26,10.12146,6.68953,1175.47,10407.76,2.56,2.03,-49.0,-0.453,19.31,20.45,02a60676o0052o
60676.221341,17.49,0.038,366,14,o,0,1.47,10.12146,6.68953,1432.13,214.2,2.51,1.98,-64.8,-0.526,19.35,20.51,02a60676o0057o
60676.22453,17.555,0.058,345,20,o,0,1.76,10.12146,6.68953,1412.15,176.05,2.57,2.0,-62.7,-0.434,18.98,20.13,02a60676o0064o
60676.22546,17.865,0.176,259,46,o,0,1.2,10.12146,6.68953,1233.82,10491.74,2.53,1.95,-61.5,-0.48,18.5,19.59,02a60676o0066o
60676.234617,17.502,0.065,362,24,o,0,1.09,10.12146,6.68953,1470.72,252.4,2.5,2.0,-55.8,-0.44,18.86,20.0,02a60676o0086o
60678.22308,17.471,0.043,373,16,o,0,0.91,10.12146,6.68953,688.25,6356.61,2.64,2.49,40.5,-0.413,19.3,20.44,01a60678o0060o
60678.227196,17.54,0.04,350,14,o,0,1.07,10.12146,6.68953,708.64,6395.84,2.74,2.56,48.7,-0.408,19.28,20.45,01a60678o0069o
60678.235983,17.514,0.041,358,15,o,0,1.09,10.12146,6.68953,649.64,6317.19,2.63,2.51,56.2,-0.413,19.36,20.45,01a60678o0088o
60678.246122,17.484,0.037,369,14,o,0,1.22,10.12146,6.68953,628.96,6433.02,2.47,2.34,66.6,-0.43,19.39,20.51,01a60678o0110o
60680.243648,17.336,0.04,422,17,o,0,1.08,10.12146,6.68953,9801.79,2292.81,2.41,1.67,-57.2,-0.496,19.27,20.15,02a60680o0101o
60680.246839,17.522,0.044,356,16,o,0,1.99,10.12146,6.68953,9786.09,2254.09,2.46,1.67,-56.3,-0.5,19.32,20.15,02a60680o0108o
60680.252317,17.491,0.041,366,15,o,0,1.21,10.12146,6.68953,9842.73,2331.99,2.41,1.67,-56.5,-0.501,19.31,20.17,02a60680o0120o
60680.263284,17.404,0.048,396,19,o,0,0.97,10.12146,6.68953,9863.03,2215.01,2.49,1.7,-54.1,-0.505,19.28,20.12,02a60680o0144o
60684.271407,17.565,0.062,342,21,o,0,1.5,10.12146,6.68953,8005.2,6260.53,2.08,2.0,51.8,-0.446,18.85,19.18,02a60684o0152o
60684.274572,17.456,0.072,378,27,o,0,0.85,10.12146,6.68953,7987.74,6221.37,2.17,2.06,48.6,-0.436,18.78,19.16,02a60684o0159o
60684.298846,17.711,0.079,299,24,o,0,0.96,10.12146,6.68953,8046.48,6299.11,2.15,2.03,39.8,-0.435,18.72,19.03,02a60684o0212o
