MJD,m,dm,uJy,duJy,F,err,chi/N,RA,Dec,x,y,maj,min,phi,apfit,mag5sig,Sky,Obs
60659.496388,20.113,0.966,33,32,o,0,0.98,166.9349,31.20864,5956.68,7156.19,2.71,2.52,45.2,-0.357,18.5,18.7,01a60659o0656o
60659.499187,21.171,2.282,12,28,o,0,0.9,166.9349,31.20864,5940.04,7117.08,2.72,2.61,48.3,-0.358,18.43,18.72,01a60659o0662o
60659.504339,21.788,3.543,7,25,o,0,1.15,166.9349,31.20864,5996.13,7194.2,2.88,2.63,45.1,-0.346,18.46,18.76,01a60659o0673o
60659.511334,-22.723,9.412,-3,28,o,0,1.13,166.9349,31.20864,6019.74,7077.72,3.11,2.88,43.1,-0.314,18.39,18.79,01a60659o0688o
60661.526726,-26.348,275.0,0,29,o,0,0.94,166.9349,31.20864,8451.1,3186.84,2.02,1.98,-32.2,-0.418,18.66,19.04,02a60661o0726o
60661.529909,20.866,1.336,16,22,o,0,1.48,166.9349,31.20864,8472.48,3225.27,2.13,2.04,-39.1,-0.415,18.65,19.05,02a60661o0733o
60661.533079,23.444,16.769,2,26,o,0,1.25,166.9349,31.20864,8416.22,3148.81,2.14,2.09,-40.4,-0.424,18.64,19.07,02a60661o0740o
60661.546774,-21.094,1.818,-13,24,o,0,0.92,166.9349,31.20864,8402.99,3268.56,2.09,2.05,-34.0,-0.408,18.7,19.14,02a60661o0768o
60662.522526,-20.526,1.091,-22,24,o,0,0.8,166.9349,31.20864,5056.38,7758.91,2.37,2.01,36.2,-0.428,18.69,19.04,02a60662o0721o
60662.524802,22.469,6.931,4,26,o,0,0.72,166.9349,31.20864,5077.61,7798.62,2.45,2.0,36.2,-0.425,18.72,19.05,02a60662o0726o
60662.528922,-22.378,5.677,-4,23,o,0,1.02,166.9349,31.20864,5018.86,7721.45,2.49,2.01,34.9,-0.414,18.7,19.07,02a60662o0735o
60662.537662,21.078,1.706,14,23,o,0,1.47,166.9349,31.20864,5000.89,7837.91,2.51,1.99,35.9,-0.415,18.72,19.11,02a60662o0754o
60665.563998,-21.555,1.94,-9,17,o,0,1.27,166.9349,31.20864,767.69,1583.1,1.92,1.88,86.8,-0.504,18.98,19.54,02a60665o0804o
60665.565809,-21.507,1.872,-9,17,o,0,1.38,166.9349,31.20864,787.44,1622.49,2.08,1.99,-71.0,-0.484,18.95,19.52,02a60665o0808o
60665.56899,-20.464,0.837,-24,20,o,0,0.85,166.9349,31.20864,726.85,1543.02,2.09,1.95,-73.8,-0.487,18.92,19.46,02a60665o0815o
60665.575888,-20.628,1.117,-20,23,o,0,0.61,166.9349,31.20864,702.43,1659.42,2.05,1.99,-52.9,-0.486,18.92,19.51,02a60665o0829o
60666.572134,-21.408,1.281,-10,13,o,0,1.08,166.9349,31.20864,1138.67,7909.95,2.06,1.9,24.6,-0.429,19.23,20.02,02a60666o0809o
60666.573951,22.574,4.515,3,15,o,0,1.15,166.9349,31.20864,1157.0,7949.28,2.02,1.91,29.8,-0.454,19.21,20.02,02a60666o0813o
60666.577143,21.082,0.917,13,12,o,0,1.29,166.9349,31.20864,1095.98,7870.27,2.02,1.88,22.7,-0.443,19.23,20.02,02a60666o0820o
60666.582613,-21.445,1.389,-10,13,o,0,1.47,166.9349,31.20864,1073.02,7988.13,2.01,1.89,20.0,-0.46,19.24,20.02,02a60666o0832o
60667.570817,21.674,1.745,8,14,o,0,1.04,166.9349,31.20864,9474.02,2653.41,2.64,2.54,-48.2,-0.434,19.2,20.29,01a60667o0549o
60667.572697,21.028,0.865,14,12,o,0,1.58,166.9349,31.20864,9453.49,2613.27,2.48,2.41,-54.1,-0.444,19.28,20.32,01a60667o0553o
60667.575896,-20.941,0.68,-15,10,o,0,1.45,166.9349,31.20864,9512.9,2692.23,2.47,2.41,-42.1,-0.432,19.27,20.36,01a60667o0560o
60667.590587,-21.091,1.019,-13,14,o,0,0.87,166.9349,31.20864,9532.52,2572.78,2.5,2.4,-29.7,-0.43,19.3,20.41,01a60667o0589o
60668.551783,-22.724,3.636,-3,11,o,0,0.85,166.9349,31.20864,4121.55,9189.86,2.68,2.46,70.4,-0.396,19.48,20.74,01a60668o0754o
60668.560234,24.383,15.2,1,10,o,0,1.53,166.9349,31.20864,4102.12,9149.61,2.62,2.4,68.4,-0.399,19.51,20.75,01a60668o0770o
60668.562067,-21.524,1.147,-9,10,o,0,1.22,166.9349,31.20864,4158.71,9227.12,2.62,2.45,67.7,-0.398,19.52,20.75,01a60668o0774o
60668.568141,-21.728,1.491,-7,11,o,0,1.3,166.9349,31.20864,4181.34,9111.38,2.71,2.47,63.2,-0.394,19.46,20.73,01a60668o0786o
60669.530692,-21.294,0.938,-11,10,o,0,1.54,166.9349,31.20864,6486.37,1364.44,2.16,2.02,-70.2,-0.431,19.31,20.4,02a60669o0732o
60669.533876,21.431,1.222,10,12,o,0,0.91,166.9349,31.20864,6505.73,1402.65,2.08,1.95,-64.8,-0.433,19.35,20.4,02a60669o0739o
60669.537736,21.143,1.0,13,13,o,0,1.33,166.9349,31.20864,6449.82,1325.87,2.17,2.03,-60.7,-0.438,19.29,20.42,02a60669o0747o
60669.544555,-21.069,0.819,-14,11,o,0,1.26,166.9349,31.20864,6425.43,1442.88,2.16,2.07,-53.9,-0.428,19.33,20.47,02a60669o0761o
60670.537454,21.802,1.702,7,12,o,0,1.44,166.9349,31.20864,1580.16,5685.68,2.44,1.87,29.7,-0.443,19.56,20.81,02a60670o0742o
60670.540656,-21.475,1.128,-9,10,o,0,1.23,166.9349,31.20864,1603.49,5722.67,2.2,1.83,29.4,-0.452,19.56,20.82,02a60670o0749o
60670.545779,-23.655,8.727,-1,11,o,0,1.35,166.9349,31.20864,1541.84,5644.28,2.23,1.91,32.6,-0.45,19.53,20.85,02a60670o0760o
60670.551999,-21.799,1.517,-7,10,o,0,1.11,166.9349,31.20864,1523.99,5762.63,2.28,1.9,31.8,-0.446,19.55,20.87,02a60670o0773o
60673.543828,-21.14,1.01,-13,13,o,0,0.89,166.9349,31.20864,9579.18,5787.94,2.25,2.13,-54.6,-0.448,19.51,20.8,02a60673o0751o
60673.545637,-20.497,0.525,-23,12,o,0,1.69,166.9349,31.20864,9598.55,5827.5,2.24,2.11,-57.4,-0.455,19.54,20.81,02a60673o0755o
60673.549316,20.989,0.712,15,10,o,0,1.46,166.9349,31.20864,9536.56,5750.43,2.27,2.16,-56.9,-0.449,19.53,20.81,02a60673o0763o
60673.55477,21.0,0.622,14,9,o,0,1.65,166.9349,31.20864,9517.3,5868.37,2.28,2.16,-58.4,-0.446,19.55,20.87,02a60673o0775o
60674.554441,-22.063,1.767,-5,10,o,0,1.26,166.9349,31.20864,3108.33,7846.34,2.39,2.05,30.8,-0.414,19.54,21.04,02a60674o0768o
60674.557281,22.338,2.441,4,10,o,0,1.56,166.9349,31.20864,3124.02,7885.3,2.37,2.04,31.2,-0.412,19.55,21.04,02a60674o0774o
60674.563999,-21.753,1.423,-7,10,o,0,1.1,166.9349,31.20864,3068.95,7808.68,2.55,2.15,38.9,-0.404,19.48,21.06,02a60674o0788o
60674.569458,-22.008,1.783,-6,10,o,0,1.23,166.9349,31.20864,3046.44,7925.77,2.4,2.02,29.8,-0.416,19.52,21.07,02a60674o0800o
60676.557315,-21.62,1.158,-8,10,o,0,1.23,166.9349,31.20864,7880.18,7082.91,2.74,2.57,53.3,-0.403,19.56,21.09,01a60676o0758o
60676.559206,-22.896,4.059,-2,10,o,0,1.29,166.9349,31.20864,7860.92,7044.43,2.8,2.61,51.1,-0.399,19.57,21.08,01a60676o0762o
60676.561947,-23.503,6.9,-1,10,o,0,1.0,166.9349,31.20864,7919.93,7121.89,2.76,2.57,51.0,-0.403,19.58,21.09,01a60676o0768o
60676.574668,21.467,1.078,9,10,o,0,1.04,166.9349,31.20864,7936.82,7008.51,2.83,2.59,46.0,-0.397,19.56,21.1,01a60676o0794o
60677.537162,21.822,1.769,7,12,o,0,0.87,166.9349,31.20864,2722.2,3482.17,2.37,2.07,36.5,-0.445,19.46,20.83,02a60677o0735o
60677.540173,22.763,3.792,3,11,o,0,1.33,166.9349,31.20864,2742.24,3522.64,2.28,1.98,35.6,-0.451,19.48,20.84,02a60677o0741o
60677.546712,-22.623,3.217,-3,10,o,0,1.54,166.9349,31.20864,2677.13,3443.62,2.48,2.18,33.2,-0.432,19.41,20.86,02a60677o0754o
60677.552179,22.336,2.143,4,9,o,0,1.41,166.9349,31.20864,2659.45,3560.39,2.28,1.96,35.4,-0.449,19.53,20.86,02a60677o0766o
60678.550677,-21.975,2.04,-6,12,o,0,1.0,166.9349,31.20864,5127.01,9710.42,2.25,2.05,36.0,-0.42,19.55,20.96,02a60678o0749o
60678.552507,21.886,1.927,6,12,o,0,0.98,166.9349,31.20864,5145.53,9751.07,2.23,2.06,30.9,-0.418,19.57,20.96,02a60678o0753o
60678.555673,21.319,0.989,11,11,o,0,1.43,166.9349,31.20864,5083.96,9672.61,2.18,2.0,37.6,-0.426,19.57,20.96,02a60678o0760o
60678.561143,20.942,0.728,15,11,o,0,1.13,166.9349,31.20864,5062.12,9790.99,2.16,2.02,36.0,-0.423,19.57,20.95,02a60678o0772o
60679.536458,21.51,1.137,9,10,o,0,0.9,166.9349,31.20864,5478.37,849.2,2.46,2.35,39.1,-0.443,19.57,20.9,01a60679o0711o
60679.549087,22.034,1.744,6,10,o,0,0.87,166.9349,31.20864,5456.82,809.99,2.52,2.43,54.9,-0.443,19.56,20.97,01a60679o0734o
60679.552285,24.044,11.167,1,10,o,0,1.33,166.9349,31.20864,5516.43,888.5,2.69,2.59,58.5,-0.43,19.53,20.98,01a60679o0741o
60679.556645,21.607,1.169,8,10,o,0,1.38,166.9349,31.20864,5534.31,771.37,2.52,2.38,55.2,-0.439,19.59,21.06,01a60679o0750o
60680.511294,-20.907,0.595,-16,9,o,0,1.19,166.9349,31.20864,6018.42,9097.19,2.74,2.55,57.4,-0.398,19.53,20.9,01a60680o0608o
60680.526354,20.976,0.747,15,11,o,0,1.0,166.9349,31.20864,5998.56,9057.18,2.85,2.61,57.3,-0.39,19.49,20.91,01a60680o0639o
60680.542914,-21.504,1.068,-9,10,o,0,1.18,166.9349,31.20864,6057.49,9133.72,2.9,2.66,57.4,-0.391,19.48,20.94,01a60680o0672o
60680.544743,-21.392,0.729,-10,7,o,0,2.47,166.9349,31.20864,6075.94,9017.83,2.82,2.55,55.8,-0.39,19.52,20.97,01a60680o0676o
60681.516334,20.716,0.467,19,9,o,0,1.05,166.9349,31.20864,4581.07,1461.05,1.92,1.85,54.9,-0.452,19.55,20.84,02a60681o0678o
60681.519055,20.75,0.531,18,10,o,0,1.1,166.9349,31.20864,4600.31,1500.24,1.92,1.83,50.4,-0.448,19.61,20.84,02a60681o0684o
60681.530522,24.045,10.556,1,9,o,0,0.99,166.9349,31.20864,4547.31,1424.43,1.95,1.86,59.1,-0.454,19.57,20.89,02a60681o0708o
60681.533689,-22.412,2.425,-4,10,o,0,1.55,166.9349,31.20864,4524.69,1541.4,1.96,1.88,54.6,-0.45,19.58,20.9,02a60681o0715o
60682.533622,-21.659,1.3,-8,10,o,0,1.15,166.9349,31.20864,2675.92,1535.87,2.12,1.97,48.5,-0.456,19.48,20.79,02a60682o0718o
60682.537605,-22.54,2.781,-4,10,o,0,1.21,166.9349,31.20864,2696.16,1576.27,2.13,1.93,49.8,-0.443,19.49,20.81,02a60682o0726o
60682.540417,23.793,9.5,1,10,o,0,1.17,166.9349,31.20864,2636.98,1497.93,2.06,1.96,56.8,-0.474,19.49,20.85,02a60682o0732o
60682.548137,23.091,4.75,2,10,o,0,1.23,166.9349,31.20864,2613.5,1615.53,2.07,1.93,48.6,-0.459,19.51,20.83,02a60682o0748o
60684.497905,21.064,1.045,14,14,o,0,1.04,166.9349,31.20864,3570.78,2893.52,2.52,2.31,46.8,-0.428,19.27,20.18,01a60684o0621o
60684.519587,-21.768,2.262,-7,16,o,0,0.73,166.9349,31.20864,3546.6,2854.23,2.52,2.21,49.3,-0.432,19.35,20.28,01a60684o0666o
60684.536594,-20.801,0.681,-17,12,o,0,0.94,166.9349,31.20864,3602.09,2935.59,2.6,2.29,45.9,-0.418,19.48,20.68,01a60684o0701o
60684.538427,21.19,0.887,12,11,o,0,1.28,166.9349,31.20864,3620.63,2817.7,2.61,2.32,48.0,-0.42,19.51,20.74,01a60684o0705o
60686.535345,-21.071,1.388,-14,19,o,0,1.21,166.9349,31.20864,6544.93,3313.13,2.41,2.09,33.2,-0.409,18.86,19.49,02a60686o0268o
60686.539204,-20.808,1.046,-17,18,o,0,1.09,166.9349,31.20864,6562.28,3353.78,2.38,2.17,55.1,-0.403,18.94,19.64,02a60686o0276o
60686.542524,20.986,1.064,15,16,o,0,1.75,166.9349,31.20864,6504.24,3275.8,2.6,2.37,28.3,-0.394,18.86,19.69,02a60686o0283o
