MJD,m,dm,uJy,duJy,F,err,chi/N,RA,Dec,x,y,maj,min,phi,apfit,mag5sig,Sky,Obs
60659.341853,-21.871,3.719,-6,24,o,0,1.39,9.82491,44.35367,5269.22,2092.26,2.05,1.86,37.9,-0.437,18.46,18.72,02a60659o0333o
60659.357104,21.818,3.723,7,25,o,0,1.21,9.82491,44.35367,5246.38,2051.47,2.07,1.9,35.0,-0.431,18.34,18.61,02a60659o0366o
60659.362227,-21.754,4.53,-7,33,o,0,1.12,9.82491,44.35367,5304.78,2128.95,2.13,1.93,32.5,-0.432,18.32,18.6,02a60659o0377o
60659.365425,-20.9,1.925,-16,30,o,0,1.14,9.82491,44.35367,5326.48,2011.74,2.09,1.94,39.1,-0.434,18.36,18.59,02a60659o0384o
60660.33138,21.095,1.776,13,24,o,0,1.14,9.82491,44.35367,9333.47,8166.99,2.72,2.62,-51.0,-0.456,18.72,19.17,01a60660o0303o
60660.334609,-23.97,26.167,-1,24,o,0,1.22,9.82491,44.35367,9354.45,8206.05,2.77,2.56,-55.9,-0.459,18.73,19.16,01a60660o0310o
60660.355545,20.042,0.7,35,24,o,0,1.22,9.82491,44.35367,9291.86,8130.62,2.64,2.51,-60.0,-0.461,18.69,19.09,01a60660o0355o
60660.361557,-19.845,0.546,-42,23,o,0,1.13,9.82491,44.35367,9273.31,8249.29,2.67,2.55,-68.6,-0.454,18.67,19.06,01a60660o0368o
60661.36994,20.919,1.495,16,23,o,0,1.19,9.82491,44.35367,9332.19,8174.72,2.85,2.75,-67.7,-0.424,18.72,19.35,01a60661o0190o
60661.382414,-21.683,3.8,-8,29,o,0,0.98,9.82491,44.35367,9346.75,8215.35,3.38,3.17,-58.2,-0.38,18.49,19.24,01a60661o0217o
60661.392678,-20.51,1.223,-23,28,o,0,1.14,9.82491,44.35367,9282.02,8141.77,3.34,3.15,-62.4,-0.387,18.45,19.18,01a60661o0239o
60661.395476,-19.749,0.676,-46,31,o,0,0.83,9.82491,44.35367,9264.52,8259.31,3.16,3.07,-72.2,-0.418,18.52,19.17,01a60661o0245o
60661.400406,-21.678,3.212,-8,25,o,0,1.17,9.82491,44.35367,1258.56,2335.76,2.17,1.97,34.5,-0.453,18.49,19.0,02a60661o0457o
60661.403276,-19.831,0.598,-42,25,o,0,1.09,9.82491,44.35367,1240.66,2295.66,2.03,1.94,-65.3,-0.458,18.56,18.96,02a60661o0463o
60661.40942,-21.079,2.044,-13,28,o,0,0.95,9.82491,44.35367,1300.66,2371.91,2.12,2.01,-48.1,-0.452,18.47,18.95,02a60661o0476o
60661.419634,-19.656,0.472,-50,24,o,0,1.64,9.82491,44.35367,1317.44,2255.4,2.01,1.95,-55.7,-0.457,18.46,18.85,02a60661o0498o
60662.357866,-26.173,170.0,0,21,o,0,0.79,9.82491,44.35367,4966.85,7905.43,2.35,1.98,32.4,-0.423,19.03,19.7,02a60662o0367o
60662.361576,-20.229,0.615,-29,18,o,0,1.2,9.82491,44.35367,4949.16,7865.42,2.29,1.96,31.6,-0.421,19.01,19.68,02a60662o0375o
60662.367211,-21.732,2.371,-7,18,o,0,1.09,9.82491,44.35367,5004.54,7941.84,2.24,1.98,31.0,-0.424,19.03,19.66,02a60662o0387o
60662.386414,-20.841,1.2,-17,20,o,0,0.92,9.82491,44.35367,5019.62,7826.36,2.52,1.99,35.2,-0.414,18.89,19.53,02a60662o0429o
60663.291171,21.919,1.806,6,11,o,0,1.27,9.82491,44.35367,4940.8,7919.9,2.06,1.82,27.7,-0.442,19.56,20.83,02a60663o0220o
60663.296672,-20.796,0.7,-17,12,o,0,1.2,9.82491,44.35367,4921.15,7879.58,2.06,1.87,27.1,-0.442,19.56,20.82,02a60663o0232o
60663.308247,-21.296,1.38,-11,15,o,0,0.74,9.82491,44.35367,4976.83,7955.84,2.09,1.83,26.7,-0.444,19.48,20.58,02a60663o0257o
60663.311449,-21.75,1.431,-7,10,o,0,1.66,9.82491,44.35367,4997.26,7839.53,2.08,1.81,29.5,-0.444,19.45,20.47,02a60663o0264o
60665.29528,-20.113,0.348,-33,11,o,0,1.28,9.82491,44.35367,1561.02,6672.37,2.49,2.33,45.1,-0.433,19.48,20.75,01a60665o0217o
60665.298502,-20.865,0.664,-16,11,o,0,1.24,9.82491,44.35367,1583.7,6711.59,2.57,2.34,43.8,-0.428,19.49,20.72,01a60665o0224o
60665.304031,21.482,1.274,9,12,o,0,1.19,9.82491,44.35367,1524.8,6631.8,2.55,2.33,39.4,-0.43,19.5,20.74,01a60665o0236o
60665.316595,-20.314,0.42,-27,11,o,0,1.24,9.82491,44.35367,1506.35,6745.54,2.61,2.38,41.8,-0.424,19.47,20.77,01a60665o0263o
60667.285729,-20.452,0.46,-24,11,o,0,1.86,9.82491,44.35367,8730.37,7790.66,2.16,2.07,-77.0,-0.444,19.49,20.63,02a60667o0206o
60667.290961,-20.906,0.818,-16,13,o,0,1.08,9.82491,44.35367,8711.88,7752.68,2.19,2.01,-68.6,-0.45,19.53,20.6,02a60667o0217o
60667.29462,-20.857,0.755,-16,12,o,0,1.32,9.82491,44.35367,8766.52,7830.51,2.14,2.07,-79.2,-0.448,19.45,20.6,02a60667o0225o
60667.31536,20.382,0.456,26,12,o,0,1.06,9.82491,44.35367,8788.35,7714.28,2.13,2.05,-71.9,-0.449,19.48,20.6,02a60667o0270o
60671.267688,-19.885,0.283,-40,11,o,0,1.0,9.82491,44.35367,2909.3,9988.27,2.09,1.83,-47.9,-0.451,19.54,20.78,02a60671o0162o
60671.270953,-21.053,0.894,-14,12,o,0,1.43,9.82491,44.35367,2889.68,9949.26,2.07,1.9,-36.3,-0.447,19.52,20.79,02a60671o0169o
60671.277935,21.599,1.532,8,13,o,0,1.11,9.82491,44.35367,2945.79,10030.29,2.11,1.94,-40.1,-0.443,19.53,20.79,02a60671o0184o
60671.289513,21.589,1.547,8,13,o,0,1.37,9.82491,44.35367,2963.74,9909.82,2.14,1.97,-29.2,-0.44,19.45,20.77,02a60671o0209o
60673.278624,-20.764,0.705,-18,13,o,0,1.42,9.82491,44.35367,5717.24,688.0,2.58,2.52,53.6,-0.435,19.44,20.71,01a60673o0184o
60673.281863,-20.854,0.718,-16,12,o,0,1.44,9.82491,44.35367,5735.45,726.71,2.61,2.55,35.5,-0.427,19.4,20.68,01a60673o0191o
60673.290693,20.631,0.584,20,12,o,0,1.3,9.82491,44.35367,5683.97,647.89,2.55,2.5,53.5,-0.433,19.41,20.65,01a60673o0210o
60673.312869,20.676,0.588,20,12,o,0,1.56,9.82491,44.35367,5666.53,763.86,2.43,2.41,-30.4,-0.444,19.42,20.59,01a60673o0258o
60675.279012,-21.544,1.63,-9,14,o,0,1.53,9.82491,44.35367,6829.89,7839.92,2.58,2.41,37.1,-0.421,19.25,20.62,02a60675o0118o
60677.271625,-20.589,0.546,-21,12,o,0,1.21,9.82491,44.35367,3339.83,8546.24,2.56,2.44,51.8,-0.408,19.45,20.65,01a60677o0165o
60677.275343,-20.01,0.324,-36,12,o,0,1.27,9.82491,44.35367,3361.09,8584.69,2.73,2.59,48.8,-0.4,19.4,20.62,01a60677o0173o
60677.281323,21.456,1.304,10,12,o,0,1.33,9.82491,44.35367,3300.41,8506.09,2.67,2.53,49.5,-0.39,19.37,20.59,01a60677o0186o
60677.295202,-21.879,1.944,-6,12,o,0,1.31,9.82491,44.35367,3282.72,8621.07,2.43,2.34,52.4,-0.411,19.43,20.55,01a60677o0216o
60679.256882,-20.502,0.546,-23,12,o,0,1.65,9.82491,44.35367,5097.23,5980.66,2.35,1.83,32.8,-0.433,19.38,20.5,02a60679o0131o
60679.260052,-23.185,7.765,-2,15,o,0,0.67,9.82491,44.35367,5078.38,5941.6,2.29,1.85,32.4,-0.435,19.41,20.53,02a60679o0138o
60679.265557,-20.834,0.682,-17,12,o,0,1.19,9.82491,44.35367,5135.87,6018.41,2.3,1.83,32.1,-0.433,19.41,20.54,02a60679o0150o
60679.283034,-20.573,0.702,-21,15,o,0,1.42,9.82491,44.35367,5153.78,5900.58,2.29,1.78,34.0,-0.44,19.15,20.1,02a60679o0188o
60681.259697,-20.085,0.339,-34,11,o,0,1.48,9.82491,44.35367,5485.19,6508.25,2.65,2.41,50.7,-0.397,19.29,20.24,01a60681o0134o
60681.26338,-19.943,0.354,-38,14,o,0,1.32,9.82491,44.35367,5506.31,6547.15,2.68,2.42,44.7,-0.389,19.26,20.24,01a60681o0142o
60681.269808,22.28,3.294,4,15,o,0,0.94,9.82491,44.35367,5448.96,6469.86,2.6,2.39,36.6,-0.404,19.28,20.26,01a60681o0156o
60681.281071,-20.191,0.415,-30,13,o,0,1.48,9.82491,44.35367,5429.26,6584.9,2.53,2.31,32.1,-0.402,19.32,20.24,01a60681o0180o
60683.225024,21.3,1.455,11,16,o,0,1.25,9.82491,44.35367,7032.55,3971.94,2.16,1.92,34.7,-0.427,19.05,19.64,02a60683o0060o
60683.230691,-20.79,0.832,-18,15,o,0,1.66,9.82491,44.35367,7014.61,3932.56,2.13,1.95,35.5,-0.423,19.05,19.65,02a60683o0072o
60683.246818,20.94,0.944,15,14,o,0,1.56,9.82491,44.35367,7073.09,4011.06,2.14,1.89,33.6,-0.419,19.05,19.65,02a60683o0107o
60683.250018,-20.305,0.668,-27,18,o,0,1.17,9.82491,44.35367,7092.11,3891.48,2.16,1.92,33.9,-0.415,19.03,19.64,02a60683o0114o
60685.285308,-21.293,2.264,-11,25,o,0,0.86,9.82491,44.35367,7477.32,2506.76,2.46,2.38,12.2,-0.439,18.73,19.1,01a60685o0178o
60685.291063,19.781,1.681,44,75,o,0,1.66,9.82491,44.35367,3033.97,8027.45,2.25,2.08,20.4,-0.413,18.1,18.18,02a60685o0151o
60685.292288,-20.575,1.061,-21,23,o,0,1.02,9.82491,44.35367,7495.36,2545.51,2.35,2.3,10.1,-0.449,18.79,19.04,01a60685o0193o
60685.295071,19.951,0.702,38,27,o,0,1.51,9.82491,44.35367,7439.08,2469.09,2.43,2.39,14.0,-0.444,18.5,18.69,01a60685o0199o
60685.305713,21.192,1.871,12,23,o,0,1.23,9.82491,44.35367,7417.48,2587.49,2.34,2.3,5.9,-0.458,18.74,18.98,01a60685o0222o
60687.285953,22.334,5.833,4,25,o,0,1.22,9.82491,44.35367,3244.87,2215.04,2.37,2.23,32.7,-0.426,18.48,19.0,02a60687o0148o
60687.289188,-19.457,0.481,-60,29,o,0,1.25,9.82491,44.35367,3226.15,2175.25,2.74,2.6,37.9,-0.405,18.37,18.98,02a60687o0155o
60687.295598,19.425,0.517,62,32,o,0,1.05,9.82491,44.35367,3284.51,2251.78,2.53,2.4,34.8,-0.415,18.37,18.94,02a60687o0169o
60687.306786,-18.841,0.302,-106,32,o,0,1.31,9.82491,44.35367,3303.94,2132.8,2.77,2.72,-39.1,-0.411,18.23,18.85,02a60687o0193o
60688.284693,-20.25,1.349,-29,39,o,0,0.99,9.82491,44.35367,1580.42,4728.28,3.02,2.8,37.3,-0.363,18.16,18.61,01a60688o0183o
60688.297686,-17.742,1.186,-290,344,o,0,0.99,9.82491,44.35367,1541.77,4686.8,3.22,2.86,41.8,-0.346,16.41,16.49,01a60688o0211o
