MJD,m,dm,uJy,duJy,F,err,chi/N,RA,Dec,x,y,maj,min,phi,apfit,mag5sig,Sky,Obs
60659.496868,19.158,0.678,79,54,o,0,1.54,147.94065,48.00739,7037.42,1360.53,2.26,1.95,-57.1,-0.433,17.67,18.08,02a60659o0666o
60659.499612,19.082,0.387,85,33,o,0,1.32,147.94065,48.00739,7058.22,1399.96,2.22,1.89,-57.6,-0.442,18.16,18.36,02a60659o0672o
60659.502801,-21.062,3.339,-14,46,o,0,1.37,147.94065,48.00739,7003.56,1323.5,2.17,1.85,-57.4,-0.469,17.74,17.84,02a60659o0679o
60659.518428,19.182,0.973,77,75,o,0,1.28,147.94065,48.00739,6992.63,1446.08,2.08,1.91,-60.3,-0.422,17.45,17.8,02a60659o0713o
60661.515611,-21.163,1.886,-12,24,o,0,1.08,147.94065,48.00739,1423.53,1081.71,1.94,1.88,-82.4,-0.485,18.53,18.9,02a60661o0702o
60661.517418,20.814,1.396,17,24,o,0,1.35,147.94065,48.00739,1442.31,1121.85,1.94,1.84,-74.7,-0.507,18.5,18.9,02a60661o0706o
60661.520587,19.922,0.581,39,23,o,0,1.09,147.94065,48.00739,1386.65,1040.97,1.92,1.84,89.0,-0.508,18.52,18.91,02a60661o0713o
60661.54356,19.49,0.324,58,19,o,0,2.03,147.94065,48.00739,1381.81,1161.99,1.94,1.86,45.7,-0.496,18.58,19.0,02a60661o0761o
60663.465394,-22.662,6.52,-3,20,o,0,1.33,147.94065,48.00739,8549.02,5685.03,2.24,2.09,26.5,-0.421,18.83,19.24,02a60663o0598o
60663.489153,20.428,0.809,24,20,o,0,1.16,147.94065,48.00739,8569.97,5729.28,2.17,2.07,38.6,-0.427,18.88,19.33,02a60663o0649o
60663.501589,22.187,3.537,5,17,o,0,1.64,147.94065,48.00739,8511.77,5655.59,2.2,2.03,37.2,-0.422,18.88,19.38,02a60663o0676o
60663.509868,20.13,0.668,32,22,o,0,1.01,147.94065,48.00739,8492.01,5774.5,2.26,2.07,41.8,-0.42,18.94,19.4,02a60663o0694o
60665.53249,23.138,8.267,2,17,o,0,0.91,147.94065,48.00739,3959.7,747.18,2.63,2.37,50.2,-0.443,19.21,20.21,01a60665o0727o
60665.534329,21.244,1.304,12,15,o,0,0.74,147.94065,48.00739,3937.08,708.41,2.42,2.13,52.0,-0.457,19.32,20.22,01a60665o0731o
60665.539817,20.308,0.512,27,14,o,0,1.26,147.94065,48.00739,3995.84,785.93,2.68,2.35,53.6,-0.426,19.21,20.2,01a60665o0743o
60665.545469,-21.506,1.58,-9,14,o,0,0.9,147.94065,48.00739,4017.67,669.22,2.71,2.33,52.0,-0.411,19.23,20.22,01a60665o0755o
60667.538842,21.895,3.71,6,24,o,0,1.35,147.94065,48.00739,4646.92,5928.83,2.79,1.98,38.1,-0.417,18.63,19.39,02a60667o0751o
60667.541153,-20.51,1.713,-23,39,o,0,1.12,147.94065,48.00739,4666.12,5967.93,2.74,1.98,39.1,-0.417,18.33,19.01,02a60667o0756o
60667.54391,-23.822,84.0,-1,90,o,0,1.45,147.94065,48.00739,4608.07,5890.6,2.77,1.99,40.4,-0.412,17.38,18.08,02a60667o0762o
60667.549817,-19.819,0.779,-43,33,o,0,1.13,147.94065,48.00739,4586.82,6007.35,2.8,1.95,38.1,-0.419,18.1,18.76,02a60667o0775o
60671.454803,20.855,0.788,16,13,o,0,0.59,147.94065,48.00739,4685.87,3696.23,2.32,1.99,37.6,-0.442,19.5,20.87,02a60671o0566o
60671.456636,-23.424,6.583,-2,10,o,0,1.49,147.94065,48.00739,4705.57,3735.31,2.4,2.0,37.7,-0.438,19.49,20.9,02a60671o0570o
60671.480207,-20.973,0.771,-15,11,o,0,1.14,147.94065,48.00739,4645.63,3657.2,2.34,1.99,41.4,-0.443,19.5,20.87,02a60671o0620o
60671.485821,21.326,1.069,11,11,o,0,1.18,147.94065,48.00739,4626.97,3775.12,2.32,1.98,42.0,-0.438,19.5,20.83,02a60671o0632o
60673.513887,-22.676,3.6,-3,11,o,0,1.19,147.94065,48.00739,7827.14,6799.17,3.03,2.56,45.2,-0.361,19.47,20.91,01a60673o0688o
60673.519061,20.954,0.752,15,11,o,0,1.06,147.94065,48.00739,7805.26,6760.5,2.83,2.57,43.3,-0.388,19.49,20.92,01a60673o0699o
60673.521931,22.376,2.593,4,11,o,0,1.12,147.94065,48.00739,7862.1,6838.35,2.9,2.58,47.8,-0.38,19.5,20.92,01a60673o0705o
60673.528873,-21.513,1.161,-9,10,o,0,1.16,147.94065,48.00739,7880.52,6722.96,2.82,2.53,43.6,-0.384,19.5,20.92,01a60673o0720o
60675.645304,21.066,0.783,14,11,o,0,0.89,147.94065,48.00739,3963.68,4732.84,2.48,1.91,32.0,-0.445,19.57,21.05,02a60675o0384o
60675.648641,25.44,45.0,0,11,o,0,1.0,147.94065,48.00739,3943.7,4691.07,2.41,1.87,32.2,-0.445,19.6,21.04,02a60675o0391o
60675.662802,22.604,3.034,3,10,o,0,1.11,147.94065,48.00739,4000.92,4766.8,2.34,1.8,31.7,-0.441,19.53,20.79,02a60675o0421o
60675.667997,20.748,0.686,18,12,o,0,1.13,147.94065,48.00739,4022.83,4651.71,2.35,1.82,32.2,-0.439,19.3,20.23,02a60675o0432o
60677.471167,-21.155,0.849,-12,11,o,0,1.09,147.94065,48.00739,5411.75,9090.35,2.84,2.55,61.7,-0.375,19.41,20.72,01a60677o0595o
60677.473001,22.671,3.727,3,12,o,0,0.84,147.94065,48.00739,5392.2,9051.27,2.79,2.5,61.2,-0.379,19.48,20.74,01a60677o0599o
60677.475764,21.057,0.927,14,13,o,0,1.0,147.94065,48.00739,5448.02,9129.86,3.07,2.73,61.6,-0.361,19.36,20.74,01a60677o0605o
60677.494595,21.513,1.255,9,11,o,0,1.08,147.94065,48.00739,5462.73,9010.89,3.68,2.85,55.5,-0.282,19.25,20.84,01a60677o0645o
60679.482048,-20.614,0.929,-21,19,o,0,1.51,147.94065,48.00739,4631.22,7666.62,2.63,1.99,41.2,-0.416,19.19,20.56,02a60679o0618o
60679.48387,-22.091,2.179,-5,12,o,0,1.12,147.94065,48.00739,4651.96,7706.5,2.59,1.97,40.8,-0.42,19.5,20.88,02a60679o0622o
60679.50367,22.458,2.467,4,9,o,0,1.67,147.94065,48.00739,4591.56,7628.27,2.45,1.93,40.3,-0.428,19.5,20.84,02a60679o0664o
60679.506444,20.333,0.448,27,12,o,0,1.65,147.94065,48.00739,4569.49,7747.57,2.49,1.94,41.4,-0.422,19.48,20.76,02a60679o0670o
60681.508864,-22.85,3.7,-3,10,o,0,1.3,147.94065,48.00739,10078.78,1051.52,2.59,2.38,6.6,-0.427,19.41,20.95,01a60681o0663o
60681.511176,-23.282,5.857,-2,10,o,0,1.0,147.94065,48.00739,10055.87,1012.57,2.49,2.28,-46.1,-0.43,19.53,20.95,01a60681o0668o
60681.51838,21.724,1.455,7,11,o,0,1.04,147.94065,48.00739,10115.98,1092.67,2.31,2.19,-13.2,-0.425,19.58,21.0,01a60681o0683o
60681.52822,-21.757,1.254,-7,9,o,0,1.19,147.94065,48.00739,10133.19,975.51,2.43,2.23,-38.1,-0.432,19.58,21.05,01a60681o0704o
60683.484859,20.32,0.497,27,14,o,0,1.34,147.94065,48.00739,8677.62,9688.19,2.38,2.3,78.0,-0.426,19.28,20.38,02a60683o0623o
60683.486669,-21.13,0.977,-13,12,o,0,1.68,147.94065,48.00739,8697.72,9726.83,2.4,2.31,-83.2,-0.426,19.3,20.4,02a60683o0627o
60683.495645,21.394,1.414,10,14,o,0,1.32,147.94065,48.00739,8626.15,9647.33,2.39,2.3,-78.3,-0.427,19.34,20.54,02a60683o0646o
60683.500768,25.886,85.0,0,14,o,0,1.13,147.94065,48.00739,8608.79,9770.32,2.56,2.42,79.4,-0.414,19.32,20.59,02a60683o0657o
60685.473006,23.171,8.769,2,17,o,0,1.08,147.94065,48.00739,90.48,5034.37,2.95,2.62,56.0,-0.334,18.98,19.85,01a60685o0581o
60685.474834,-20.603,0.646,-21,14,o,0,1.78,147.94065,48.00739,69.62,4998.59,2.62,2.4,55.9,-0.371,19.07,19.86,01a60685o0585o
60685.478622,-21.164,1.265,-12,16,o,0,1.12,147.94065,48.00739,9837.35,5041.77,2.71,2.69,18.0,-0.388,19.0,19.88,01a60685o0593o
60685.481042,-20.635,0.702,-20,14,o,0,1.33,147.94065,48.00739,128.58,5074.04,2.73,2.45,57.8,-0.364,19.05,19.89,01a60685o0598o
60685.482426,-20.393,0.759,-25,19,o,0,0.83,147.94065,48.00739,9818.36,5001.64,2.57,2.52,33.6,-0.406,19.07,19.89,01a60685o0601o
60685.486226,21.446,1.478,10,14,o,0,1.09,147.94065,48.00739,146.83,4958.36,2.81,2.52,53.3,-0.359,19.05,19.9,01a60685o0609o
60685.48714,20.336,0.483,27,13,o,0,1.55,147.94065,48.00739,9876.36,5080.81,2.54,2.44,28.0,-0.402,19.11,19.9,01a60685o0611o
60685.492678,23.969,16.857,1,16,o,0,1.19,147.94065,48.00739,9896.05,4964.66,2.62,2.5,31.1,-0.39,19.08,19.94,01a60685o0623o
60687.544415,-20.312,1.573,-27,43,o,0,0.98,147.94065,48.00739,1621.99,9355.79,3.53,3.28,-45.9,-0.44,18.15,19.03,02a60687o0659o
60687.547635,-22.797,11.053,-3,30,o,0,0.99,147.94065,48.00739,1604.43,9316.67,2.41,2.21,-39.2,-0.467,18.55,19.04,02a60687o0666o
60687.582701,-21.436,2.545,-10,25,o,0,1.34,147.94065,48.00739,1648.96,9384.67,2.48,2.19,-37.6,-0.459,18.48,19.01,02a60687o0741o
60687.590058,-19.62,0.597,-52,31,o,0,1.08,147.94065,48.00739,1673.34,9267.18,2.6,2.42,-37.2,-0.445,18.42,19.02,02a60687o0757o
