CSP 2008bd SN2008bd 154.597167 -13.103111 0.0301 0.03057728292818762 54538.0
++++++++++++++++++++++++++++++++++++++++++++++++++++++++++++++++
t0, 54522.0732025374, 0.1570283042747178
x0, 0.001790247104186559, 3.3945008037353526e-05
x1, -2.395453621546084, 0.058797452244801596
c, 0.08103204448829576, 0.013317885226446533
mu, 36.254737653562906, 0.04560507704118184
hostMass, 11.066906876654066, 0.0008724495479113708
++++++++++++++++++++++++++++++++++++++++++++++++++++++++++++++++
zp, 15.111, 15.111, 15.111, 15.111, 15.111, 15.111, 15.111, 15.111, 15.111, 15.111, 14.903, 14.903, 14.903, 14.903, 14.903, 14.903, 14.903, 14.903, 14.903, 14.545, 14.545, 14.545, 14.545, 14.545, 14.545, 14.545, 14.545, 14.545, 14.545, 14.545, 14.545, 14.545, 14.545, 14.545, 14.545, 14.328, 14.328, 14.328, 14.328, 14.328, 14.328, 14.328, 14.328, 14.328, 14.328, 14.328, 14.439, 14.439, 14.439, 14.439, 14.439, 14.439, 14.439, 14.439, 14.439, 14.439, 13.921, 13.921, 13.921, 13.921, 13.921, 13.921, 13.77, 13.77, 13.866, 13.502
filters, g, g, g, g, g, g, g, g, g, g, r, r, r, r, r, r, r, r, r, i, i, i, i, i, i, i, i, i, i, i, i, i, i, i, i, B, B, B, B, B, B, B, B, B, B, B, V, V, V, V, V, V, V, V, V, V, Y, Y, Y, Y, Y, Y, Ydw, Ydw, J, H
time, 54541.7, 54542.6, 54547.68, 54548.68, 54549.66, 54551.64, 54552.77, 54558.62, 54560.64, 54564.67, 54541.7, 54542.6, 54543.65, 54547.68, 54548.68, 54549.66, 54551.64, 54552.77, 54570.61, 54541.7, 54542.6, 54543.65, 54547.68, 54548.68, 54549.66, 54551.64, 54552.77, 54560.64, 54564.67, 54570.61, 54575.66, 54576.62, 54580.58, 54589.59, 54592.62, 54542.6, 54543.65, 54547.68, 54549.66, 54551.64, 54552.77, 54560.64, 54564.67, 54568.71, 54580.58, 54592.62, 54542.6, 54543.65, 54547.68, 54548.68, 54549.66, 54551.64, 54560.64, 54568.71, 54570.61, 54576.62, 54546.74, 54546.73, 54550.72, 54550.72, 54559.67, 54559.68, 54599.55, 54607.65, 54550.72, 54546.74
flux, 0.023724660151048144, 0.0216371472177911, 0.013791134690236006, 0.012450878639160532, 0.010924460532267923, 0.00954992586021435, 0.008558546212208237, 0.00707945784384138, 0.0059374504730219605, 0.00505358994753168, 0.05316183950739634, 0.04952220800885215, 0.04613175745603802, 0.03268887692472716, 0.03107420310388586, 0.02910717118066611, 0.02387811282913182, 0.022100393173491828, 0.008574326166361805, 0.03042285727480961, 0.03480166322150042, 0.03247880187635376, 0.028628592708721257, 0.026964973635434195, 0.023790304458806262, 0.017635996338979977, 0.017750067135006528, 0.01081433951297937, 0.008709635899560805, 0.006131969697156825, 0.005525861556300781, 0.005133339643802902, 0.0047951257408135025, 0.003299134337888649, 0.0030507034978225155, 0.006534313996495986, 0.005214347854144573, 0.003580964371026355, 0.0033481121738605417, 0.0030088462766457206, 0.0022141141120912617, 0.0020758692704951963, 0.0017733726245425586, 0.002037980386287055, 0.0012223624492787325, 0.0009162204901220011, 0.021458531598843728, 0.019390990786148518, 0.014008769839545833, 0.013803842646028866, 0.010327614057613975, 0.009410224835267517, 0.006504291550788021, 0.005176068319505676, 0.005623413251903491, 0.004222795013060564, 0.0318566423657311, 0.030817684166115054, 0.029133992225701583, 0.027039583641088393, 0.017571142465950915, 0.016099040762157055, 0.0026693160636242874, 0.002189777555098576, 0.024389337302789128, 0.02259435770220977
dflux, 0.000458875609921288, 0.0004583566282751511, 0.0006859136409093466, 0.000860076226476271, 0.0004829663994355569, 0.0003782196911087599, 0.0005360244411853326, 0.00028689855211967724, 0.00028983548093090123, 0.00028858075780641704, 0.0006854940913288875, 0.0006385629484266667, 0.0006798227010040965, 0.0007526892071359382, 0.0006582691709618274, 0.0005093652122946904, 0.00046184364785318606, 0.00044781471566118905, 0.0003474788347911492, 0.0012329014305918126, 0.0005449097784275368, 0.0005384534762793543, 0.0007119335246885956, 0.0005960558047289112, 0.0005039686437226612, 0.0007309508808641914, 0.00042505881584097943, 0.00040837536603186974, 0.00032889671571884575, 0.0004122859548486439, 0.00043260805914655995, 0.00037351046237863133, 0.0003135696554151493, 0.00034944072712553054, 0.0003399860128259764, 0.000349062884829557, 0.0003217736543155195, 0.0004320628993936477, 0.0002991213514306831, 0.00026049748434768685, 0.00028753769878606453, 0.00017016321668598123, 0.00014536695275759704, 0.0002008442754115335, 0.00021053159783507855, 0.00012067344674817535, 0.00045457287378876117, 0.0004286343006966766, 0.000490297045976587, 0.0006229766371345186, 0.00043755586722474146, 0.0003380183574675857, 0.0002516083040575713, 0.0002479014252585002, 0.00039363098077757576, 0.00045116320093990835, 0.0011443010252571303, 0.0009366764901317362, 0.001207502931569488, 0.0010708882060590558, 0.0008577318750302322, 0.0007562159899171053, 0.0001598045117913616, 0.00019563538722730563, 0.0016173655056404886, 0.0021018274217276902
mag, 19.173, 19.273, 19.762, 19.873, 20.015, 20.161, 20.28, 20.486, 20.677, 20.852, 18.089, 18.166, 18.243, 18.617, 18.672, 18.743, 18.958, 19.042, 20.07, 18.337, 18.191, 18.266, 18.403, 18.468, 18.604, 18.929, 18.922, 19.46, 19.695, 20.076, 20.189, 20.269, 20.343, 20.749, 20.834, 19.79, 20.035, 20.443, 20.516, 20.632, 20.965, 21.035, 21.206, 21.055, 21.61, 21.923, 18.61, 18.72, 19.073, 19.089, 19.404, 19.505, 19.906, 20.154, 20.064, 20.375, 17.663, 17.699, 17.76, 17.841, 18.309, 18.404, 20.204, 20.419, 17.898, 17.617
dmag, 0.021, 0.023, 0.054, 0.075, 0.048, 0.043, 0.068, 0.044, 0.053, 0.062, 0.014, 0.014, 0.016, 0.025, 0.023, 0.019, 0.021, 0.022, 0.044, 0.044, 0.017, 0.018, 0.027, 0.024, 0.023, 0.045, 0.026, 0.041, 0.041, 0.073, 0.085, 0.079, 0.071, 0.115, 0.121, 0.058, 0.067, 0.131, 0.097, 0.094, 0.141, 0.089, 0.089, 0.107, 0.187, 0.143, 0.023, 0.024, 0.038, 0.049, 0.046, 0.039, 0.042, 0.052, 0.076, 0.116, 0.039, 0.033, 0.045, 0.043, 0.053, 0.051, 0.065, 0.097, 0.072, 0.101
