ATLAS 2018efn 1144509771091625100 221.2905622978074 9.273927894946588 0.024 0.022921624681819575 58325.280995370355
++++++++++++++++++++++++++++++++++++++++++++++++++++++++++++++++
t0, 58694.768032719, 3.7410745048400713
x0, 2.5853162887929413, 3.0867857234965035
x1, -3.6508884625295006, 1.4956795263820528
c, -0.04580930864043397, 0.8104923796947084
mu, 28.54164159881023, 1.1164979633968553
hostMass, 10.432550861391366, 0.0007579384058977742
++++++++++++++++++++++++++++++++++++++++++++++++++++++++++++++++
zp, 22.243, 22.217, 22.211, 22.262, 21.98, 22.192, 22.233, 22.224, 22.237, 22.227, 22.271, 22.27, 22.266, 22.266, 22.079, 22.214, 22.206, 22.229, 22.025, 22.131, 22.248, 22.161, 22.174, 22.229, 22.227, 22.224, 22.215, 22.232, 22.105, 22.269, 22.245, 22.266, 22.262, 22.257, 22.221, 22.213, 22.205, 22.0, 21.992, 20.478, 21.491, 22.251, 22.179, 22.193, 22.202, 21.424, 22.221, 22.224, 22.3, 22.292, 22.281, 22.264, 22.273, 22.273, 22.262, 22.26, 22.283, 22.249, 22.223, 22.263, 22.263, 22.257, 22.253, 22.279, 22.261, 22.216, 22.175, 22.18, 22.15, 22.147, 22.222, 22.238, 22.231, 22.216, 22.193, 22.212, 22.217, 22.217, 22.201, 22.139, 22.12, 22.174, 22.143, 22.126, 21.864, 22.151, 22.187, 22.235, 22.237, 22.135, 22.251, 22.249, 22.255, 22.284, 22.248, 22.223, 22.216, 22.25, 22.25, 22.25, 22.199, 21.352, 22.225, 22.211, 22.225, 22.156, 22.256, 22.181, 22.198, 22.291, 22.226, 22.224, 22.233, 22.232, 22.262, 22.239, 22.239, 22.244, 22.173, 22.174, 22.244, 22.241, 22.236, 22.179, 22.054, 22.18, 22.24, 22.29, 22.282, 22.279, 22.259
filters, o, c, c, o, o, o, o, o, o, o, o, o, o, o, o, o, o, o, o, o, o, o, o, o, o, o, o, o, o, o, o, o, o, o, o, o, o, o, o, c, c, o, o, o, o, o, o, o, c, c, c, c, o, o, o, o, c, c, c, o, o, o, o, c, c, c, o, o, o, o, o, o, o, o, o, o, o, o, o, o, o, o, o, o, o, o, o, o, o, o, o, o, o, o, o, o, o, o, o, o, o, o, o, o, o, o, o, o, o, o, o, o, o, o, c, o, o, o, o, o, c, o, o, o, o, o, o, o, o, o, o
time, 58300.40534135, 58315.36751525, 58315.37802695, 58316.31680435, 58317.31216775, 58317.32729505, 58318.29076935, 58318.30118545, 58318.31142495, 58318.32118435, 58321.28276535, 58321.29231505, 58321.30186795, 58321.30991705, 58322.31092365, 58322.33029205, 58322.34052785, 58323.26192435, 58323.28359295, 58323.29370705, 58324.30596165, 58325.28143185, 58325.29154905, 58326.28419635, 58326.29311285, 58326.30155265, 58326.31066845, 58327.26511395, 58327.27511165, 58327.28109315, 58327.28418045, 58327.29208605, 58327.30358115, 58327.31421115, 58328.35870145, 58328.36546695, 58328.37202445, 58329.24068435, 58329.24116295, 58331.33289265, 58331.35320005, 58332.27113385, 58332.28097555, 58332.29026535, 58332.30014135, 58333.24026065, 58333.25322305, 58333.25368245, 58335.29268905, 58335.30283865, 58335.31303775, 58335.32319015, 58337.23963815, 58337.24009785, 58337.25166655, 58337.25704785, 58338.30486055, 58338.32667915, 58338.33771055, 58341.23909335, 58341.24047655, 58341.24926565, 58341.26145555, 58342.29723655, 58342.30810755, 58342.33009975, 58344.24430955, 58344.25322995, 58344.26394835, 58344.27417925, 58347.24719105, 58348.26968925, 58348.27943395, 58348.29725815, 58351.23730105, 58351.24472205, 58351.25162755, 58361.26126495, 58361.27862505, 58362.28956275, 58362.29729675, 58363.26831785, 58367.27987065, 58367.28667855, 58371.27618055, 58373.26501365, 58465.63414165, 58501.60451275, 58501.61042645, 58503.63394585, 58510.64222415, 58510.64991275, 58516.64961435, 58556.58935935, 58612.43172435, 58615.41848045, 58618.37944375, 58652.36089975, 58652.36655415, 58652.37699045, 58654.35573225, 58658.41860585, 58664.40239845, 58664.42302675, 58680.36666075, 58689.41175765, 58829.65559615, 58836.61179045, 58836.61829335, 58888.61815605, 58952.52614725, 58952.54243105, 58956.43239465, 58957.49230025, 58958.48975025, 58972.35489045, 58972.36137415, 58977.45094065, 58979.44313245, 58979.44607585, 58983.46047605, 59000.44311755, 59000.46081705, 59007.34363985, 59008.42589485, 59009.42931845, 59013.39257725, 59036.33027525, 59040.34507465, 59044.32105805, 59044.34511415
flux, 536.0, 245.8, 173.5, 1642.9, 1471.0, 1172.8, 1073.0, 1356.6, 468.4, 1475.8, 533.5, 650.6, 3282.4, 3111.7, 1594.3, 1686.9, 691.7, 13171.5, 568.3, 5253.3, 2010.6, 1605.9, 2028.0, 1102.3, 2440.8, 363.4, 1798.0, 5006.7, 1530.2, 4770.3, 4393.3, 5322.8, 3295.2, 2882.3, 3210.0, 4095.1, 3197.0, 1920.4, 3421.1, 963.2, 1252.2, 1122.9, 2712.4, 4816.5, 4211.3, 1790.5, 4668.5, 3203.8, 2159.8, 1416.5, 1303.6, 928.3, 201.3, 4067.0, 2887.3, 947.3, 1497.4, 1995.6, 1054.8, 5804.5, 2457.0, 1011.6, 1787.0, 597.3, 673.3, 975.8, 2498.0, 2384.6, 1572.9, 1987.9, 1190.0, 1689.6, 2055.5, 1556.4, 2063.1, 1845.3, 899.6, 1126.6, 1476.2, 1559.6, 1091.8, 242.7, 2135.3, 2384.1, 2410.0, 4502.9, 104.2, 763.1, 1369.5, 1814.6, 1329.6, 856.7, 93.4, 564.1, 542.8, 1328.5, 4621.7, 3158.7, 1480.5, 503.8, 2170.7, 171.3, 230.8, 809.0, 659.6, 71641.9, 205.3, 1103.8, 1847.0, 1768.3, 1348.1, 648.4, 586.6, 1262.0, 790.1, 904.8, 4.6, 881.7, 1670.8, 636.3, 1731.9, 1632.4, 674.6, 27.3, 1465.4, 2444.1, 691.9, 938.0, 514.8, 203.0, 1382.2
dflux, 829.0, 426.6, 434.4, 582.7, 796.8, 643.5, 841.8, 846.6, 846.9, 779.8, 903.6, 844.0, 877.7, 824.7, 1308.2, 1030.8, 1067.1, 1864.4, 1100.3, 1109.3, 1199.9, 1328.4, 1127.2, 1295.3, 1306.3, 1247.5, 1247.7, 803.7, 1152.9, 1135.0, 1104.4, 1012.4, 1287.2, 1317.2, 1504.7, 1917.1, 2444.9, 2168.0, 1325.3, 708.0, 1152.1, 496.4, 536.6, 517.5, 549.1, 2107.8, 663.1, 619.9, 440.5, 389.7, 448.6, 419.6, 1488.1, 1442.4, 554.9, 618.1, 508.1, 486.1, 437.0, 1076.0, 943.6, 624.7, 629.2, 397.0, 386.0, 405.4, 859.6, 500.9, 703.2, 492.4, 923.5, 770.7, 762.0, 869.5, 1438.3, 934.1, 833.8, 593.6, 471.3, 722.0, 739.2, 560.2, 607.0, 694.1, 656.6, 1550.6, 703.3, 537.7, 487.9, 1241.6, 763.6, 741.8, 551.4, 448.9, 487.4, 664.6, 1220.9, 877.5, 928.2, 885.7, 718.5, 628.4, 480.6, 623.9, 1108.0, 6367.6, 1997.1, 1015.1, 1027.8, 1214.5, 735.8, 726.3, 535.3, 549.4, 357.1, 840.9, 793.6, 1350.7, 893.2, 897.3, 387.5, 731.7, 712.4, 795.1, 1074.8, 775.8, 547.0, 918.4, 504.4, 501.1, 503.8
mag, 18.99, 20.0, 19.24, 19.79, 18.66, 18.56, 18.57, 18.56, 18.53, 18.58, 18.26, 18.44, 18.21, 18.89, 18.23, 17.92, 18.02, 18.5, 17.61, 17.58, 17.84, 17.89, 17.61, 17.92, 17.41, 17.66, 17.59, 17.65, 17.48, 17.41, 17.32, 17.57, 17.39, 17.22, 17.3, 17.78, 17.08, 17.31, 17.32, 17.63, 17.85, 17.61, 17.51, 17.18, 17.42, 17.25, 17.25, 17.49, 18.54, 18.29, 18.67, 18.83, 17.58, 17.85, 17.66, 18.05, 18.65, 18.4, 19.27, 17.97, 17.97, 18.23, 18.8, 19.2, 18.89, 18.42, 18.1, 17.86, 18.25, 17.82, 18.2, 18.54, 18.98, 17.83, 18.89, 19.01, 19.39, 19.48, 19.66, 18.58, 18.82, 19.5, 17.86, 18.51, 18.0, 18.54, 17.77, 19.69, 18.98, 19.18, 18.66, 19.64, 19.89, 19.82, 19.27, 19.61, 19.36, 19.4, 19.35, 19.3, 19.16, 18.48, 19.76, 19.84, 18.62, 16.85, 18.64, 18.54, 18.6, 18.94, 19.87, 18.37, 19.65, 18.69, 20.3, 19.23, 19.18, 19.16, 19.13, 19.24, 20.01, 19.55, 19.28, 19.12, 18.81, 19.36, 18.83, 19.75, 19.88, 19.89, 19.91
dmag, 0.23, 0.26, 0.14, 0.28, 0.2, 0.12, 0.12, 0.12, 0.12, 0.12, 0.12, 0.14, 0.12, 0.23, 0.16, 0.09, 0.1, 0.13, 0.08, 0.08, 0.1, 0.16, 0.1, 0.09, 0.06, 0.08, 0.07, 0.06, 0.07, 0.07, 0.05, 0.08, 0.08, 0.07, 0.09, 0.17, 0.12, 0.13, 0.11, 0.23, 0.19, 0.05, 0.05, 0.04, 0.04, 0.26, 0.04, 0.05, 0.08, 0.06, 0.08, 0.1, 0.12, 0.13, 0.05, 0.06, 0.09, 0.07, 0.15, 0.11, 0.09, 0.09, 0.15, 0.13, 0.1, 0.07, 0.09, 0.07, 0.09, 0.06, 0.09, 0.14, 0.22, 0.09, 0.29, 0.2, 0.28, 0.24, 0.31, 0.12, 0.17, 0.25, 0.07, 0.13, 0.09, 0.3, 0.09, 0.26, 0.14, 0.27, 0.11, 0.27, 0.27, 0.26, 0.19, 0.21, 0.28, 0.31, 0.3, 0.28, 0.17, 0.19, 0.27, 0.3, 0.23, 0.23, 0.28, 0.17, 0.16, 0.24, 0.28, 0.1, 0.18, 0.09, 0.31, 0.18, 0.16, 0.29, 0.2, 0.23, 0.24, 0.25, 0.2, 0.22, 0.2, 0.22, 0.09, 0.3, 0.24, 0.24, 0.23
