ZTF 2020yo req00381091 46.5270791666667 13.9134527777778 0.09 0.09021158095028792
++++++++++++++++++++++++++++++++++++++++++++++++++++++++++++++++
t0, 58862.79034678569, 1.4221796492383874
x0, 5.1088266253399844e-05, 3.624835693133651e-06
x1, 4.999937377597736, 7.839739394468879
c, 0.38998987500486126, 0.10320549596920618
mu, 40.32701767979392, 1.6179694126473514
hostMass, 10.32668108601848, 0.008382045035894648
++++++++++++++++++++++++++++++++++++++++++++++++++++++++++++++++
zp, 26.0918, 25.0381, 26.1614, 26.1443, 26.1986, 24.1397, 26.1113, 26.1725, 26.1668, 26.154, 26.1548, 26.1403, 26.1417, 26.118, 26.1184, 26.0735, 26.1244, 26.1439, 26.1439, 25.6874, 26.1021, 26.13, 26.1393, 26.1539, 26.1634, 26.1607, 26.1533, 26.1553, 26.1559, 26.0919, 26.0884, 26.1339, 26.1434, 26.1506, 26.154, 26.1621, 26.1571, 26.1533, 26.1522, 26.1514, 26.149, 25.9969, 26.0351, 26.004, 26.0175, 25.9814, 26.087, 26.1202, 26.1311, 26.1358, 26.1286, 26.1489, 26.1332, 26.1408, 26.132, 26.126, 26.1213, 26.1184, 26.132, 26.1214, 26.1588, 26.2296, 26.1662, 26.3673, 26.2734, 26.2796, 26.359, 26.287, 26.3498, 26.2814, 26.2802, 26.2682, 26.3383, 26.2739, 26.3595, 26.3631, 28.604, 28.6335, 26.3782, 28.8305, 25.4281, 26.2733, 26.2648, 26.2589, 26.2458, 26.0128, 25.8443, 26.2167, 26.261, 26.2144, 26.2156, 26.1259, 26.2376, 25.9324, 25.9577, 25.8086, 26.1531, 26.2037, 26.2729, 26.2416, 26.3139, 26.2584, 26.3957, 26.2845, 26.2895, 26.2763, 26.2843, 26.2959
filters, ZTF_r, ZTF_r, ZTF_r, ZTF_r, ZTF_g, ZTF_r, ZTF_r, ZTF_g, ZTF_g, ZTF_r, ZTF_r, ZTF_r, ZTF_r, ZTF_r, ZTF_g, ZTF_g, ZTF_r, ZTF_g, ZTF_r, ZTF_r, ZTF_r, ZTF_r, ZTF_r, ZTF_r, ZTF_r, ZTF_r, ZTF_r, ZTF_r, ZTF_r, ZTF_r, ZTF_r, ZTF_r, ZTF_r, ZTF_r, ZTF_r, ZTF_r, ZTF_r, ZTF_r, ZTF_r, ZTF_r, ZTF_r, ZTF_r, ZTF_r, ZTF_r, ZTF_r, ZTF_r, ZTF_r, ZTF_r, ZTF_r, ZTF_r, ZTF_r, ZTF_r, ZTF_r, ZTF_r, ZTF_r, ZTF_r, ZTF_r, ZTF_r, ZTF_r, ZTF_g, ZTF_g, ZTF_g, ZTF_r, ZTF_g, ZTF_r, ZTF_r, ZTF_g, ZTF_r, ZTF_g, ZTF_r, ZTF_r, ZTF_r, ZTF_g, ZTF_r, ZTF_g, ZTF_g, ZTF_g, ZTF_g, ZTF_g, ZTF_g, ZTF_r, ZTF_r, ZTF_r, ZTF_r, ZTF_r, ZTF_g, ZTF_r, ZTF_r, ZTF_r, ZTF_r, ZTF_r, ZTF_r, ZTF_r, ZTF_r, ZTF_r, ZTF_r, ZTF_r, ZTF_r, ZTF_r, ZTF_r, ZTF_g, ZTF_r, ZTF_g, ZTF_r, ZTF_r, ZTF_r, ZTF_r, ZTF_r
time, 58695.48211809993, 58698.50005789986, 58707.4834143999, 58719.46217590012, 58719.500127300154, 58721.50843749987, 58722.48418979999, 58734.450902800076, 58734.45135420002, 58738.50483800005, 58739.40753469989, 58739.451481500175, 58740.4791898001, 58741.44028940005, 58749.384687500075, 58750.432384300046, 58766.49075229978, 58767.33240740001, 58777.312627300154, 58781.303958300035, 58782.2057523001, 58782.252175900154, 58782.256863399874, 58782.33652780019, 58782.3583217999, 58782.37010420021, 58782.43054400012, 58782.43144680001, 58782.447743100114, 58783.19526620023, 58783.198009300046, 58783.25218749978, 58783.25873839995, 58783.26163189998, 58783.27040510019, 58783.28266200004, 58783.2888656999, 58783.3351619998, 58783.342175900005, 58783.34402780002, 58783.35187500017, 58783.42592590023, 58783.43192130001, 58783.43520830013, 58783.445428200066, 58783.453240700066, 58785.19528939994, 58785.25765050016, 58785.2693403, 58785.285995400045, 58785.3363194, 58785.34513889998, 58785.35533560021, 58785.35813659988, 58785.435648099985, 58785.439375000075, 58785.44211809989, 58785.44586810004, 58785.449560199864, 58786.27858800022, 58787.371458299924, 58790.28415510012, 58791.33765049977, 58836.21439810004, 58846.12954859994, 58849.16854170011, 58856.12434029998, 58856.1492130002, 58859.107303199824, 58859.17070600018, 58859.22333330009, 58860.15767360013, 58861.098784700036, 58861.15283560008, 58862.145092600025, 58863.13435189985, 58863.270092600025, 58863.306006900035, 58864.13890049979, 58866.23641199991, 58867.124884299934, 58875.12290510023, 58878.1431481, 58896.12241900014, 58905.12331019994, 58913.12983800005, 58913.15476850001, 59052.43531250022, 59062.497500000056, 59075.47388890013, 59085.48592589982, 59094.38090279978, 59095.43516199989, 59107.4223842998, 59109.406076400075, 59110.460196800064, 59110.471793999895, 59113.42192129977, 59117.388159700204, 59122.383830999956, 59123.39809030015, 59138.34721060004, 59142.405520800035, 59143.337523099966, 59144.408669000026, 59144.40960650006, 59145.34024310019, 59157.43604170019
flux, 29.4295437747949, 57.1277183496135, 53.9568288811788, 63.9734863259121, 49.7292848517839, 100.545052817926, 35.2574372286104, 28.1353507477419, 28.4150571047119, 24.7974718166131, 52.8696202741338, 63.1189393880041, 85.2996581537651, 69.4309830480249, 54.1266463411053, 37.3934153883059, 37.2225636241567, 99.3624570515741, 55.7383977319477, 105.699400684637, 70.3532278772221, 68.8202606152612, 41.6300113601773, 34.5371020337704, 39.3557212898145, 48.9331400306844, 39.7095708891035, 90.4456896748643, 32.8470133181139, 83.5526883172391, 58.9661807199475, 58.2033471866523, 96.9968674899744, 66.6611753736927, 31.3192776318615, 47.9947876648846, 37.0857439368447, 53.7410759149507, 50.5042645214128, 86.5016865017569, 37.1210006720727, 65.4030645417583, 45.3002178572905, 47.9314198422181, 86.3791330366834, 76.5716754850806, 42.9629497439916, 66.7856381387426, 44.3074892067291, 35.313412281687, 39.862300681016, 51.900820307493, 75.1831790976359, 53.1155543579169, 40.4943144547935, 52.2866318253183, 48.5537310355021, 69.2712609731419, 48.1109355176099, 89.1899215856321, 44.899729592942, 27.600604808543, 42.2029972322824, 38.5934488755884, 94.2550185562586, 48.2239555387341, 228.142579877547, 160.109249765335, 175.260287099607, 190.756985366615, 220.903653662553, 146.753105435129, 144.696580532081, 145.028682105248, 63.8439580892283, 63.9127636202498, 1241.2000099871, 1434.86272368376, 109.917832971275, 1243.94000699864, 75.3326519948156, 111.070339413565, 193.164208765511, 106.687358420467, 89.4132692044093, 94.6681399701026, 78.1178562910621, 86.9146152943391, 45.5538853011827, 43.9012760066271, 48.6380925827702, 90.0686651852574, 84.3978021128345, 54.0796090800241, 38.7972889469139, 35.709629241738, 30.1317402710986, 23.0989486438532, 23.690415929897, 83.214518640758, 121.990642894017, 41.057419578918, 22.0846633942588, 39.8168834322084, 33.5200036366196, 20.9951769847463, 51.6247098263649, 83.915622802232
dflux, 23.6719242815931, 30.1596707733908, 22.0567309357164, 41.3126244216179, 34.991859922886, 65.959484514628, 23.2783966375174, 21.8062872043018, 21.7093603317534, 22.7794304505166, 41.2271852509687, 44.6348427088515, 47.9698134494851, 54.4586512421597, 21.1448923393793, 24.1566031781629, 28.8421209639646, 78.70610021004, 34.9677714561674, 67.2378544636224, 46.2763858742521, 30.3421271747995, 27.2007995816485, 25.1311441504139, 32.8900576742206, 24.1170649643218, 29.0936202621996, 25.9145917453786, 27.0886711197509, 44.3196493248119, 45.6143226081463, 52.3086786778036, 46.2013449068952, 33.7331771572892, 27.2121659154138, 27.480626934886, 26.0487765010904, 26.1055389490922, 28.4068184776855, 30.0300501506322, 31.6760665127347, 33.928263800396, 38.2195578423822, 39.7165464361319, 48.6990954599071, 50.9170065707637, 28.3081918781409, 29.0005038405157, 27.109755714622, 26.2993641781659, 35.422501269279, 30.7156523019492, 37.4864448810695, 35.8452484975066, 28.4218906127531, 29.7758070371112, 42.6061733662879, 35.0223414373462, 37.0449066914715, 40.7923136201883, 37.7832857973085, 23.8851356139061, 26.9057534880643, 25.9029987417647, 38.4355728853195, 28.1783970193135, 73.022483505828, 50.314303578198, 68.3004537555338, 48.6502405745783, 67.7235026349678, 55.7264952212438, 34.1414577395455, 37.7055106452091, 21.4445304977062, 22.0222549075837, 173.25459662496, 217.860598563305, 20.6309736302943, 140.10401216381, 45.1738840386736, 23.4094213442434, 53.2630264011879, 36.6193833656255, 53.1540676195283, 60.2854644310246, 63.7123473537352, 30.8024997065582, 41.4885710076692, 29.5381709637248, 20.663386283139, 66.9958242179336, 68.8855026869205, 18.4783181258046, 22.7040072188261, 25.470701120741, 20.3649913428933, 20.195491449931, 20.5707090675577, 53.9828630522607, 99.0355598907265, 25.2739415291255, 18.3382521355063, 21.5699493861404, 19.2715882006438, 19.1277099922726, 23.0033432746425, 68.9259717586275
mag, 22.4198411760137, 20.645982802703536, 21.831283955871104, 21.629299952858716, 21.957069465591125, 19.133798233521723, 22.24317314656383, 22.549369165922265, 22.532928667081176, 22.667981486650525, 21.846784522050424, 21.63990076838946, 21.314331773260292, 21.514116714205933, 21.784872201839708, 22.141512165106317, 22.197384297687794, 21.150844194319028, 21.778513799416274, 20.627218687835807, 21.483889929755527, 21.5357092177084, 22.09078367650263, 22.308185265903983, 22.175880309216538, 21.93669228687012, 22.156062014995882, 21.26433031316648, 22.36466028355816, 21.286998930178726, 21.661892502158324, 21.721530097529353, 21.17650572757629, 21.590917582756504, 22.41447065837067, 21.959114813399296, 22.234082511636807, 21.82753410772472, 21.893879872528963, 21.308838562804247, 22.224950812510787, 21.457904754480083, 21.894849273445203, 21.80244926496538, 21.17647789789871, 21.271229624724214, 22.004264771392748, 21.558492299937292, 22.014907149100498, 22.2659507879737, 22.127194098243663, 21.86096444486815, 21.442898285562904, 21.827745703764116, 22.113514872472216, 21.830023333597197, 21.9057434794841, 21.517017266627086, 21.926390495387245, 21.245610544750175, 22.02819068628049, 22.627303502976908, 22.102841761504713, 22.401016023206864, 21.33763879184348, 22.07144292443448, 20.463484129201134, 20.77595894368701, 20.74059120302558, 20.580198873922505, 20.41969275250834, 20.851731749748218, 20.93715433000468, 20.87026524875381, 21.846700490428383, 21.849131007330495, 20.86939557398349, 20.741474117008693, 21.275529605776235, 21.093501410965327, 20.73564185871705, 21.159304752486154, 20.549983351318026, 21.188617594679005, 21.36729506445795, 21.0722903894305, 21.11242420780687, 21.368967969465842, 22.114686440091656, 22.108207141616596, 21.99815866231016, 21.23946568359727, 21.42177215780484, 21.5998161409927, 21.985696551770353, 21.92663664720799, 22.45553946186297, 22.794719466780897, 22.83646828588057, 21.44110223669273, 21.098083699857035, 22.224920872791824, 23.03547303925147, 22.284331840754213, 22.47623985731176, 22.97100115000798, 22.0021559410586, 21.486292944615357
dmag, 0.8733219048701376, 0.573197169925726, 0.4438324459040006, 0.7011437804044549, 0.7639749757793861, 0.7122637899899751, 0.7168472811633286, 0.84149921290764, 0.8295122690588101, 0.9973779805798079, 0.8466459077108923, 0.7677832547987687, 0.6105834926536603, 0.851604380642468, 0.42414922613045214, 0.7013988527711265, 0.8412890436251681, 0.8600236454413979, 0.6811422110179053, 0.6906621272087237, 0.7141669129496612, 0.4786896432619247, 0.7094135201814334, 0.7900429238233941, 0.9073630268539313, 0.5351132293552691, 0.7954756533235954, 0.31108625066244106, 0.8953980286947736, 0.5759174100001648, 0.8398902711111714, 0.9757759477563721, 0.5171555965887759, 0.5494252319425169, 0.9433561684144359, 0.6216656650517615, 0.7626137899538559, 0.5274127527081485, 0.610687267214672, 0.37692574558806613, 0.9264796641954747, 0.5632326960645462, 0.9160299804764633, 0.8996539751104655, 0.6121197240707412, 0.7219698030853761, 0.7153891666316256, 0.471462096544132, 0.6643130497472238, 0.808592826505489, 0.9648086395958876, 0.6425543095362487, 0.5413496859751324, 0.7327135061061656, 0.762049587984605, 0.6182970789578568, 0.9527396552951978, 0.5489292895756054, 0.8360052857871498, 0.49657731485771006, 0.9136509662049432, 0.9395792835522756, 0.6921913748816274, 0.728720142023272, 0.4427445208912136, 0.6344213263757719, 0.34751581290227257, 0.34119241138285955, 0.4231208145960263, 0.27690376559781826, 0.33285940501584554, 0.4122861539910305, 0.2561817052953059, 0.2822768395341139, 0.36468765177276674, 0.3741093032009271, 0.15155396929038362, 0.16485140741798052, 0.20378672326730773, 0.12228563884315224, 0.6510712169510936, 0.22883207542285103, 0.2993804934591111, 0.3726682420924793, 0.6454444195843932, 0.6914059088327484, 0.885518439656798, 0.384784411865167, 0.988843066380839, 0.7305177560867566, 0.4612637011282113, 0.8076037517768555, 0.886178103907142, 0.3709823227932635, 0.6353681739036228, 0.7744259168920922, 0.7338111974837178, 0.9492629546992845, 0.9427594542165272, 0.7043380146854922, 0.8814322998974268, 0.6683526056091719, 0.9015534409599637, 0.588174486917005, 0.6242201301495657, 0.9891627618975717, 0.48379085728142385, 0.8917936909432875
