ZTF 2022zvu req00381182 148.46274583333332 -7.792683333333334 0.019323 0.01986441195336064
++++++++++++++++++++++++++++++++++++++++++++++++++++++++++++++++
t0, 59897.12828345441, 0.08381796141839004
x0, 0.0014186594782861512, 2.1386485162065028e-05
x1, -2.6460015722388333, 0.08311261510864121
c, 0.5702336071122387, 0.01089377527151495
mu, 35.01117020027128, 1.0858119482113169
hostMass, 10.542607440652626, 0.0012099832400037588
++++++++++++++++++++++++++++++++++++++++++++++++++++++++++++++++
zp, 25.6488, 25.6662, 26.2805, 25.6313, 26.2517, 25.4749, 26.2121, 26.3055, 26.2086, 26.2331, 26.1738, 26.1872, 25.4817, 26.095, 26.1721, 26.1989, 26.2428, 26.2118, 26.1713, 26.2069, 26.1538, 26.1434, 26.1639, 26.1576, 26.1723, 25.3762, 26.1654, 25.9839, 26.076, 26.2436, 26.1963, 26.2589, 26.2443, 26.3193, 26.2806, 26.307, 26.2814, 26.2594, 25.6188, 25.7249, 26.1836, 26.2461, 26.2293, 26.2919, 26.229, 25.6016, 26.2591, 26.2712, 26.2589, 26.2943, 25.2515, 25.6138, 26.266, 26.2638, 26.2719, 26.3365, 26.2941, 26.1739, 26.3133, 26.3042, 26.2175, 26.0583, 26.3086, 26.2559, 26.306, 26.2334, 26.1035, 26.2393, 26.2352, 26.2162, 26.19, 26.1962, 26.1552, 26.1141, 26.1469, 26.0222
filters, ZTF_i, ZTF_i, ZTF_r, ZTF_i, ZTF_r, ZTF_i, ZTF_r, ZTF_g, ZTF_r, ZTF_g, ZTF_g, ZTF_r, ZTF_i, ZTF_r, ZTF_r, ZTF_g, ZTF_r, ZTF_r, ZTF_r, ZTF_r, ZTF_r, ZTF_r, ZTF_r, ZTF_r, ZTF_r, ZTF_i, ZTF_r, ZTF_r, ZTF_g, ZTF_r, ZTF_r, ZTF_g, ZTF_r, ZTF_g, ZTF_r, ZTF_g, ZTF_r, ZTF_g, ZTF_i, ZTF_g, ZTF_g, ZTF_r, ZTF_r, ZTF_g, ZTF_r, ZTF_i, ZTF_g, ZTF_r, ZTF_r, ZTF_g, ZTF_g, ZTF_i, ZTF_g, ZTF_r, ZTF_r, ZTF_g, ZTF_g, ZTF_r, ZTF_g, ZTF_g, ZTF_r, ZTF_r, ZTF_g, ZTF_r, ZTF_g, ZTF_r, ZTF_g, ZTF_r, ZTF_r, ZTF_g, ZTF_r, ZTF_r, ZTF_r, ZTF_r, ZTF_r, ZTF_g
time, 59625.31541670021, 59628.332812500186, 59636.31966440007, 59637.33614580007, 59674.22836809978, 59675.17206020001, 59676.18594910018, 59685.169409700204, 59687.15718750004, 59687.25805559987, 59689.27405089978, 59693.1906365999, 59695.16174770007, 59695.189930600114, 59697.17067130003, 59699.194861100055, 59708.19103009999, 59708.21434029983, 59710.235092599876, 59712.1944213002, 59865.514247700106, 59866.51456019981, 59866.51714120014, 59866.5197222, 59866.52229169989, 59873.50240739994, 59880.48086810019, 59888.47811339982, 59893.44105320005, 59893.49729169998, 59896.466319399886, 59897.47859949991, 59898.47276620008, 59900.50026619993, 59900.50600690022, 59901.50478010019, 59901.55791669991, 59902.46439810004, 59903.5229282002, 59904.435624999925, 59906.42270829994, 59906.46299770009, 59909.42065969994, 59909.463506899774, 59913.421192099806, 59914.439988399856, 59923.401006899774, 59923.440567099955, 59930.46228010021, 59930.48315969994, 59933.42053239979, 59934.44057870004, 59935.37831019983, 59935.420624999795, 59937.37902780017, 59937.404351899866, 59957.39988429984, 59957.419930600096, 59965.40214119991, 60017.21023150021, 60031.256446800195, 60043.256736100186, 60045.16927079996, 60045.23291670019, 60051.21123840008, 60051.23439810006, 60053.18667820003, 60055.21027779998, 60057.170497700106, 60061.16616899986, 60061.20540509978, 60063.2425694, 60077.16793979984, 60079.17069440009, 60081.19260419998, 60081.21770829987
flux, 257.478619572658, 101.259989895889, 55.8429937767298, 335.676373415494, 77.436949729433, 104.212091863602, 124.957820858243, 131.207996987254, 99.4579390070578, 116.143664022269, 127.362451546742, 163.201868763693, 171.240530384101, 283.150108877221, 52.6624281018359, 49.4627711077101, 241.114792141058, 227.940853796573, 163.484213232132, 315.355816841976, 136.905148606913, 69.0985228961264, 239.452451228059, 78.009255762569, 111.067210108643, 369.786410676168, 82.5678684866691, 1499.10924656076, 3188.88467593492, 4711.74532226137, 4843.52769822434, 3607.38046904176, 5666.28366866647, 3483.2079890041, 5278.3235674662, 3425.66137217191, 5044.15665671896, 2527.89470908544, 1872.09176897086, 1323.46038085903, 1682.35316327725, 3604.12551703273, 3242.22397829397, 1214.20461905377, 2875.96342442286, 1447.29665811993, 431.042898670787, 1529.48161840623, 1292.31855525871, 583.89790039736, 223.906187705437, 178.56158163104, 354.402348585732, 743.988355316166, 118.028673043338, 386.976504295499, 253.272532246905, 533.073049769747, 352.088382652357, 93.79731382114, 205.977930304004, 285.660617594523, 54.9091956358127, 176.845034426739, 48.5339765876847, 95.7304263159711, 265.326827517483, 191.438273599733, 183.936999747925, 139.287238694994, 128.344395252671, 191.914031968184, 197.144253708835, 92.8065104183897, 167.790784255884, 150.881629602625
dflux, 42.4207594850315, 56.6966094849015, 46.8812652692089, 51.512023000036, 33.454047354167, 34.5996718956454, 47.3917924716464, 94.8740599628862, 40.225416356136, 83.4096904424227, 103.496086260683, 45.6535587710285, 37.4690079815439, 38.5597202398704, 38.4329995529809, 29.7638468116935, 82.4151234362218, 85.0451182107264, 74.6085141499596, 71.1542310024555, 58.5517410849263, 48.9230276195875, 53.8166072489483, 47.3040469071644, 55.6837042015377, 59.5003831260314, 50.5764470958445, 50.9794508336968, 155.5717584149, 95.9181994308331, 105.840528055078, 101.082704310154, 62.5650209251087, 74.9226405296814, 79.0087984776253, 50.6627618609345, 66.9807823440071, 76.0926418240951, 52.6204145606761, 48.158317514032, 42.6302251185895, 58.7154592727569, 49.8347870948697, 37.5799815904776, 65.2931207132141, 53.0660374994855, 83.1371141169117, 76.6290683993587, 66.6814430114065, 57.1004031062007, 49.2440130453696, 58.1877307834477, 34.9862783919877, 36.9274817224159, 75.8811840796046, 74.3716238347759, 55.1326260737753, 59.5799622544625, 57.9627220941065, 26.4798361451914, 40.2689264328621, 51.2973465739941, 28.0050914777666, 30.1452782464366, 23.8031941931231, 33.2195336913363, 45.5210752532364, 38.8062569530067, 35.5208429272203, 45.7818114558352, 41.7872914857225, 60.7250984159793, 33.2972267003796, 37.0505143650121, 56.192007372015, 60.4581359376153
mag, 19.62194706983002, 20.65260530071187, 21.91307826742618, 19.316498063743055, 21.52932940596422, 20.430104715907902, 20.970191392675666, 21.010599235922335, 21.21450136143071, 21.070611193140223, 20.91119647493123, 20.655387181524127, 19.897683589233253, 19.964958167604955, 21.868347801979247, 21.963203890828694, 20.28724036322916, 20.317244573311434, 20.637610445998376, 19.95989788472982, 20.812750547496904, 21.544728090859657, 20.215851782026697, 21.42723466352602, 21.05833534253864, 18.95632263205511, 21.37337231674161, 18.04431679271303, 17.316902966168804, 17.060645479829603, 16.98339553090306, 17.36592012598161, 16.86105421844438, 17.464351480535516, 16.974359976338675, 17.470138923526672, 17.024428584940047, 17.752502547706214, 17.43798216546272, 17.92062263804456, 18.118807077286423, 17.354100231798, 17.452192466641968, 18.581170298313108, 17.582041603678668, 17.700206101747185, 19.67279876352576, 18.30983934519893, 18.480476049949736, 19.378457715996973, 19.37633476103685, 19.984329939772522, 19.89225852188315, 19.084884654621558, 21.091931188687813, 19.867288507120566, 20.28512976871786, 19.356933183164912, 19.946670761190006, 21.37372399705236, 20.43294827505592, 19.91867407300459, 21.959487295547476, 20.636917825223055, 22.090885309248577, 21.280775017601076, 20.044047089388688, 20.534228077167732, 20.57352725425536, 20.856421678039535, 20.91905773010279, 20.488433175673535, 20.418239692671598, 21.1951538918988, 20.584979740125963, 20.575609084919478
dmag, 0.17887991819576238, 0.607915936671409, 0.9114963863013444, 0.16661425343255154, 0.46905605831693653, 0.3604775202007046, 0.41177882697963686, 0.7850756368476786, 0.43912221915540295, 0.7797319079222318, 0.8822808177726383, 0.30372030669339534, 0.23756909903720283, 0.14785685400530066, 0.7923694477494393, 0.6533335143317287, 0.37111403468818205, 0.4050900149820703, 0.4954922765596963, 0.24497637460714583, 0.4643488268667495, 0.7687212418839899, 0.24401771043839598, 0.6583797763062047, 0.5443353948264099, 0.1747000925179935, 0.6650611276098644, 0.0369220826273408, 0.05296832833871987, 0.022102608416760386, 0.023725453925336905, 0.03042350333890257, 0.01198829997615426, 0.023353823152705882, 0.016251886021251175, 0.016057160591642482, 0.014417367533018264, 0.03268195302886831, 0.03051767554611561, 0.0395079668734576, 0.02751216560151826, 0.017687924466079162, 0.016688369763361417, 0.03360384728135262, 0.02464951552515931, 0.039809197259660166, 0.20941065270845685, 0.054396831512699195, 0.056022144515777875, 0.10617605392415755, 0.23878754034868163, 0.3538080555029925, 0.10718289331766244, 0.05388996154328509, 0.6980248671018595, 0.20866373980821334, 0.23634417700470756, 0.12134945131036967, 0.17873985341388404, 0.3065132211970349, 0.21226269868061418, 0.19497047528813646, 0.5537531807367351, 0.18507627370379537, 0.5324927306897115, 0.3767626638878878, 0.18627546993447763, 0.2200884773605565, 0.20967105716918888, 0.35686664968599796, 0.35350180407635684, 0.34354672877058384, 0.18337843414952826, 0.43345110886857635, 0.3636057671015865, 0.4350535398686375
