ATLAS-ZTF 2023vjh 1040239171251401300 60.663261124483185 25.233542294649613 0.019 0.020085801640856715 60234.34241900453
++++++++++++++++++++++++++++++++++++++++++++++++++++++++++++++++
t0, 60247.05659365531, 0.06525995084302849
x0, 0.0003843411350241853, 1.060612357054086e-05
x1, -2.8435717480246687, 0.08151254047644851
c, 0.9824622809492787, 0.019857084212191484
mu, 35.17040375444369, 1.0858120799034703
hostMass, 10.650404500305129, 0.002056533560023752
++++++++++++++++++++++++++++++++++++++++++++++++++++++++++++++++
zp, 22.137, 22.139, 22.129, 22.129, 22.13, 22.087, 21.941, 21.943, 21.952, 21.91, 22.077, 22.089, 22.089, 22.088, 22.088, 22.092, 22.092, 22.092, 22.092, 21.925, 21.951, 22.125, 22.126, 22.126, 22.127, 22.129, 22.129, 22.129, 22.126, 21.935, 21.905, 22.131, 22.129, 22.128, 22.128, 22.13, 22.04, 22.128, 22.128, 22.122, 22.121, 21.934, 21.933, 21.928, 22.126, 22.122, 22.087, 22.075, 22.075, 22.075, 22.073, 22.289, 21.857, 26.2104, 26.3383, 26.2313, 26.247, 26.1215, 26.1556, 26.1434, 26.3566, 26.3497, 26.355, 26.3123, 26.3533, 26.3605, 26.3564, 26.3567, 26.3419, 26.3553, 26.3637, 26.3663, 26.3648, 26.3533, 26.0035, 26.3548, 26.372, 26.3056, 26.3666, 26.3601, 26.3528, 26.3533, 26.3363, 26.3652, 26.2664, 26.3432, 26.3407, 26.3479, 26.3637, 26.3462, 26.3519, 26.3456, 27.5453, 27.5434, 27.5536, 27.5501, 27.5021, 27.5028, 27.4846, 26.8895, 27.5186, 27.5011, 27.5023, 27.4892, 26.2887, 26.122, 26.2837, 26.2283, 26.3515, 26.3542, 26.337, 26.2812, 26.3552, 26.3055, 26.321, 26.3356, 26.347, 25.8227, 25.9851
filters, c, c, c, c, c, o, o, o, o, o, o, o, o, o, o, o, o, o, o, o, o, c, c, c, c, c, c, c, c, o, o, c, c, c, c, c, c, c, c, c, c, o, o, o, c, c, o, o, o, o, o, o, o, ZTF_g, ZTF_r, ZTF_r, ZTF_r, ZTF_r, ZTF_r, ZTF_g, ZTF_r, ZTF_g, ZTF_g, ZTF_r, ZTF_r, ZTF_g, ZTF_r, ZTF_g, ZTF_g, ZTF_r, ZTF_r, ZTF_g, ZTF_r, ZTF_g, ZTF_g, ZTF_g, ZTF_r, ZTF_g, ZTF_r, ZTF_r, ZTF_g, ZTF_r, ZTF_g, ZTF_r, ZTF_g, ZTF_r, ZTF_r, ZTF_g, ZTF_r, ZTF_g, ZTF_r, ZTF_g, ZTF_g, ZTF_g, ZTF_g, ZTF_r, ZTF_r, ZTF_g, ZTF_g, ZTF_g, ZTF_g, ZTF_g, ZTF_g, ZTF_r, ZTF_g, ZTF_r, ZTF_r, ZTF_g, ZTF_r, ZTF_g, ZTF_r, ZTF_r, ZTF_g, ZTF_r, ZTF_g, ZTF_g, ZTF_g, ZTF_r, ZTF_r
time, 60235.49047755, 60235.49845815, 60237.46744015, 60239.45389555, 60239.45673885, 60241.44239335, 60242.19638835, 60242.19820385, 60242.20873515, 60242.21642675, 60245.36549715, 60251.50714725, 60251.51031245, 60251.51618735, 60251.52697425, 60253.47813015, 60253.48281185, 60253.48809245, 60253.49814715, 60254.21068225, 60254.21384855, 60257.42011325, 60257.42328715, 60257.42645165, 60257.43148775, 60259.47269995, 60259.47798925, 60259.48156465, 60259.50994455, 60260.27228065, 60260.30063555, 60261.44750685, 60261.47955145, 60261.48236215, 60261.48767585, 60263.46859105, 60263.51338195, 60265.46463775, 60265.46826245, 60265.50018135, 60265.50720115, 60266.18806545, 60266.19124515, 60266.19668855, 60269.51076255, 60269.52069335, 60271.37375805, 60281.42870565, 60281.43187045, 60281.43774635, 60281.44774455, 60282.43275225, 60287.42146725, 59940.25762729999, 59980.23734949995, 60134.476111100055, 60135.4761806, 60142.48004630022, 60143.4715741002, 60195.38187499996, 60232.39348379988, 60232.415879600216, 60234.34241899988, 60234.4134837999, 60236.33881939994, 60236.417928200215, 60238.38168979995, 60238.40679399995, 60241.374317099806, 60241.41534719989, 60244.31805559993, 60244.37907409994, 60246.34197920002, 60246.36989580002, 60249.505370399915, 60251.29572919989, 60251.401134300046, 60253.24254629994, 60253.301909700036, 60257.27858800022, 60257.379745400045, 60259.35356480023, 60259.41244209977, 60261.2837731, 60261.41634259978, 60263.43770830007, 60284.178692100104, 60284.21383100003, 60288.255613400135, 60288.31613430008, 60290.200983799994, 60290.347048600204, 60292.20128470007, 60292.21967589995, 60292.31306710001, 60292.34762729984, 60293.08565969998, 60293.16776619991, 60293.203923599795, 60293.30062500015, 60294.15942130005, 60294.185057899915, 60294.238240700215, 60294.25814810023, 60295.18920140015, 60295.299097199924, 60308.123078700155, 60308.13535880018, 60314.13421300007, 60314.21831020014, 60323.299027800094, 60325.19853009982, 60327.13334489986, 60340.29809030006, 60351.219201399945, 60353.1858680998, 60355.1652199002, 60392.1400462999, 60496.48090279987
flux, 33.7, 820.5, 521.4, 974.9, 419.6, 440.4, 1661.5, 3365.8, 2211.2, 1318.6, 2599.8, 2293.2, 1825.7, 2337.5, 1488.6, 1181.8, 812.1, 1313.4, 910.4, 484.1, 470.0, 965.8, 660.2, 2.7, 1096.5, 709.9, 1223.3, 551.5, 684.4, 144.8, 52.5, 1904.3, 2583.1, 2354.8, 1493.3, 279.7, 8.9, 1385.8, 1105.2, 580.2, 1393.7, 225.5, 278.3, 691.6, 330.9, 1693.4, 150.2, 678.9, 673.1, 1197.3, 190.7, 1813.0, 1591.6, 29.7426771402469, 59.1237870614421, 144.670430542072, 77.2532650050598, 76.4534638599804, 69.0209284255832, 33.9715737232676, 33.4924452722034, 27.6251479681116, 123.699103558052, 182.549268515683, 494.118398451473, 296.529760035303, 1159.55397578056, 614.526332948513, 1009.91616288883, 1991.61010223109, 3041.80315029536, 1451.90426645311, 3156.52517483503, 1496.30805505146, 821.635517559307, 897.274968409689, 3134.23245805263, 705.634846753316, 2810.28567775332, 1648.44819072333, 371.454209317735, 1676.29841048451, 298.22584818587, 1425.21841973461, 290.762996008108, 1064.96894571466, 324.054983042121, 101.799109396161, 271.611883722314, 137.589658170419, 264.369357921584, 154.366418270249, 368.328702249874, 339.282702998768, 270.016670260557, 731.679618469894, 605.585688620269, 269.731893560701, 223.299645451459, 286.177566913728, 471.751069965524, 291.623667507035, 314.88850936774, 617.282407009656, 72.7827196049043, 88.3919076087556, 81.2480073867165, 60.1010354135608, 50.1210558867333, 77.217466020173, 56.1869140593175, 53.2495061220349, 65.4553695648071, 111.598865771886, 48.9423385070393, 34.7324846414695, 74.031852585497, 230.717832834262, 131.635170292054
dflux, 473.2, 434.6, 460.2, 483.6, 476.0, 844.4, 1304.3, 1082.0, 968.3, 1125.1, 1068.6, 1012.2, 915.1, 918.2, 734.6, 803.0, 745.2, 804.6, 751.7, 653.7, 788.5, 453.2, 502.8, 619.2, 533.7, 442.5, 476.5, 528.4, 502.9, 649.3, 634.4, 516.7, 541.0, 572.5, 561.6, 482.8, 520.2, 461.6, 384.1, 645.6, 482.0, 705.7, 854.5, 638.8, 490.9, 524.8, 769.3, 752.8, 707.3, 654.1, 696.5, 2580.0, 577.0, 24.9100072591908, 51.6018820442095, 57.3903056815147, 64.4376807859114, 39.2036504146798, 41.8376287236487, 30.400282628585, 28.8564118120685, 23.3756721764103, 23.4758919706719, 26.0242974749294, 28.9506908711076, 24.400258462344, 30.1842781580024, 24.2049107214007, 42.2885736870613, 44.4884418407126, 60.4075311491867, 75.5686140589476, 112.231805351299, 120.697453039671, 118.252749015808, 45.9554231529066, 46.5065242481922, 29.7327725356983, 39.8640428493516, 82.1255450885863, 33.957458259113, 38.5849671067263, 35.3129433772499, 33.0830121910114, 28.4391904548651, 34.8761482857692, 32.9786562268486, 29.5595653331078, 42.9531709563894, 37.4841921604408, 30.9459477026401, 25.4132371867745, 45.1122525744905, 48.7880315166728, 60.7724352010015, 64.3170134959804, 92.8352608428552, 61.2883541436476, 64.7127738174406, 78.6798411538974, 73.5106931778703, 67.1922247833367, 69.5827515789986, 66.2817489103086, 32.5739062662527, 43.2372746236964, 26.2481695353659, 23.7876895851436, 39.3509010735442, 33.0456495481123, 42.0795615595914, 30.8426285664812, 44.022124298892, 49.10115033458, 38.3756802567932, 30.1355381854913, 36.1063933753979, 101.883881271804, 107.429713818546
mag, 19.9, 19.51, 19.57, 18.78, 18.83, 18.24, 18.06, 18.16, 17.88, 18.12, 18.09, 17.62, 17.6, 17.48, 17.57, 17.82, 17.84, 17.85, 17.66, 17.82, 17.77, 18.94, 19.23, 18.75, 19.12, 19.23, 19.17, 19.15, 19.04, 18.31, 18.38, 19.57, 19.54, 19.42, 19.43, 19.83, 18.89, 20.02, 19.63, 19.69, 19.51, 18.97, 19.33, 18.84, 19.42, 19.79, 19.41, 19.63, 19.66, 19.77, 19.57, 19.2, 19.21, 22.526949857952353, 21.908894389543406, 20.83035056516555, 21.527207891611667, 21.41300708330748, 21.55814800788097, 22.315610835246154, 22.544232859020088, 22.746438467741083, 21.12408361918108, 20.658849757377787, 19.618722437239683, 20.18032928466559, 18.695672576732598, 19.38534875627579, 18.83118669303346, 18.10728919869569, 17.655872236643358, 18.461455046420774, 17.61677685652877, 18.41574746531618, 18.716801988441087, 18.972486119358706, 17.631671990388384, 19.18414995085913, 17.744723824823048, 18.31741174449975, 19.928036789659817, 18.292421666992993, 20.149936793907834, 18.480496433495855, 20.107552162105222, 18.774857639956057, 20.064153239870098, 21.328540053672626, 20.278828081172882, 20.99973552078019, 20.29637220935747, 20.874217931409223, 21.129711092877344, 21.21699570148896, 21.475123556466585, 20.389297606059202, 20.546660991905224, 21.42546924697035, 21.612379916219716, 20.747911032550178, 20.834317765376596, 21.339043081452736, 21.256907967408594, 20.512990251400087, 21.63362930141087, 21.255968733444, 21.5091682033055, 21.781095114896544, 22.10144947104271, 21.634911135875782, 21.962912049759776, 21.96541103965121, 21.815336801862024, 21.186350548252243, 22.096788208811233, 22.483760369143013, 21.673453456559635, 19.914997090829864, 20.686670150986487
dmag, 0.28, 0.2, 0.2, 0.11, 0.11, 0.1, 0.13, 0.13, 0.1, 0.14, 0.29, 0.06, 0.06, 0.06, 0.05, 0.07, 0.08, 0.07, 0.06, 0.08, 0.07, 0.13, 0.16, 0.11, 0.14, 0.17, 0.17, 0.16, 0.14, 0.11, 0.12, 0.25, 0.22, 0.2, 0.22, 0.3, 0.17, 0.3, 0.22, 0.26, 0.23, 0.19, 0.25, 0.16, 0.21, 0.26, 0.26, 0.28, 0.29, 0.31, 0.27, 0.22, 0.25, 0.9093228768415215, 0.9476055975732803, 0.4307081443470459, 0.9056228623534494, 0.5567415845530163, 0.6581283280700594, 0.971597246382039, 0.9354483015257525, 0.9187213629344612, 0.2060534403115642, 0.15478299202030296, 0.06361393004203898, 0.08934092825932359, 0.028262732305004545, 0.04276488491081483, 0.045463412891984495, 0.024253096500017977, 0.02156176464031572, 0.05651032380238875, 0.038603884856343945, 0.08757928833243092, 0.1562630730719266, 0.05560777741366207, 0.016110425059277216, 0.04574880018813319, 0.01540122234983834, 0.054091283026130234, 0.09925541541517045, 0.024991430812809672, 0.12856209934366336, 0.025202750400171007, 0.10619459537434064, 0.035556245117577025, 0.11049396838057332, 0.31526690625776765, 0.17170019285414045, 0.2957921770861799, 0.12709164207045479, 0.178744004058764, 0.13297906353541203, 0.15612623840955414, 0.244365775955563, 0.0954397366987704, 0.16644152209916122, 0.24670047040223594, 0.31464896104957607, 0.2985054106330594, 0.16918503444210642, 0.25016155838545207, 0.23992146543496481, 0.11658277263296117, 0.4859212400376708, 0.5310924464022763, 0.3507604541928071, 0.4297289661062199, 0.8524301260138661, 0.46464692476211455, 0.813130676965862, 0.6288689027058713, 0.7302138003273964, 0.47770106125081413, 0.8513255947322823, 0.9420358259901058, 0.5295290762270601, 0.4794558670188749, 0.886087885942758
