ztf-91bg,2018ame,forcedphotometry_req00381107_lc,227.356314615,25.4715442308,0.022,nan,58177.64500000002
++++++++++++++++++++++++++++++++++++++++++++++++++++++++++++++++
t0,58190.470598261156,4.186300234086957
x0,5.26355182947841e-08,4.999601655869334e-08
x1,-1.206442543034939,2.161178904046899
c,12.96112446498993,1.1989369050693008
mu,9.383066125918681,3.7333662753092733
++++++++++++++++++++++++++++++++++++++++++++++++++++++++++++++++
17.53239035215103,-2.9200483500790338e-08,0.1460892072559721,-0.8572204277051273
-2.9200483500790338e-08,2.4996016717371387e-15,-9.285757286921682e-09,-5.5533262880819115e-08
0.1460892072559721,-9.285757286921682e-09,5.017084622686145,-0.3494929457009817
-0.8572204277051273,-5.5533262880819115e-08,-0.3494929457009817,1.4374497023371537
++++++++++++++++++++++++++++++++++++++++++++++++++++++++++++++++
zp,26.2737,26.2741,26.2889,26.1445,26.3044,24.1452
filter,ZTF_g,ZTF_g,ZTF_g,ZTF_g,ZTF_g,ZTF_g
mjd,58203.37734950008,58206.34461810021,58206.36556709977,58210.38798609981,58229.33655089978,58538.43854170013
flux,361.148796349588,240.924025322493,366.511356885666,138.147523044398,62.7519891894584,141.581989051023
dflux,40.7114916845255,58.2959569827371,54.5782337527453,100.258345619963,21.9336891811558,95.0042702561463
mag,19.879484570586015,20.319399723284377,19.87868140892576,20.79364224371257,21.81033125707497,18.767679976666184
dmag,0.12239260082951525,0.2627136542425185,0.16168002236202286,0.7879556091204859,0.3794971403382074,0.7285501250214025
