ztf-91bg,2005be,forcedphotometry_req00381098_lc,224.88633,16.66989,0.035,nan,53465.0
++++++++++++++++++++++++++++++++++++++++++++++++++++++++++++++++
mu,-404.0,-404.0
++++++++++++++++++++++++++++++++++++++++++++++++++++++++++++++++
++++++++++++++++++++++++++++++++++++++++++++++++++++++++++++++++
zp,23.8079,26.1936,25.5907,26.1995,25.9147,25.5728,26.275,26.275,25.5518,26.275,26.275,26.275,26.2124,26.275,25.5503,26.2122,26.217,26.1866,26.0645,26.0433,25.9537,26.1679,26.2016,25.6985,25.7364,26.2628,26.2997
filter,ZTF_i,ZTF_r,ZTF_i,ZTF_r,ZTF_r,ZTF_i,ZTF_r,ZTF_r,ZTF_i,ZTF_r,ZTF_r,ZTF_r,ZTF_r,ZTF_r,ZTF_i,ZTF_r,ZTF_r,ZTF_r,ZTF_r,ZTF_r,ZTF_r,ZTF_r,ZTF_r,ZTF_i,ZTF_i,ZTF_r,ZTF_r
mjd,58214.36912039993,58222.36043980019,58227.37807870004,58232.35771990009,58245.337256900035,58249.29827550007,58276.2775347,58276.27846059995,58277.169803199824,58277.274455999956,58279.25512730004,58279.25607640017,58280.29565969994,58283.226736099925,58290.17393520009,58291.25548609998,58294.27019680012,58297.27008099994,58306.192569400184,58311.17101849988,58330.29703699984,58481.53307869984,58558.28313660016,58594.300821799785,58954.37163189985,59266.388449099846,59275.42621529987
flux,85.0601648682419,131.79393976045,49.711298785954,236.362726200982,222.168783498246,229.438535905513,1161.04465333238,1209.51815214471,323.128905391176,1130.09017419284,1147.23861965433,1132.19317222443,1031.49815931968,1073.27643703298,357.367721365763,561.52967769001,476.054453962572,332.289299924815,154.45039227359,55.6831744382401,69.4674807510892,70.5496838441581,100.22052060915,77.266102295594,28.6651505610868,182.208174537863,97.9930325003926
dflux,61.9815281267867,34.7804055884366,30.9161701858493,48.1040901569366,50.8762563504158,56.5044918633224,30.1591103537056,29.7105318601488,34.8566764224396,29.0780996286754,31.134268079021,34.3026886326766,32.7343024622009,33.4245042010707,40.2367131281972,51.8510581798775,52.5393067091805,59.224016113632,28.5365711530648,29.4317582080267,58.0307322456816,44.0187755345848,53.9982233748732,50.7291277186615,21.9964718416106,65.0943864641806,66.9684186849398
mag,18.983584449619933,20.893861398275853,21.34956222521403,20.265552523808108,20.047992407444404,19.67113409331466,18.61287769285225,18.568469023676656,19.278360476432326,18.64221725281386,18.625865604285565,18.640198671222173,18.678728856691976,18.698221012848926,19.167511692431344,19.33876821419463,19.52285841807875,19.88280910812151,20.59252746084661,21.678990035069138,21.349246126491206,21.54666232029659,21.19920836396455,20.978527488191958,22.093014431977977,20.611380357141798,21.321712006029095
dmag,0.791152817747807,0.2865256599221472,0.6752349285386733,0.22096695667664132,0.2486316601843094,0.26738739551947194,0.028202910129586773,0.026669959476043992,0.11712092275877349,0.027936837478496523,0.029465188394966958,0.032895155952878,0.03445553150014026,0.033812532433468524,0.12224510942641338,0.10025573599707126,0.11982626565580269,0.19351107152836106,0.2006028473253039,0.5738739893796696,0.906986496510919,0.677434336809717,0.5849882414746198,0.7128410643691242,0.8331498487868062,0.38788233453331583,0.741991903776158
