ztf-91bg,2018gro,forcedphotometry_req00381106_lc,332.955,38.700417,0.0217,nan,58381.2621296295
++++++++++++++++++++++++++++++++++++++++++++++++++++++++++++++++
mu,-404.0,-404.0
++++++++++++++++++++++++++++++++++++++++++++++++++++++++++++++++
++++++++++++++++++++++++++++++++++++++++++++++++++++++++++++++++
zp,26.2091,26.2837,26.2974,26.281,26.2797,26.2695,26.2892,26.2646,26.0845,25.845,26.2171,26.1609,26.1502,26.1777,26.1654,26.3278
filter,ZTF_g,ZTF_r,ZTF_r,ZTF_g,ZTF_r,ZTF_g,ZTF_r,ZTF_r,ZTF_g,ZTF_r,ZTF_r,ZTF_r,ZTF_g,ZTF_r,ZTF_g,ZTF_g
mjd,58338.39035880007,58360.31215280015,58372.32690969994,58374.289791699965,58378.26908560004,58379.20708330022,58379.271006899886,58443.07101849979,58443.30398150021,58686.39202550007,58706.34921299992,58774.24951389991,58781.19047449995,58790.182118100114,58798.14386569988,59878.2083796002
flux,41.0778370109331,114.804895012322,412.276646569189,438.064783326199,1702.63214506731,1087.22983988893,1968.80251086178,132.10160731744,98.1477333139706,74.7342090782138,37.6438235934888,93.0198366284739,68.8811619968691,43.7089121624384,90.7366396540483,36.2134526159219
dflux,28.37649600739,70.1941017181873,32.3185808368843,28.6756593962704,40.5550171259551,33.7500191633139,37.3732749694743,40.5399053806585,89.9142297868469,44.9862960433961,29.9530728694392,53.5992961720325,45.2482662397725,39.1567512609465,63.2635733460688,31.2059075600058
mag,22.1750810815615,21.133798985604727,19.759428162835214,19.677154147480582,18.20189792886627,18.678696591385048,18.053694613596434,20.9623297454253,21.104799314551222,21.161201393283548,22.27786567610238,21.239461068947264,21.554948837808347,22.076275005494544,21.270943271147765,22.43062516817279
dmag,0.7500246196324996,0.6638417080374683,0.08511142601228872,0.07107213998234914,0.025861164730077726,0.03370365342501745,0.0206102529334176,0.33319536304774955,0.9946550094070667,0.6535594734300235,0.8639169073087938,0.6256159816326321,0.7132237528364238,0.9726598169909627,0.7569990721080454,0.935602136577155
