ztf-91bg,2020abmg,forcedphotometry_req00381176_lc,123.852270875,-6.957704925,0.04,nan,59186.53299999982
++++++++++++++++++++++++++++++++++++++++++++++++++++++++++++++++
mu,-404.0,-404.0
++++++++++++++++++++++++++++++++++++++++++++++++++++++++++++++++
++++++++++++++++++++++++++++++++++++++++++++++++++++++++++++++++
zp,25.475,26.2264,26.2791,26.2016,24.6466,26.1315,26.2991,26.262,26.2806,26.2552,26.2492,26.2347,26.2936,26.2569,26.2797,26.3653,26.3205,26.317,26.3111,26.3195,26.2898,26.3329,26.2877,26.2882,26.2742,26.302,26.3091,26.3098,26.3336,26.325,25.5695,23.1934,26.1524,26.3288,26.3255,25.5239,26.2726,26.3278,26.3273,26.3193,26.3211,26.3293,26.336,26.3108,26.3297,26.3268,26.3034,26.2887,26.2299,26.0577,26.2367,26.2413,26.1183,26.1449,26.0308,26.0771,26.1442
filter,ZTF_g,ZTF_g,ZTF_g,ZTF_g,ZTF_g,ZTF_g,ZTF_g,ZTF_g,ZTF_g,ZTF_g,ZTF_g,ZTF_g,ZTF_g,ZTF_g,ZTF_g,ZTF_g,ZTF_r,ZTF_r,ZTF_r,ZTF_g,ZTF_r,ZTF_g,ZTF_r,ZTF_r,ZTF_g,ZTF_g,ZTF_r,ZTF_r,ZTF_r,ZTF_g,ZTF_g,ZTF_r,ZTF_g,ZTF_r,ZTF_r,ZTF_g,ZTF_g,ZTF_g,ZTF_g,ZTF_g,ZTF_g,ZTF_g,ZTF_g,ZTF_g,ZTF_g,ZTF_g,ZTF_g,ZTF_g,ZTF_g,ZTF_g,ZTF_g,ZTF_g,ZTF_g,ZTF_g,ZTF_g,ZTF_g,ZTF_g
mjd,58210.25851849979,58438.459583300166,58450.4613541998,58509.24879630003,58602.190243099816,58799.52447920013,58828.43956020009,58878.25319440011,58884.272696800064,58915.18898149999,58941.14743060013,59149.50160880014,59150.504965300206,59173.46186339995,59176.48589120014,59178.4835994998,59180.43017360009,59182.383263899945,59182.38372689998,59184.43950230023,59185.352280099876,59188.4395486,59193.37498839991,59193.37546300003,59193.419131900184,59193.45549769979,59194.34778939979,59194.348263899796,59199.37490739999,59203.41707180021,59205.376944399904,59206.3506713002,59210.2532060002,59210.3283218001,59210.328796300106,59220.37160879979,59222.379189800005,59224.35065970011,59228.361863399856,59230.33208330022,59232.357175900135,59251.291840299964,59252.285161999986,59254.27364580007,59265.205300900154,59267.23241900001,59269.23122690013,59275.16928240005,59306.18571759993,59322.18137730006,59536.405277799815,59688.17637730017,59866.4613541998,59869.46498840023,59882.506435200106,60059.1839815001,60241.45932869986
flux,124.599987197358,34.0223322004529,77.6243973561924,67.9883199621434,44.0622368435303,183.329810560307,127.257214471328,64.0315908822066,150.01716855974,96.3538458457214,76.5050433294343,80.2319953752159,53.9447565421288,105.791348966316,146.969028084647,322.921939896276,113.420492254627,59.4548375652562,207.97560877295,733.365520615934,493.277516993767,1136.69102457549,725.015860652684,703.610715448277,1038.44552053787,990.113205799922,704.869865422063,750.700986154067,567.677780394315,503.418525357123,166.98284335997,87.8464873283481,154.361445993887,163.018185413351,175.126315324874,71.6007901877146,143.388900991597,115.996038442326,99.5928918464204,105.996108882767,124.255582881442,120.816027314103,105.712474713813,137.750994561861,51.3619782656962,78.515842172231,116.096339477217,88.2791224060481,73.3601981441923,76.3602219519132,110.720166805052,76.0948890701418,123.362385462513,85.0528263187148,91.1387786021019,71.0047879765699,111.997930532628
dflux,91.5599080788389,26.4367304433353,44.3258322153897,52.6005528669823,28.0182151148436,58.9058556377159,82.1644330877697,50.2845023217198,81.6953010461443,67.3959535617379,51.3493379743647,33.6125752821526,27.5764808702695,29.9715358551117,29.2157572949891,31.4286063623233,88.9119074264583,50.1982204893956,56.5132257214372,71.6765420520249,72.8914734489293,65.2570137970518,30.6445468489565,31.0031045015803,38.7089613357103,36.671559494659,42.0562025887586,40.2881403122326,46.4357284710383,43.1028374229397,30.5762062711262,66.6314983824644,112.895832128847,60.8865389926827,58.7218136887809,50.6148926475559,31.3772855396772,34.5663762598541,30.2079449939354,33.7234385823814,33.2374432829408,30.7583445892959,32.9647780097927,27.760216777975,35.0155116317785,51.8350572906213,72.0220595674953,36.3674385487205,45.0315837663591,42.8911378324455,71.0327498027084,45.72104810513,58.4783123322715,51.5448400026489,67.5679469960774,45.1432990926106,50.6570571925978
mag,20.236205005751458,22.396989798011507,21.55410439621381,21.62051422601697,20.53643364857232,20.47341727582153,21.037393968130818,21.74601426969459,20.840247589292765,21.295527365825883,21.539974836366003,21.473831016824263,21.963726906437326,21.195774612647284,20.861635444577544,20.092556118084293,21.18377118042693,21.88153200768375,20.51606898947361,19.15619878092846,19.557071696789922,18.693793923059737,19.13683123143943,19.169868887985906,18.733240706778403,18.81278786743676,19.18882763995378,19.12113253406193,19.448345260653618,19.57017701710055,20.0128203702876,18.334088999320837,20.681052904478335,20.798209863466575,20.71712147457321,20.886605461958347,20.881311159757267,21.166692106933063,21.33172914244571,21.256075193483362,21.085310222580482,21.12398862222672,21.27568440070733,20.963063142149267,22.05309564316334,21.5894067666137,21.14135368342505,21.424054982163618,21.566248760792842,21.35053204484368,21.126133171505252,21.537911279334235,20.890343103113032,21.320678125345243,21.13154198979872,21.448880912649717,21.0211750050782
dmag,0.7978324022476375,0.8436610167902578,0.6199875616622298,0.8400019984296527,0.6903959653924427,0.3488588132108253,0.7010125132596823,0.8526370180223146,0.5912626331781774,0.7594323422592459,0.7287341187319543,0.45486080395212836,0.5550267644148239,0.30759775641501996,0.21583190593314144,0.10567004460485223,0.8511237696840197,0.9166962291342894,0.295027169654901,0.10611600157112051,0.1604389193006841,0.06233171632585242,0.04589126362342413,0.04784064864031754,0.040471762783537396,0.04021321965521526,0.06478066948995605,0.05826859610713835,0.08881262106188277,0.0929610428713789,0.19880901226005715,0.823530141858085,0.7940784145909765,0.40551745560942193,0.3640595019246955,0.7675113822545685,0.2375878096695671,0.32354524065354445,0.3293192811580468,0.3454349277895485,0.2904263509864041,0.2764157128942786,0.33856981462218644,0.218802575645275,0.7401897277038518,0.7167878076475733,0.6735523097966112,0.4472795337170811,0.6664706760567742,0.6098523552925669,0.6965562860851855,0.6523565229401382,0.5146789327586742,0.6579922312014133,0.8049369045774554,0.6902874527747352,0.49108229731600583
