ztf-91bg,2024wuj,forcedphotometry_req00381105_lc,39.5849524641,4.7231695793,0.0747,nan,60580.40431000013
++++++++++++++++++++++++++++++++++++++++++++++++++++++++++++++++
t0,58435.656579284165,73.5996452618565
x0,0.00011207683088212238,0.00012619193674553845
x1,4.678885200913929,7.405727608399257
c,0.8041635626835526,0.3145921845886994
mu,38.190672413415065,1.91237688018666
++++++++++++++++++++++++++++++++++++++++++++++++++++++++++++++++
5544.445058181613,-0.008835681220404153,176.18721236120226,5.973980609907767
-0.008835681220404153,1.5924404899589976e-08,-0.000437561670653397,-2.2284881890232422e-05
176.18721236120226,-0.000437561670653397,58.15200822748645,1.2543025238937526
5.973980609907767,-2.2284881890232422e-05,1.2543025238937526,0.09896824260429032
++++++++++++++++++++++++++++++++++++++++++++++++++++++++++++++++
zp,26.2057,26.1369,26.2686,26.3037,26.2381,26.1302,26.1225,26.246,26.244,26.3316,25.6484,26.3082,26.2907,26.3245,24.9927,26.2558,26.2563,26.326,26.3257,26.1562,26.2858,26.2763,26.2523,26.2597,26.3977,26.3299,26.2995,26.2847,26.4361,26.4088,26.4012,26.4026,26.4159,26.3155,26.3671
filter,ZTF_g,ZTF_r,ZTF_r,ZTF_g,ZTF_r,ZTF_g,ZTF_g,ZTF_g,ZTF_g,ZTF_g,ZTF_g,ZTF_g,ZTF_g,ZTF_g,ZTF_g,ZTF_g,ZTF_g,ZTF_g,ZTF_r,ZTF_r,ZTF_g,ZTF_g,ZTF_g,ZTF_g,ZTF_r,ZTF_g,ZTF_g,ZTF_g,ZTF_r,ZTF_r,ZTF_r,ZTF_r,ZTF_r,ZTF_g,ZTF_g
mjd,58384.39579859981,58439.3099421002,58443.17111109989,58443.26880790014,58745.467523099855,58749.47420139983,58749.47465279978,59084.47722220002,59084.47769680014,59091.42613429995,59128.348495400045,59129.37486110022,59129.37533560023,59130.41552079981,59131.39557870012,59135.30109950015,59135.303437499795,59136.40935190022,59138.33339119982,59139.28820599988,59140.390752300154,59140.39121530019,59141.31123840017,59141.311701400205,59143.33189810021,59143.37379630003,59144.34728009999,59145.264884300064,59153.36922449991,59165.24078699993,59165.24124999996,59168.29858799977,59169.31098379986,59169.36599540012,59172.310636600014
flux,90.5917856265623,506.357083995388,564.259953532144,250.489799996845,96.5483232960543,89.2941579749106,48.5610104112184,61.7398113770082,90.042139481428,79.7399042697457,263.406821796651,87.195821525328,94.6688472966005,64.9189131945002,53.5093731191952,108.339555153678,88.8829139630475,33.0934921777534,80.8987961498917,52.1134746461538,119.743932761272,55.531579763242,65.1481816064113,43.0465786633316,43.7863741943542,30.073999305799,34.0811538728364,54.5108675457823,297.007804521641,45.2000737506991,43.3765538895117,70.4739080999128,115.535235610402,64.9654668697981,43.0769843752772
dflux,69.4235525281633,47.6538839239141,96.850495510143,92.8177744911126,62.4799476187186,37.1598460037202,33.695166794496,26.4420216044105,25.1468671782088,43.0305688095762,90.9252763096834,50.7009032548994,48.7795062543105,46.1182449442434,47.3881765147286,26.760379557419,25.2998234694258,27.1434789618008,36.2586233601604,30.4423550671836,34.8395749622419,31.9211264107304,25.6825434398813,25.7511102750859,26.192005576792,27.4579961911026,22.2234135515755,28.4498663305623,107.218195789211,34.9685272203818,35.753687403043,44.657657093918,43.7656728933085,45.1207782547162,34.6666374046539
mag,21.312977950035073,19.375757774527507,19.389901928095778,20.30672488502353,21.276238159957305,21.253142384196714,21.906780713632894,21.76958675419221,21.357885485813085,21.577410725143622,19.596832454317536,21.456960815534767,21.35018227722804,21.79357189823829,20.671625342264843,21.16883237993692,21.384254289496077,22.52664350416865,21.555844852624112,21.863824923620065,21.09016620595372,21.91494992883885,21.717544254150273,22.17485340127393,22.294352539541904,22.63442203658708,22.468214274777836,21.943492265195488,20.254180346268,22.27095214142865,22.308062385197044,21.782529110558468,21.259113864160106,21.78379359044062,22.28148676825278
dmag,0.8320364139150352,0.10217996095833298,0.1863575268208677,0.40231425875033416,0.702619567956013,0.4518301206320952,0.7533628770162438,0.46500077571739695,0.3032231829331832,0.5859029665991132,0.37478476731875265,0.6313124334964667,0.5594414372099742,0.7713044746441767,0.9615335766499863,0.26818194792654937,0.3090462844885169,0.8905272877722984,0.4866240536378555,0.6342384053073247,0.3158956535223307,0.6241119519490375,0.42801604826766837,0.6495037145018047,0.6494625155253352,0.9912928530624049,0.7079796880213851,0.5666585634457404,0.3919448418700071,0.839967568188246,0.8949321554228321,0.6880054822258964,0.4112855730539592,0.754081589781783,0.8737571553203178
