ztf-91bg,2019ecx,forcedphotometry_req00381112_lc,139.175126,18.96503,0.029,nan,58599.31399305537
++++++++++++++++++++++++++++++++++++++++++++++++++++++++++++++++
mu,-404.0,-404.0
++++++++++++++++++++++++++++++++++++++++++++++++++++++++++++++++
++++++++++++++++++++++++++++++++++++++++++++++++++++++++++++++++
zp,26.0099,25.7945,26.0521,26.0327,26.1618,24.9717,26.1068,25.9694,25.8115,25.9614,25.8427,25.846,25.8499,25.9841,25.945,26.2042,24.0535,26.2006,26.2193,26.2174
filter,ZTF_g,ZTF_r,ZTF_r,ZTF_r,ZTF_r,ZTF_r,ZTF_r,ZTF_r,ZTF_r,ZTF_r,ZTF_r,ZTF_r,ZTF_r,ZTF_r,ZTF_g,ZTF_r,ZTF_r,ZTF_r,ZTF_g,ZTF_g
mjd,58430.40854169987,58439.37386569986,58472.40878470009,58481.42151620006,58493.45814809995,58574.20518520009,58582.21420140006,58582.219224500004,58757.48656249978,58757.489745399915,58770.476041700225,58770.47648150008,58771.473541699816,58771.48001160007,58814.520972200204,58828.43516199989,58829.42644680012,58892.26199069992,59199.45608799998,59264.2894444
flux,44.6532954217125,43.6888351281115,65.5738852376968,39.3441066919504,28.560879664794,57.2158909059567,42.4203433743782,41.0712207757878,54.6649384248798,54.6163691009414,67.0192835152533,95.257957951488,231.202085446293,171.054712284067,70.583233904325,86.2209035232829,325.968311627799,37.6035313638027,58.4446268535658,66.2795865870068
dflux,33.1621847233999,31.6758180309315,40.4489107526064,33.3750230803399,23.7516679842449,36.547335844102,28.461388125882,30.2570115178743,42.6538510832468,42.1726952578135,57.1993487157948,65.9123526492177,119.464595273321,105.480625702465,39.4244219250574,54.5306909523412,227.983540924334,33.9157005339222,46.2061242031273,42.6776198097371
mag,21.885266211442886,21.69357383673704,21.510272709306165,22.045500777248545,22.522371051441105,20.5779083382313,22.037864550946914,21.935555970628904,21.467227841881247,21.61809293789093,21.277200548497284,20.89874683178042,19.939920632227686,20.4012623929873,21.323246118743302,21.36516857603425,17.77056154242289,22.262528420938967,21.80243852456206,21.6639505227931
dmag,0.8063320801543078,0.7871938528624844,0.6697307424749651,0.9210139443943569,0.9029149716884135,0.6935270094576695,0.7284608531636954,0.7998577162372238,0.847176119244379,0.838364447279401,0.926649772006237,0.7512593084202944,0.56101153250789,0.6695175636887257,0.6064403664727228,0.6866773951347839,0.7593682442162359,0.9792565390527082,0.8583793691534504,0.6991087202933433
