ztf-91bg,2019op,forcedphotometry_req00381102_lc,35.4243699,-25.9271597,0.04,nan,58493.28899305547
++++++++++++++++++++++++++++++++++++++++++++++++++++++++++++++++
t0,58496.890023367036,0.3208326217572903
x0,0.0007437533123131757,3.269199466080345e-05
x1,-3.565008147436963,0.5478639984177147
c,0.15994851610105634,0.04017266465719226
mu,36.79433489327114,0.15373834521991955
++++++++++++++++++++++++++++++++++++++++++++++++++++++++++++++++
0.10293358176919833,1.829657575685783e-06,0.016148796436180966,0.003031687447072101
1.829657575685783e-06,1.0687665149020015e-09,-8.010753084195738e-06,-1.0207361450563831e-06
0.016148796436180966,-8.010753084195738e-06,0.30263068239066365,0.007544007453130418
0.003031687447072101,-1.0207361450563831e-06,0.007544007453130418,0.0016138429856592243
++++++++++++++++++++++++++++++++++++++++++++++++++++++++++++++++
zp,26.1238,26.1035,26.1106,26.1092,25.9266,26.1134,23.0756,25.2469,26.0856,24.1291,23.9697,25.4133,26.1454,26.0832,26.0182,25.9881,25.9764,25.9613,26.0352,26.1736,26.1152,26.1583,25.942,25.7685,26.0633,26.157,26.0996,26.1753,25.5739,26.1753,26.1103,25.9548,26.0374,26.0174,24.952,26.1699,26.1729,25.8038,26.1023,26.1675,26.1667,26.0896,26.1227,26.1888,26.1626,26.209,26.1783,26.0558,26.1453,26.1176,26.2001,26.0921,26.169,26.1097,25.6419,25.9582
filter,ZTF_r,ZTF_g,ZTF_g,ZTF_r,ZTF_g,ZTF_r,ZTF_r,ZTF_g,ZTF_r,ZTF_r,ZTF_r,ZTF_g,ZTF_r,ZTF_g,ZTF_g,ZTF_g,ZTF_g,ZTF_g,ZTF_r,ZTF_r,ZTF_g,ZTF_r,ZTF_g,ZTF_r,ZTF_g,ZTF_g,ZTF_g,ZTF_g,ZTF_g,ZTF_r,ZTF_g,ZTF_g,ZTF_g,ZTF_g,ZTF_g,ZTF_r,ZTF_g,ZTF_r,ZTF_r,ZTF_r,ZTF_r,ZTF_g,ZTF_g,ZTF_r,ZTF_g,ZTF_r,ZTF_g,ZTF_g,ZTF_g,ZTF_g,ZTF_g,ZTF_g,ZTF_r,ZTF_g,ZTF_r,ZTF_g
mjd,58365.50076390011,58374.431840300094,58380.40886570001,58386.397083300166,58422.39934029989,58448.27175930003,58466.24967590021,58488.167083300184,58491.216932899784,58492.16314810002,58492.16407410009,58493.18787040003,58494.10567130009,58494.14753470011,58505.169444399886,58505.17035879986,58509.16788189998,58509.16879629996,58739.459294000175,58855.189351900015,58861.10480319988,58864.083796299994,59124.491215299815,59128.406932900194,59134.397338000126,59151.292384299915,59153.39886569977,59158.290138899814,59216.191423600074,59219.168854199816,59233.15271990001,59465.41765049985,59467.458437500056,59484.39841439994,59494.355405100156,59498.35626159981,59538.31542820018,59823.460543999914,59825.440219900105,59846.42972220015,59858.35597220017,59860.4625694002,59902.2931597,59903.2998147998,59923.2105556,59970.13446759991,60191.43915509991,60196.460462999996,60199.489120400045,60203.39787039999,60207.41837960016,60238.39967590012,60288.231886600144,60288.274791699834,60290.171354200225,60295.168819400016
flux,47.8413375268791,35.6622151701953,26.3440693543838,96.9534537264867,97.4014233987606,79.0734846380542,170.913011413005,235.560834789977,944.918414879017,143.246524203769,183.125712636154,610.691720772092,1475.1928838466,1234.4359229063,496.06491386237,823.614078341883,251.27864208389,437.402678165135,107.655409435652,135.775155227131,61.6944888484859,74.7235627639945,336.110550152785,111.802883434015,51.7433298075068,130.843241809529,253.968015424557,104.000236284465,92.8201172445745,102.546575114978,55.6395219579427,40.8746204284994,41.3853661069574,50.4303629576461,53.147225422734,52.9742378823224,107.786909891022,58.2001974217162,61.0159659792089,83.6455875852985,68.8243883787503,104.275042830514,71.5708274553996,70.5133588561459,129.375959685588,101.551907647356,112.813571413263,96.7329711842702,46.6138900924596,36.778034025227,27.9800673478083,52.4577365293692,136.523489022469,88.9598361853463,64.4708086926451,67.4989334500963
dflux,35.4438462246651,22.8728229022954,20.7073650309336,86.4397022729936,63.4575120577191,46.9406358219474,100.62831547034,34.393320252492,57.6379916590316,98.2722093032447,79.4856320616328,48.6324414066543,45.9206589110084,45.497608299381,133.036381194988,128.03777942207,73.1099833159617,78.946937662353,76.0876932501879,98.2790020201479,42.936523631875,49.4636277610671,131.457240898282,73.7540146730007,37.9045575335206,106.074390729256,141.47341635331,75.9315610806366,74.2893062496989,58.2596377120064,48.5625378488631,30.0345143731881,28.7798513396749,42.726119696503,28.9676854183181,29.9387453126744,88.8743789327585,47.7988137478282,35.3549978284332,32.1925964466654,53.5066779655926,85.8555381099567,61.0373362876759,57.2777615213334,66.737489970475,80.4340393615624,70.0825687841556,31.2995260642533,42.2664469323226,21.3427139558481,25.1625877603345,35.1553808269021,92.453499573857,64.3317573885153,49.3407435424442,49.9101379930855
mag,21.924291717593903,22.222979209946452,22.558892847386808,21.142791789113033,20.95518674102445,21.368322805348086,17.4936621841904,19.3166422881984,18.647114218138,18.73888976785932,18.31282668058939,18.44874491937896,18.223277978174607,18.354528621256925,19.279353722647517,18.698790596083477,19.97601105885382,19.359096405390567,20.95511035749418,20.84154923005224,21.639584074098096,21.474656073614618,19.625794638186413,20.64736748926054,21.778664067068867,20.865121760524083,20.08765243678951,21.132714185000097,20.654794718357447,21.14799709941662,21.74684152505725,21.926165668188382,21.995282996382834,21.76066976530831,20.638298507769356,21.85973820645244,21.091484946372407,21.39148885542783,21.638691271924237,21.361392409255437,21.57234409839866,21.04414905774388,21.4858599043161,21.56812149376597,20.88296603918864,21.19227978495767,21.047396629530724,21.09186368131832,21.974011630396905,22.203628724369064,22.582978111248583,21.792576131200434,20.830981553330346,21.23671506372681,21.118492205403264,21.38495772349271
dmag,0.8043810869719916,0.6963631342463749,0.8534268421793589,0.9679976388589998,0.7073625405143369,0.6445289216685849,0.6392480269752332,0.15852411557859192,0.0662275740724959,0.7448536441310588,0.47126330456397597,0.0864626137297503,0.03379742572788961,0.04001698236740037,0.29117643997238135,0.16878688253542815,0.3158969467410549,0.19596484601904243,0.7673665794544265,0.785895405403548,0.7556224078320425,0.7187083898633355,0.4246456582700016,0.7162373770452715,0.7953556640566483,0.8802044707839414,0.6048116330282659,0.7927063235096438,0.8689774567863527,0.616837742939768,0.9476376446475145,0.7977948004287337,0.7550332280821013,0.9198683555453023,0.5917762324674967,0.6136110873981354,0.8952305152862787,0.8916963331679844,0.6291173227450196,0.4178662437122507,0.8440923171591125,0.8939480011208781,0.9259421499763777,0.881939825589525,0.5600677997043975,0.8599557669876321,0.6744860684606874,0.3513076071555123,0.9844750478873512,0.6300651425197483,0.9764069613287046,0.7276232693441405,0.7352589101175055,0.7851556512201979,0.8309346930825966,0.802816296997108
