ATLAS-ZTF 2023abdv 1011108430135639500 17.78523155404982 -13.944130611739116 0.052 0.0506256295072644 60303.0716599999
++++++++++++++++++++++++++++++++++++++++++++++++++++++++++++++++
t0, 60306.865646832885, 1.2768971721670823
x0, 0.0005809604809619425, 0.00013409457670766016
x1, -0.18014501990963272, 1.5548977625443587
c, 0.3732668125404679, 0.1995763804938646
mu, 36.944736232808296, 0.6878310632228939
hostMass, 9.106052225138164, 0.04069200151682838
++++++++++++++++++++++++++++++++++++++++++++++++++++++++++++++++
zp, 22.033, 22.026, 21.902, 21.915, 21.917, 21.96, 21.953, 21.95, 21.877, 22.019, 21.982, 21.89, 21.89, 21.877, 22.296, 22.287, 22.291, 22.283, 22.056, 22.06, 22.054, 22.047, 22.277, 22.279, 22.259, 21.829, 21.818, 21.795, 21.779, 22.022, 22.052, 22.048, 22.052, 22.292, 22.29, 22.287, 22.275, 22.058, 22.061, 22.059, 22.055, 22.044, 22.042, 22.037, 22.023, 21.898, 21.898, 21.884, 21.91, 21.903, 21.889, 22.25, 22.247, 22.002, 22.273, 22.275, 22.269, 22.048, 22.043, 21.673, 22.048, 21.835, 22.045, 22.035, 21.837, 26.2169, 26.1715, 25.425, 25.6211, 26.1408
filters, o, o, o, o, o, o, o, o, o, o, o, o, o, o, o, o, o, o, o, o, o, o, o, o, o, o, o, o, o, o, o, o, o, o, o, o, o, o, o, o, o, c, c, c, c, o, o, o, o, o, o, o, o, o, o, o, o, o, o, o, o, o, c, c, o, ZTF_g, ZTF_g, ZTF_r, ZTF_g, ZTF_r
time, 60296.79734775, 60299.81801265, 60301.07409445, 60301.07961125, 60301.10133005, 60303.07165645, 60303.07716165, 60303.09013905, 60303.10303415, 60303.82328335, 60303.84304915, 60305.06821345, 60305.07137315, 60305.09828245, 60306.28103535, 60306.29131445, 60306.29420405, 60306.30449575, 60308.29229325, 60308.29545505, 60308.30944395, 60308.32093365, 60310.31913385, 60310.32236695, 60310.34489025, 60311.11752105, 60311.12165135, 60311.14115645, 60311.15495975, 60312.27868045, 60312.28184525, 60312.28929445, 60312.29923765, 60314.29486435, 60314.29768055, 60314.30428395, 60314.32068825, 60316.27017985, 60316.27334745, 60316.27878405, 60316.29004425, 60319.78705465, 60319.79023635, 60319.79662935, 60319.80710525, 60321.03652415, 60321.03970775, 60321.06075765, 60321.07602395, 60322.03906085, 60322.04422365, 60326.23290575, 60326.23671945, 60327.80999425, 60330.24750955, 60330.25271765, 60330.26279835, 60332.25206955, 60332.25749265, 60335.10787645, 60336.24859415, 60339.06021945, 60340.25196865, 60340.25829725, 60342.04917965, 60288.14575230004, 60290.2329051001, 60305.1081019002, 60305.176076400094, 60315.15813660016
flux, 392.8, 393.1, 1590.7, 550.6, 4183.7, 668.2, 894.1, 2625.2, 730.5, 1455.7, 121.2, 2789.7, 3608.3, 3207.2, 2497.5, 879.6, 2779.1, 2620.8, 2704.7, 929.1, 1868.0, 1914.7, 1998.2, 1092.9, 2864.2, 191.5, 805.6, 545.8, 7.0, 1353.8, 1321.7, 1310.5, 86.3, 753.6, 1421.6, 1213.8, 1495.8, 1331.5, 979.6, 235.5, 1577.5, 1625.0, 1142.6, 750.6, 1036.7, 1267.9, 116.8, 290.1, 930.1, 2092.3, 1012.3, 391.6, 838.2, 2575.7, 381.9, 3356.5, 1274.2, 1024.1, 463.4, 2730.9, 2215.4, 1068.4, 334.6, 1166.7, 1067.5, 83.0701081047389, 64.2986107469712, 716.745923633154, 712.099483408596, 1257.95788023091
dflux, 715.2, 1230.5, 1060.2, 1062.7, 1180.4, 923.2, 932.3, 945.4, 1081.4, 981.0, 960.6, 1162.1, 1009.5, 1447.6, 1056.8, 1071.8, 1091.8, 1157.2, 855.0, 818.5, 798.1, 1050.0, 977.5, 687.9, 1009.3, 710.3, 607.9, 759.4, 754.7, 625.2, 608.9, 610.5, 608.5, 606.4, 593.4, 589.9, 628.0, 586.6, 587.0, 636.0, 634.6, 781.3, 579.1, 438.2, 500.9, 1095.5, 828.2, 487.2, 554.2, 946.9, 632.7, 966.9, 1028.6, 676.8, 1107.5, 908.7, 1072.9, 1195.2, 1083.8, 1682.7, 1302.0, 605.3, 571.4, 638.9, 672.2, 51.6044288759889, 40.2369792791572, 116.607587773682, 131.246667886932, 69.7909772972806
mag, 19.43, 18.7, 18.78, 19.0, 18.4, 18.55, 18.68, 18.88, 18.32, 18.61, 18.56, 18.19, 18.41, 18.32, 18.37, 18.62, 18.36, 18.4, 18.17, 18.37, 18.39, 18.22, 18.48, 18.24, 18.5, 18.13, 18.18, 18.21, 18.27, 18.4, 18.42, 18.3, 18.2, 18.35, 18.5, 18.52, 18.49, 18.55, 18.4, 18.72, 18.34, 18.82, 18.58, 18.92, 18.98, 18.15, 18.64, 18.55, 18.51, 18.5, 18.57, 18.93, 18.71, 18.96, 18.71, 18.87, 19.15, 19.07, 18.97, 18.14, 19.0, 19.41, 19.63, 19.66, 19.42, 21.418288060894177, 21.65099602614366, 18.286586920870548, 18.489748323220766, 18.391634749948516
dmag, 0.3, 0.22, 0.22, 0.28, 0.17, 0.18, 0.18, 0.23, 0.17, 0.26, 0.22, 0.17, 0.2, 0.19, 0.13, 0.19, 0.13, 0.16, 0.1, 0.12, 0.13, 0.11, 0.13, 0.09, 0.14, 0.1, 0.1, 0.11, 0.13, 0.1, 0.1, 0.09, 0.08, 0.08, 0.09, 0.1, 0.1, 0.11, 0.09, 0.13, 0.1, 0.24, 0.14, 0.15, 0.16, 0.15, 0.18, 0.12, 0.11, 0.17, 0.15, 0.3, 0.27, 0.21, 0.21, 0.22, 0.29, 0.26, 0.23, 0.24, 0.27, 0.3, 0.3, 0.3, 0.26, 0.6744760303667797, 0.679435288974992, 0.17663871620484484, 0.20011144846904627, 0.06023619074060861
