ra, dec, objname, z, discoverydate
125.68025, 22.55469, 2007ax, 0.0069, 54180.0
37.68021, -2.93883, 2005A, 0.0191, 53375.0
344.92754199999996, 0.013694, 2005ku, 0.045400, 53684.0
45.61875, -24.45597, 2008fu, 0.052, 54734.0
127.88867, -1.19944, 2007bd, 0.0309, 54194.0
14.07208, -1.62944, 2006gt, 0.0448, 53996.0
74.84817, -11.13058, 2009F, 0.013, 54835.0
174.61858, 20.52622, 2006bd, 0.0257, 53820.0
162.57033, -12.10889, 2008bt, 0.0154, 54569.0
192.25521, -9.45283, 2007N, 0.0129, 54121.0
229.17763, 7.39661, 2007ba, 0.0385, 54188.0
53.76813, -24.94411, 2005ke, 0.0049, 53687.0
181.05108, 20.40689, 2005bl, 0.0241, 53474.0
128.97246, 0.70642, 2008bi, 0.0134, 54547.0
154.59717, -13.10311, 2008bd, 0.0301, 54538.0
149.827, -19.47383, 2007al, 0.0122, 54169.0
338.53058, 5.56842, 2005kc, 0.0151, 53683.0
220.59937, -17.24678, 2009Y, 0.0094, 54863.0
129.59658, 17.62772, 2004gs, 0.0267, 53351.0
308.22579, 9.92853, 2004eo, 0.0157, 53265.0
50.75304, 1.36189, 2008gp, 0.0334, 54766.0
202.77421, -15.10183, 2007ca, 0.0141, 54215.0
162.84196, 8.57853, 2009al, 0.0221, 54888.0
160.11758, 9.20233, 2005ki, 0.0192, 53692.0
193.14142, -9.77522, 2006D, 0.0085, 53746.0
138.82346, -25.60008, 2006lu, 0.0534, 54038.0
107.92004, -26.68508, 2009ag, 0.0086, 54880.0
322.74692, 13.98922, 2006ev, 0.0287, 53990.0
138.75008, 29.73531, 2009cz, 0.0211, 54927.0
49.39917, -1.69172, 2006gj, 0.0284, 53996.0
77.953, 5.19428, 2005el, 0.0149, 53638.0
41.92971, 13.25411, 2007so, 0.0297, 54447.0
345.44954, 15.5865, 2007hj, 0.0141, 54344.0
132.64646, -61.27794, 2008ia, 0.0219, 54807.0
24.34875, -0.312, 2007ol, 0.0559, 54402.0
126.7765, 21.646, 2005mc, 0.0252, 53727.0
332.68679, -20.78811, 2008go, 0.0623, 54761.0
211.88567, -26.55183, 2008cf, 0.046, 54590.0
171.25958, -9.79828, 2007bm, 0.0062, 54210.0
55.46033, 8.15694, 2006kf, 0.0213, 54029.0
354.70171, -6.52258, 2007le, 0.0067, 54386.0
122.3115, -18.65364, 2008hu, 0.0497, 54801.0
27.95046, 0.26342, 2006ob, 0.0592, 54052.0
340.06708, -66.48508, 2006bh, 0.0109, 53827.0
109.13583, -29.32547, 2008fp, 0.0057, 54720.0
105.40258, 14.13325, 2005na, 0.0263, 53735.0
45.97375, -11.99428, 2008R, 0.0135, 54492.0
184.32158, 16.37156, 2005bg, 0.0231, 53457.0
201.38992, -24.65225, 2007cg, 0.0332, 54231.0
44.97237, 1.16072, 2007jd, 0.0726, 54348.0
31.61283, -0.89953, 2007hx, 0.0794, 54346.0
21.70112, -1.238, 2005hj, 0.0574, 53669.0
19.18233, 0.79456, 2005ir, 0.0763, 53671.0
181.01208, 20.24517, 2008bf, 0.0235, 54543.0
322.15471, 1.22811, 2006eq, 0.0495, 53973.0
170.92617, -22.27069, 2009aa, 0.0273, 54865.0
1.00796, -11.16875, 2008hj, 0.0379, 54790.0
171.01442, -12.29144, 2006ax, 0.0167, 53814.0
58.59512, -19.18172, 2009D, 0.025, 54833.0
20.22842, 4.80531, 2008gl, 0.034, 54759.0
198.75729, -15.95189, 2008cd, 0.0074, 54585.0
6.31942, 12.88681, 2007A, 0.0177, 54102.0
186.158, 10.83817, 2008ar, 0.0261, 54523.0
185.72496, 15.80919, 2006X, 0.0052, 53770.0
9.74904, -9.01572, 2006ej, 0.0205, 53970.0
21.346, -18.17244, 2008gg, 0.032, 54748.0
327.28254, 0.44422, 2004ey, 0.0158, 53292.0
54.71208, -35.575, 2007on, 0.0065, 54409.0
79.39321, -23.78172, 2006is, 0.031, 53996.0
144.63012, -63.97378, 2008bc, 0.0151, 54538.0
104.29804, 20.43714, 2008C, 0.0166, 54468.0
30.55321, -0.09764, 2004dt, 0.0197, 53228.0
202.5075, 13.41578, 2006br, 0.0246, 53850.0
224.18187, 9.32847, 2005ag, 0.0797, 53411.0
180.47, -18.97269, 2007sr, 0.0055, 54452.0
75.88908, 6.65992, 2009ad, 0.0284, 54875.0
10.69092, -23.55844, 2006et, 0.0226, 53981.0
170.16158, -3.54619, 2009P, 0.0251, 54859.0
340.54175, 19.99456, 2004ef, 0.031, 53252.0
43.75421, 16.00967, 2006os, 0.0328, 54060.0
32.32142, -23.41244, 2009le, 0.0178, 55151.0
207.50137, -30.57617, 2005al, 0.0124, 53425.0
139.05196, -16.30444, 2005am, 0.0079, 53423.0
359.63542, -18.70917, 2005iq, 0.034, 53679.0
192.42096, -11.09647, 2005bo, 0.0139, 53477.0
294.18683, -37.55125, 2008fl, 0.0199, 54716.0
27.17696, -48.64939, 2007st, 0.0212, 54456.0
29.19975, -0.21367, 2005hc, 0.0459, 53655.0
64.15162, 2.76417, 2009ab, 0.0112, 54870.0
141.90004, -80.17756, 2007as, 0.0176, 54172.0
18.48879, 0.37167, 2006hx, 0.0455, 54006.0
303.49983, -44.35217, 2008ff, 0.0193, 54710.0
177.26712, -9.72914, 2009ds, 0.0193, 54949.0
104.39358, -45.81231, 2008O, 0.0389, 54487.0
340.42521, -0.13692, 2006py, 0.0579, 54054.0
224.88633, 16.66989, 2005be, 0.035, 53465.0
26.79308, -0.147, 2006fw, 0.0835, 53989.0
52.46175, 0.05683, 2007jg, 0.0371, 54357.0
215.58775, -0.39381, 2007af, 0.0055, 54160.0
315.87342, -67.18364, 2008cc, 0.0104, 54580.0
31.08129, -8.72839, 2006ef, 0.0179, 53965.0
14.38987, -1.38861, 2007nq, 0.045, 54394.0
100.26046, -38.03861, 2008bq, 0.034, 54558.0
136.89192, 3.39225, 2008hv, 0.0126, 54802.0
41.29333, -4.71372, 2009I, 0.0262, 54844.0
80.45812, 6.67603, 2004gc, 0.0321, 53327.0
39.01546, -17.26389, 2005lu, 0.032, 53715.0
189.74058, 11.1295, 2008bz, 0.0603, 54578.0
169.81071, 20.80903, 2007bc, 0.0208, 54194.0
17.95475, 14.64083, 2008fr, 0.0397, 54723.0
50.67342, -37.20361, 2006dd, 0.0059, 53905.0
204.845529489, 51.049656028, 2023mkp, 0.015293, 60132.30095000006
219.507878335, 10.1840233052, 2021fnr, 0.026949, 59287.61500000022
92.63880328, -14.53887968, 2021zsz, 0.035746, 59484.61100000003
10.074, 2.756631, 2024luo, 0.017, 60480.57600999996
185.448153902, 10.5914186734, 2023fot, 0.026467, 60048.15253000008
90.9168013455, -26.6632429668, 2021aare, 0.0404, 59493.586999999825
22.491958, 19.439089, 2021agej, 0.04, 59557.2790000001
184.50781, -20.857608, 2021pom, 0.032269, 59377.273000000045
289.11995635, 41.889292100000006, 2022ubt, 0.052, 59835.362840000074
227.8045083, 46.1478486, 2024pbd, 0.018326, 60499.32409999985
167.982470896, 3.13368842531, 2024bjb, 0.0298, 60340.55316000013
123.852270875, -6.957704925, 2020abmg, 0.04, 59186.53299999982
186.078586571, 10.4462249059, 2024fid, 0.06, 60398.0
-99999, -99999, ATLAS2022ubt, -99999, -99999
10.8995371015, 30.5923216054, 2021abzd, 0.018086, 59509.41800000006
75.2662741667, -38.4486033333, 2020aejj, 0.056, 59205.38499999978
77.776333, -1.0803, 2023dk, 0.02844, 59952.90434999997
17.7852928, -13.944088, 2023abdv, 0.052, 60303.0716599999
50.5505136364, -42.8846709091, 2022ywc, 0.058, 59880.12560999999
60.34133, -54.7544166667, 2022vse, 0.05, 59844.21443000017
28.9361078719, -25.2487441831, 2022skw, 0.07, 59813.255350000225
97.9791843379, 35.5566019315, 2021agnf, 0.027, 59571.586999999825
20.9540199, -15.7102499, 2024ulb, 0.044, 60554.277009999845
353.482603846, -23.7285769231, 2024xhs, 0.0474, 60586.17999000009
72.7672484957, -5.95689110813, 2021wzb, 0.0478, 59452.56799999997
201.241559768, -24.180768237, 2021jbp, 0.042, 59315.39999999991
83.8700930252, -17.8009970936, 2024sag, 0.01, 60534.37913999986
186.634535203, 31.4283941603, 2021gel, 0.06, 59291.503000000026
19.5190132576, 14.5536756664, 2021bmu, 0.053, 59245.21400000015
203.188042, -13.047169, 2023acdv, 0.023, 60308.59787999978
187.012167, 9.80285, 2021qvv, 0.001825, 59388.257000000216
160.8756791, 19.0830025, 2022fjx, 0.046, 59664.31330000004
74.759375, -0.441911, 2022aecb, 0.015, 59939.14084000001
145.700917, -3.607069, 2022ihz, 0.006, 59694.311110000126
250.8363722, 61.5948666, 2021bls, 0.019, 59246.55899999989
114.1306618, -1.5881818, 2021aatq, 0.06, 59494.586999999825
47.73896, -40.718665, 2020adrp, 0.06, 59211.310000000056
53.394292, -78.503761, 2024lxm, 0.048, 60482.094430000056
346.222086123, 21.5904944206, 2020lhd, 0.048, 58997.58600000013
1.35486411301, -18.072637478, 2020nqd, 0.06, 59024.58600000013
271.5123925, 59.643315, 2024lty, 0.05, 60479.45320999995
92.225167, -39.693589, 2021adu, 0.053, 59227.38400000008
39.5849524641, 4.7231695793, 2024wuj, 0.0747, 60580.40431000013
22.605559711111, -16.756848577778, 2020adhi, 0.05, 59203.28899999987
229.327136621, 13.0227423559, 2020ewx, 0.06, 58931.46700000018
25.5560116636, -20.7074701013, 2020ryi, 0.047506, 59083.47800000012
24.191333, -11.73425, 2020obe, 0.043497, 59036.56600000011
75.2085236092, -13.1064905686, 2020sha, 0.06, 59090.59299999988
181.4485575, -31.770496875, 2020mtk, 0.023413, 59016.25900000008
220.1665511, 35.8816163, 2024arb, 0.046, 60331.53543000016
200.363804707, 48.441108682, 2020kui, 0.1, 58992.33099999977
42.7353226359, 35.0693108731, 2020yem, 0.08, 59147.47999999998
349.4706952, 22.761208800000002, 2024kgh, 0.06, 60464.59359000018
73.1966163636, -44.28597, 2021adt, 0.07, 59227.33600000013
337.779875, 39.428331, 2021afqx, 0.015, 59546.27600000007
230.812067754, 0.0649405664894, 2020eci, 0.069, 58912.62699999986
10.121460766667, 6.6895334, 2024aeuh, 0.031, 60668.263590000104
65.9869250154, 4.51428033888, 2020yeo, 0.03, 59146.53599999985
199.9281972, -4.52919029008, 2021ash, 0.041, 59230.56799999997
189.975833, -23.882839, 2020dp, 0.052, 58851.636990740895
159.4044646, -7.2703064, 2022zue, 0.028823, 59891.337950000074
12.4453933333, -29.5172083333, 2021afdy, 0.077, 59541.325999999885
226.922647206, 32.0095965872, 2020nia, 0.095, 59023.31399999978
119.99589785, -0.1530379, 2021aaas, 0.061, 59486.612999999896
183.41514769999964, 14.244264900000001, 2024fwj, 0.051567, 60406.57498842571
5.12843321752, -28.64418035, 2024qwp, 0.075, 60523.0236800001
164.156708, 9.690561, 2023acfg, 0.058, 60306.47561000008
9.011988, -42.997481, 2023tfc, 0.0533, 60204.91753000021
82.7265981636, 8.97570645561, 2024tdb, 0.04, 60549.5855200002
219.4310273, 37.635246, 2024jvc, 0.079, 60457.38202999998
168.121747013, 28.0666930629, 2023xhr, 0.045, 60257.6023599999
269.213042, 56.9851, 2024xhl, 0.07, 60587.24722999986
121.6065857, 50.4067996, 2020hsi, 0.07, 58956.36899999995
0.589864, -15.332308, 2020xtq, 0.12, 59142.375
213.2830523, 31.569476, 2024addv, 0.061, 60646.62141000014
46.9969608189, -38.9303139825, 2024xhm, 0.066, 60586.98999000015
201.1983626, 8.295423, 2024qcc, 0.052, 60516.74074999988
217.302792, 46.239131, 2020hsh, 0.0747, 58956.42700000014
201.683502447, 16.8617973296, 2024acnr, 0.027483, 60641.62826000014
81.6395466667, -7.961455, 2020xom, 0.12, 59138.54000000004
184.702667, 5.737611, 2019ycb, 0.046, 58844.6619907408
122.65097, 52.719172, 2020adgs, 0.12, 59202.61899999995
196.516420191, 24.0550285409, 2020eyf, 0.0687, 58931.586999999825
17.352875, -66.260811, 2024nwu, 0.0242, 60496.296010000166
184.206734654, 51.2993843768, 2020exu, 0.07, 58932.47300000023
159.491083, -28.90855, 2020acma, 0.014, 59195.59200000018
155.675667, 25.824019, 2020evi, 0.038883, 58931.43800000008
355.0065, 27.277081, 2021accx, 0.031, 59511.39900000021
230.92152179999997, 27.3953167, 2024ere, 0.072, 60388.49439000012
178.506663017, 43.7139862598, 2024epm, 0.067396, 60387.44817999983
66.0361582458, 11.9616028152, 2020rnf, 0.07, 59077.60699999984
87.2601488, -20.0597441, 2024aemk, 0.05, 60665.1851499998
354.055792, 9.688061, 2021acck, 0.044, 59510.36400000006
335.7009577, 23.6314671, 2020pzv, 0.074, 59051.47899999982
2.48365665506, -22.312370084, 2021aann, 0.1, 59491.40599999996
242.55015902, 54.40541436, 2020uqb, 0.07, 59122.22200000007
122.795458067, -10.5881419862, 2020yff, 0.07, 59147.61400000006
183.024387719, 18.1663683192, 2021agnh, 0.07, 59571.61400000006
24.5498497799, -29.7012163035, 2021aexp, 0.07, 59537.34498842573
81.1999764706, 17.9608052941, 2024acoe, 0.03, 60641.4165500002
253.531917, 61.807731, 2024xhi, 0.06, 60587.21443000017
25.4670906769, -19.721461688, 2024vfz, 0.08, 60564.13365000021
51.3204994841, -5.96218655081, 2024xjv, 0.070186, 60588.47825000016
157.872629, 24.0469643, 2024hlj, 0.041169, 60429.23957000021
32.802458, -14.876061, 2023xid, 0.076, 60257.91372000007
126.9891391, -5.6647004, 2021abgc, 0.071, 59498.6120000002
195.0606688, 38.9222021, 2024dzj, 0.072448, 60375.44748000009
215.13843, -33.328625, 2020cbo, 0.04, 58887.53299768502
88.744984888, 51.8959943236, 2024xex, 0.058, 60583.55103999982
103.835583, -36.3797, 2020vwv, 0.033, 59133.57700000005
118.573042, 40.122261, 2020zci, 0.06877, 59162.55299999984
218.773208, -5.359019, 2024dci, 0.04, 60355.31742000021
351.442869898, 32.8743630787, 2019wno, 0.08, 58827.32099537039
243.891626, 42.878802, 2024smo, 0.058, 60544.25924000004
228.829153998, 6.06296432114, 2024ars, 0.041, 60332.641640000045
191.79325, 29.575939, 2020alf, 0.07, 58869.54799768515
165.652283543, 59.1229281775, 2024ard, 0.0331, 60331.509269999806
224.353605988, -3.12641087102, 2020ryn, 0.073, 59080.248999999836
174.019997333, -34.3357893333, 2024edz, 0.056, 60378.29228999978
103.0803316, 49.6917172, 2024ejq, 0.041032, 60383.33920999989
347.081283333, 24.26356, 2024kef, 0.063, 60463.57788999984
204.001121654, 6.58706087634, 2024grb, 0.022, 60416.417969999835
155.237795394, 0.573763904385, 2020enj, 0.104, 58924.4580000001
185.9787577, -26.8807567, 2024aemh, 0.07, 60665.302600000054
70.5739420196, 6.87583629362, 2021acnx, 0.029, 59514.46799999988
15.527042, -19.454881, 2020npr, 0.056342, 59027.58499999996
190.711435452, 20.6869675157, 2024bzx, 0.063, 60349.507579999976
148.76882436667, 79.284788633333, 2020kum, 0.09, 58992.251000000164
41.904167, -28.44845, 2020adgc, 0.042, 59203.316999999806
199.687667, 50.624089, 2020exr, 0.09, 58932.4870000002
218.943917, 24.726231, 2020mvp, 0.036091, 59017.3459999999
8.5755, -2.560369, 2020abge, 0.089, 59182.316999999806
67.52082, -51.7750577778, 2024svg, 0.047, 60548.20838999981
342.5275, -32.704219, 2024xem, 0.077, 60585.13581999997
32.5967434086, -17.9245320916, 2024xez, 0.07, 60586.26487000007
353.928458, 47.2529, 2020jit, 0.04, 58966.59899999993
250.182625, 40.414481, 2020mnv, 0.025975, 59014.40199999977
235.308458, 70.303569, 2024fav, 0.056, 60397.55140000023
198.722667, 27.008639, 2020jhf, 0.015371, 58977.42599999998
224.087811528, 9.33607126839, 2020mnw, 0.0808, 59013.35399999982
45.470542, 16.992881, 2020tce, 0.06, 59105.52699999977
229.402667, 57.185039, 2020fqi, 0.066, 58938.58799999999
239.885807142, -19.9255819908, 2024flg, 0.0472, 60402.98314000014
68.7886318745, -24.6073379427, 2024xel, 0.0751, 60585.285749999806
163.369304, -32.94444, 2024adki, 0.07, 60649.323549999855
30.92225, 15.1127, 2024qxx, 0.05, 60523.58744999999
17.86575, -17.3683, 2020onu, 0.044, 59040.591000000015
10.28985535, 16.46153565, 2020bqm, 0.018173, 58881.24099537032
105.990191687, 27.9023611064, 2024ejr, 0.04, 60384.28498
347.408741833, 12.8300018913, 2020ndv, 0.035, 59021.53099999996
51.10225, -43.49444, 2020acqy, 0.073, 59195.35800000001
71.6830424, 8.1959301, 2021adlp, 0.066, 59522.48499999987
244.5577251, 39.1238199, 2018geo, 0.03104, 58372.22799768532
84.205708, -27.008939, 2024uqc, 0.05, 60555.10595999984
62.4823854215, -1.3738359594, 2024pbf, 0.0244, 60499.422410000116
355.9468631, 51.2414908, 2020rsi, 0.043, 59080.48600000003
9.8249115, 44.3536717, 2024les, 0.06, 60473.585560000036
226.2198051, 20.0981542, 2024nsk, 0.0729, 60492.33840999985
107.880367149, 58.9515789126, 2020cpn, 0.080155, 58894.3169907406
232.1862848, 3.5862687, 2024ozs, 0.0383, 60498.317379999906
229.280416238, 14.4670545403, 2020fbo, 0.0845, 58931.503000000026
44.581046614, 3.73817210097, 2021aggb, 0.075, 59560.30099999998
61.850239516667, 30.2887422, 2020szq, 0.018553, 59103.58799999999
136.88, 18.436031, 2021aggu, 0.029, 59561.52799999993
237.974188375, 34.07338725, 2020mdd, 0.0488, 59010.38100000005
78.741074, -44.255066, 2021aekt, 0.052, 59529.47300000023
201.46896125, -17.3361575, 2020dny, 0.1, 58903.60000000009
20.2178481372, 4.79557585589, 2020zem, 0.034, 59163.4580000001
211.201542, -29.731119, 2024N, 0.08, 60310.645169999916
88.5331875, 41.6921843, 2024tyh, 0.0558, 60552.56950999983
173.37525, 18.5043, 2024afze, 0.04, 60674.56991000008
42.2692734626, -22.233606028, 2025J, 0.05, 60677.07573999977
46.4469913813, -0.161541170457, 2020teb, 0.104, 59104.51699999999
56.7832028571, -59.80079, 2024acdf, 0.068, 60637.945689999964
270.78174316364, 16.431895072727, 2020tdp, 0.06, 59105.30200000014
149.389126889, 35.8158641698, 2024fke, 0.04, 60402.342840000056
128.354787, 63.3391273, 2024hpw, 0.054, 60431.24582999991
138.687458, 8.921161, 2021agfp, 0.04, 59560.53500000015
110.187, 18.619731, 2024xup, 0.066, 60592.59545999998
70.766, -35.038061, 2023zob, 0.034, 60289.1379300002
251.643917, 38.024089, 2020fab, 0.08561, 58932.55299999984
209.103985359, 22.3787308789, 2024xl, 0.07, 60320.62131999992
50.416083, -6.636269, 2021aggc, 0.034782, 59560.31999999983
156.0363151, 47.521177, 2024dix, 0.0425500013, 60368.4309700001
90.3671392216, 56.1507314934, 2021aghl, 0.045, 59562.45999999996
11.868917, 14.752881, 2021agjd, 0.044, 59565.246999999974
269.9594068, 40.8261853, 2018bbn, 0.074, 58232.5659953705
136.354542, -7.814669, 2021aceo, 0.048, 59512.61100000003
212.095319945, 16.9284563029, 2024aeed, 0.032, 60661.62172000017
194.557505925, -22.3690060857, 2021alk, 0.09, 59229.57700000005
40.7257921362, -17.0029851075, 2020acqx, 0.02, 59195.35900000017
231.329349176, 21.3541050658, 2020nxk, 0.08, 59033.34700000007
2.76179818657, -25.4414799123, 2020rdt, 0.055, 59069.59299999988
164.11625, 39.352161, 2024ezl, 0.055, 60396.44090999989
343.926903773, -3.19937193631, 2024ind, 0.05, 60439.39484999981
59.6616153, -5.8098749, 2024pcv, 0.037, 60499.42148000002
43.210292, -1.285881, 2024pbe, 0.023, 60499.3970900001
244.435807547, 13.3038753075, 2024elv, 0.047, 60379.316930000205
356.330333, -23.667989, 2021acsw, 0.059, 59517.39300000016
105.5479414, 36.8963572, 2021afoj, 0.072, 59544.470000000205
7.232212, -30.085828, 2021aajw, 0.1, 59489.39000000013
23.196938, -27.040906, 2024jea, 0.04, 60449.404649999924
38.837989846, -25.5275658948, 2024vr, 0.057, 60319.83809999982
347.387917, 15.659269, 2020szr, 0.02581, 59103.46100000013
247.153583, 40.933911, 2024anm, 0.029, 60327.63558
175.813917, 33.266189, 2024zug, 0.035443, 60613.61879999982
34.3812397207, 10.5473210558, 2020tgi, 0.08, 59106.512000000104
249.423875, 75.000739, 2021abbh, 0.041, 59498.20599999977
202.548286, 30.5323364, 2024hhr, 0.05, 60426.43642000016
29.012171, -2.443125, 2024acde, 0.05, 60639.120500000194
11.176542, -38.183911, 2021abmp, 0.023259, 59501.31600000011
120.877642658, 64.1091383658, 2020vqg, 0.1, 59132.617000000086
231.93636425, 61.60143505, 2020aerf, 0.08, 59214.612999999896
144.763969, 65.1914176, 2024hqp, 0.071188, 60431.289789999835
12.70146, -27.38993125, 2024zg, 0.077, 60322.25137000019
236.656417, -13.377681, 2024ddk, 0.026, 60360.60197000019
128.9392882, 28.2702548, 2018aqy, 0.07, 58207.36899305554
1.39097124252, 3.82637472645, 2024jfl, 0.04, 60452.59057
52.9046932, 40.1088366, 2020duf, 0.06, 58910.226999999955
168.610343968, -7.26540922542, 2022acyu, 0.047257043421268, 59928.535209999885
212.956958, 42.42745, 2021agkc, 0.041191, 59566.58799999999
84.97412078, 59.46097604, 2020cpl, 0.03, 58894.323993055616
102.0937119, 64.78637625, 2021bhb, 0.035521, 59242.444000000134
27.8924904387, 8.25134563184, 2024aedt, 0.018413, 60660.37550000008
12.837417, 25.004631, 2020bcm, 0.075, 58875.24500000011
41.52725, 37.972539, 2020nva, 0.05, 59030.595000000205
119.308385789, -19.6697576316, 2025gm, 0.06, 60681.20448999992
120.544525, -22.942625, 2024aeis, 0.019, 60662.23551000003
165.419813683, 22.0938800511, 2020acph, 0.12, 59195.60699999984
20.8833543406, -19.1709948779, 2020wux, 0.066, 59137.37000000011
29.181292, -9.179769, 2024ably, 0.061, 60632.903750000056
34.7127106772, -19.7114068321, 2024pmk, 0.031, 60505.350560000166
176.11071253, -28.4574660702, 2017lv, 0.029, 57767.62599537056
131.269028583, 19.6663757424, 2021aasg, 0.085, 59493.55200000014
60.84, -35.026711, 2024abof, 0.06, 60634.213740000036
83.371287, -35.365006, 2024aeet, 0.042, 60662.21808000002
181.665662227, 25.7533211166, 2024aeec, 0.046257, 60661.57331999997
91.3873050611, 62.8964659918, 2023wpj, 0.058, 60252.50094999978
111.996042, 53.068439, 2020yav, 0.039, 59144.558000000194
223.2063011, 18.0802278, 2018bae, 0.07, 58227.5539930556
6.459296, 45.1680587, 2024ptm, 0.08, 60509.54033999983
340.661119012, 33.7139065737, 2020nmo, 0.08, 59025.586999999825
36.177421, -7.949553, 2024ysw, 0.0538, 60604.468359999824
35.616934, 54.939662, 2021aghk, 0.036, 59562.36500000022
132.389292, 50.867689, 2021bjy, 0.027489, 59244.481000000145
279.4630485, 37.4709555, 2020duu, 0.021635, 58910.54699999979
196.6483875, -29.73233, 2024jhc, 0.075, 60455.86924999999
171.978481667, 20.8536491667, 2020aeqn, 0.06, 59207.57400000002
116.728208, 81.193139, 2020aerb, 0.05, 59214.419999999925
204.973154, -30.931956, 2023dpc, 0.0468, 60021.97618000023
138.408833, 13.331619, 2020hvc, 0.065, 58959.28200000012
282.809187811, 35.1071419586, 2024xlb, 0.08, 60589.28662999999
188.755386936, -5.48857633754, 2020cdm, 0.023, 58888.511990740895
253.944707249, 26.144582987, 2024mwf, 0.04, 60487.390680000186
150.271763333, -85.7626266667, 2024zvx, 0.064, 60614.08748000022
327.8283286, 25.1743062, 2024ssj, 0.06, 60546.32918999996
271.562570035, 45.1138800114, 2024fjp, 0.03143, 60402.50131999981
25.85925, 16.972789, 2024sfk, 0.027, 60536.555209999904
80.279958, 70.317419, 2021agfa, 0.05, 59558.39500000002
168.4056546, 57.0589734, 2021agez, 0.049, 59558.60099999979
238.05056527, 4.84475001758, 2020agb, 0.07712, 58866.64799768524
75.050875, -11.347881, 2024axd, 0.047, 60336.39532000013
185.117893041, 61.1073382146, 2021bjx, 0.0697, 59244.53599999985
18.5178599361, -1.7409318982, 2020qln, 0.016, 59058.52400000021
355.489156381, -19.0378201584, 2024rlh, 0.07, 60528.02241999982
261.0471931, 52.2640734, 2024bkp, 0.067, 60341.62986999983
138.613605078, -10.262904588, 2020erg, 0.051, 58929.424000000115
199.506117179, 15.7480194277, 2024bkg, 0.0756, 60341.5499499999
24.7677413, 75.3233937, 2020uvd, 0.036, 59126.42100000009
60.014164, -36.995726, 2024pam, 0.06, 60498.41899000015
239.79949086910432, 15.153908530785959, 2024bsc, 0.042708, 60343.6501000002
9.640208, -27.199389, 2024pml, 0.0608, 60505.304500000086
17.635375, -5.705411, 2024ykr, 0.037039, 60602.46400000015
187.874583, 19.091389, 2023abdj, 0.03, 60302.597510000225
139.07775, 42.3896, 2021adtd, 0.069, 59524.60000000009
149.426574239, -12.3825576094, 2020err, 0.04, 58929.429000000004
208.049549919, 33.4662679002, 2024eno, 0.07, 60385.51808999991
219.897538, -79.705062, 2024nrj, 0.074, 60492.104989999905
84.953727, -40.977209, 2021aaga, 0.04, 59487.57700000005
81.2790377, -21.246447575, 2020tpf, 0.03, 59109.60399999982
62.7947051578, -1.86902662596, 2021bjm, 0.101, 59244.30500000017
164.793042, 42.139889, 2020aejg, 0.07711, 59208.58099999977
10.794412, -9.0564, 2024acpg, 0.05773165, 60643.080790000036
80.560875, -13.562661, 2021bjz, 0.0554, 59244.35099999979
17.828667, 31.890019, 2024mnq, 0.017442, 60484.56748999981
83.8229351852, -28.8775677778, 2020aesr, 0.06, 59205.42100000009
29.6433603349, -1.81095047093, 2024qjh, 0.046, 60519.30249000015
94.817, 52.337889, 2020sbe, 0.048, 59086.59800000023
17.076208, -17.77145, 2024aceg, 0.0775, 60638.11783999996
117.2556501, 55.4261598, 2024xmd, 0.041, 60589.609629999846
140.2601339, 49.6004083, 2024hig, 0.03, 60427.29196000006
166.114245659, -6.41571983318, 2023acs, 0.047033, 59964.560709999874
357.97199563333, -13.274034266667, 2020abub, 0.09, 59189.28700000001
135.218836312, 55.1355843095, 2024fkw, 0.04498, 60401.3531200001
9.9173631179, 26.1970467063, 2024ssi, 0.05, 60546.44586999994
187.779425849, -4.29811022627, 2024axg, 0.0335, 60336.48889000015
181.361107, 20.299052, 2018aqh, 0.024, 58213.448993055616
166.64967443333, -15.854808966667, 2020jwp, 0.072, 58983.299999999814
96.734205, -63.10561, 2024fsf, 0.0746, 60405.030660000164
356.3428977, 13.0608873, 2018grb, 0.065, 58379.481990740635
25.64826, 0.2264, 2024ysu, 0.08, 60604.42199999979
196.840083, -27.37535, 2024bks, 0.019807, 60342.31771000009
72.4477083333, 76.1866616667, 2021adte, 0.07, 59524.49800000014
47.051042, -11.731611, 2020aaqh, 0.08, 59172.44700000016
249.981542, 48.765989, 2024eny, 0.041, 60383.56685000006
160.583458, 6.19855, 2024abvq, 0.028, 60636.627689999994
136.997125, 52.094481, 2021afom, 0.063, 59544.5290000001
243.779833, 67.720081, 2024pmm, 0.018, 60505.361250000075
49.4141749969, 28.0263427469, 2024ygg, 0.04, 60598.50855999999
69.7993796664, 6.37348442452, 2021adlt, 0.021, 59522.48199999984
27.5902795523, 43.8502288359, 2024abmv, 0.05, 60633.43838999979
131.424529788, 22.8042541018, 2021aash, 0.077, 59493.5959999999
19.0088450587, -10.8644572025, 2020yzs, 0.0672, 59160.39000000013
353.213588, -18.719696, 2021acep, 0.0893, 59512.35300000012
120.136625, 51.7943, 2024uks, 0.06, 60555.60913000023
10.4664406886, -9.61654377127, 2024puf, 0.054056, 60510.26892000018
209.56204555, 23.61144055, 2020lwl, 0.068, 59007.325000000186
213.0225, -7.838561, 2024sku, 0.035, 60540.25957999984
208.701272162, -15.6373718305, 2021bja, 0.034, 59243.5419999999
184.1448112, 33.5265313, 2021biz, 0.021515, 59243.54300000006
35.7854335294, 12.8660919276, 2021agec, 0.03816, 59557.31300000008
210.616083, 60.994511, 2024moy, 0.036908, 60485.32192000002
88.055212, -59.791775, 2024adzy, 0.06, 60657.930809999816
203.8480603, 28.959410825, 2020abcu, 0.05, 59181.625
163.552042, -6.209161, 2024mzx, 0.0675, 60488.71916999994
163.113273077, -32.3215484615, 2020aeqv, 0.06, 59211.58600000013
156.838125, 0.422169, 2020jol, 0.022, 58980.28599999985
350.620940831, -37.0254877178, 2024acdn, 0.06, 60638.08345999988
252.841324, 7.8616083, 2020tdy, 0.03795, 59106.27499999991
138.768490344, -0.719699259106, 2020dcv, 0.053976, 58900.41099537024
82.1879425, -33.914685, 2020zhb, 0.08, 59163.63100000005
44.26419, -34.511192, 2020thz, 0.1, 59107.51399999997
352.2375, 19.053181, 2024mzy, 0.07, 60488.56296999985
9.726792, 32.378419, 2024moo, 0.073, 60484.567030000035
171.433292, 14.673911, 2024jhm, 0.04, 60456.29249999998
164.04952568, 57.8354552745, 2021aghr, 0.07, 59562.5959999999
175.06475, 35.569539, 2020hcl, 0.075, 58951.39999999991
191.114292, -6.531311, 2021bjw, 0.051646, 59244.4870000002
214.862208, 2.371181, 2021agjm, 0.047, 59565.63599999994
224.307920803, 49.6743426198, 2020dul, 0.07, 58910.54600000009
97.432092, 17.445919, 2024zca, 0.047, 60607.55924999993
234.542292, 4.780669, 2020kpx, 0.02291, 58990.39500000002
167.530117894, 25.3389492326, 2024aepl, 0.054, 60666.56624000007
9.0360662, 25.7509407, 2020lxu, 0.03317, 59007.586999999825
167.235292, -26.688311, 2020adnb, 0.03394, 59205.6120000002
183.002682222, -0.770082222222, 2024pab, 0.0724, 60496.275470000226
128.675153627, 23.9701859535, 2021adah, 0.092, 59519.58799999999
345.989708, 30.724031, 2020acsn, 0.06, 59197.26699999999
12.594708, -20.215569, 2020prg, 0.08, 59047.56498842593
105.674808242, 49.5223125445, 2021adlo, 0.05, 59522.54600000009
133.523680163, 15.0967973116, 2021aasi, 0.040899, 59493.60999999987
245.207458, -14.693681, 2024bqq, 0.022536, 60344.63981000008
21.9982043, -27.2093658, 2024usv, 0.03, 60554.24293999979
37.0222995528, -17.4208381294, 2024pno, 0.06, 60505.332220000215
240.243542, 70.604181, 2020rqk, None, 59080.24599999981
198.776295, -37.1394175, 2020adnw, 0.036, 59207.60999999987
349.326251111, 7.67177555556, 2024aepn, 0.04, 60666.28837999981
177.1557047, 51.01578359999999, 2024klg, 0.059, 60467.27266999986
210.917992857, -34.1839028571, 2021bjb, 0.012, 59243.601999999955
40.6334713728, -0.963140241395, 2020svo, 0.038748, 59100.53899999987
116.151771, -48.071372, 2022acyj, 0.06, 59928.22292000009
210.303625, -22.3221, 2024yt, 0.04, 60322.34409999987
261.3059592, 72.8800024, 2024sdn, 0.05, 60535.45880000014
163.949667, 14.867789, 2020xky, 0.06026, 59141.61899999995
181.646167, 54.133919, 2024ans, 0.051, 60327.57194000017
203.029833, -22.954861, 2020abyx, 0.0169, 59191.632999999914
233.163489776, -28.0382248149, 2024act, 0.0212, 60324.08784999978
49.5477057143, -45.5130142857, 2024zvu, 0.07, 60613.83557000011
160.671542, 44.103219, 2024xot, 0.06, 60591.61683000019
212.28499145, 65.8019359, 2020hvy, 0.0678, 58960.48499999987
351.63175, 0.836335, 2024aov, 0.028, 60330.20717999991
123.004633333, -15.0993433333, 2021agev, 0.072, 59559.424000000115
47.7776613341, 10.8438127522, 2024ddb, 0.025, 60360.232050000224
343.1624905, 10.6182058, 2018hxv, 0.077, 58389.43599537015
39.849871, 2.652189, 2024xyn, 0.021522, 60596.44175999984
119.182206667, -24.57421, 2021bix, 0.04, 59243.413000000175
348.642747384, 6.55647327305, 2024vuu, 0.0212, 60574.44027000014
93.829667, -29.319261, 2020uyg, 0.045, 59127.55500000017
201.814170585, -26.7761117205, 2021aut, 0.047, 59231.60399999982
101.565041782, 51.6880790253, 2024eor, 0.039, 60387.27307000011
43.992917, 38.110819, 2020nus, 0.055, 59030.595000000205
240.420417, 21.354869, 2020ulf, 0.032169, 59121.22800000012
1.6585, -34.904211, 2021aaqb, 0.04, 59493.39300000016
216.436458851, 20.0949956975, 2024brz, 0.079, 60345.583680000156
21.80629, -12.1866065, 2024aeje, 0.06, 60664.32064000005
2.50225, -16.835211, 2024abmg, 0.075, 60633.10417000018
65.4829478304, -27.0215533829, 2020bmk, 0.07, 58879.217997685075
83.2468698658, -19.1173853915, 2020acrz, 0.07, 59197.408999999985
191.012829474, 50.4048772841, 2021acj, 0.094728, 59226.59700000007
137.913346641, 38.6731107256, 2025eh, 0.07, 60681.45807999978
209.8091825, 25.96360375, 2024rxr, 0.064, 60532.251099999994
14.378449075, 35.73957575, 2020wlw, 0.12, 59136.4160000002
226.641042, 5.223219, 2024bjk, 0.031, 60340.59623842593
225.691288175, 58.5348085875, 2020krw, 0.078, 58990.4160000002
186.35075, 18.20355, 2020nlb, None, 59025.251000000164
205.682266411, 0.766507690693, 2020afy, 0.0733, 58866.56498842593
209.445194197, 21.0046222259, 2023zmd, 0.076, 60287.60722000012
211.964375, -10.061681, 2024yq, 0.04, 60322.61336999992
194.594076974, 27.9661508388, 2024ana, 0.02005, 60327.49925999995
187.340625, 31.2545, 2020aeqp, 0.06, 59209.60999999987
48.8265, 42.69555, 2019pxo, 0.017519, 58736.545995370485
6.1800729333333, -23.3527958, 2020abtz, 0.13, 59189.27000000002
73.870242, -1.098292, 2024xmy, 0.06, 60590.59022000013
255.858042, 35.999669, 2020tel, 0.08, 59104.26099999994
106.3383367, 18.2254995, 2020zhd, 0.08, 59163.55700000003
232.489868069, 7.4445639422, 2024ffz, 0.0447, 60400.497729999945
32.635914, -11.813246, 2020xsl, 0.094, 59142.41800000006
55.4296442857, -74.7579757143, 2024zvq, 0.05, 60613.927720000036
116.440357276, 52.8779528076, 2024xoq, 0.065, 60591.570590000134
227.6687017, 8.5743028, 2018dyz, 0.045, 58315.356990740635
4.67811827406, -26.2386929047, 2020vst, 0.12, 59133.39199999999
53.5646415, -41.4740455, 2021aekz, 0.062, 59529.419999999925
114.317446364, -38.44951, 2024fib, 0.02, 60401.105940000154
182.239054444, 13.0361766667, 2024mys, 0.066, 60488.32616000017
36.8797321799, -1.11158338975, 2020afo, 0.086, 58866.33799768519
77.524042, -37.584161, 2020abcr, 0.05, 59181.48600000003
17.194833, -13.5645, 2020aiw, 0.0585, 58868.21499999985
28.266333, -36.065669, 2020abnu, 0.042, 59187.31799999997
34.2734755655, 33.7471726484, 2020ogs, 0.04106, 59039.50999999978
24.9844004, 8.7867959, 2020swx, 0.09, 59101.48300000001
229.843333, 20.543531, 2020lwk, 0.03918, 59007.36500000022
329.1664101, 41.9070583, 2020krv, 0.06, 58990.57400000002
125.450368098, -14.0699991085, 2019spg, 0.073, 58772.55699074082
14.4381402, -5.8036262, 2024wsp, 0.06, 60580.41418999992
4.772375, -16.683169, 2021acsz, 0.1, 59517.404999999795
215.242132159, -22.7574211334, 2020ery, 0.027, 58929.56300000008
211.92491, -20.7406366667, 2021auq, 0.076, 59231.60099999979
138.3606893, 16.434602766667, 2020dhc, None, 58903.25629629614
50.3620393492, 3.60652430232, 2020yzv, 0.073, 59160.45699999994
36.2452901834, -5.26174503415, 2020rkt, 0.103, 59076.591000000015
359.177104165, -20.9032253946, 2021aaqe, 0.09, 59493.393999999855
214.777208, 42.457811, 2021aci, 0.09, 59226.64000000013
215.279100833, 29.1233675, 2024paf, 0.054154, 60498.311819999944
345.249458, 40.9106, 2020yvu, 0.01, 59157.367999999784
41.820625, -69.20395, 2024yid, 0.0604, 60600.344849999994
196.043619928, -4.53443620916, 2020buy, 0.09, 58882.53799768537
213.350784, 6.384963, 2020adnq, 0.036, 59206.64000000013
40.900157307, -11.0226402828, 2024ptp, 0.02, 60510.31063999981
345.189125, 11.2089, 2020kqo, 0.03, 58989.58600000013
178.803958, -30.242708, 2024ecv, 0.03, 60378.982340000104
215.306725926, 20.7149971176, 2021bkw, 0.0182, 59245.55299999984
192.511716717, -14.7666545357, 2019gbx, 0.013, 58632.33499999996
212.334041892, -12.4685725545, 2020akj, 0.07, 58868.52299768524
45.523002, -10.3433175, 2024auh, 0.0335, 60335.07814999996
287.335375, 50.27025, 2020dvs, 0.055, 58910.60699999984
141.6558, -21.4029266667, 2021abxh, 0.05504, 59508.6120000002
198.978583, 8.0276, 2020abcp, 0.0239669997, 59181.61599999992
93.1303256, 6.6977794, 2021agef, 0.013, 59557.41900000023
178.307625, -7.70895, 2020aqd, 0.07, 58870.511990740895
211.863702385, 13.0677081648, 2020aeqs, 0.08, 59207.63899999997
17.9849648913, 50.265356605, 2024xos, 0.08, 60591.45638999995
50.95985, -51.238606, 2024afxa, 0.08, 60673.858700000215
0.2001714, 2.5296453, 2024zwa, 0.074, 60614.355529999826
119.88436, -16.3289533333, 2020xsx, 0.1, 59142.56799999997
39.7415615585, 36.5667636124, 2024xli, 0.0374, 60589.4649100001
334.253350124, 30.6558521669, 2020tfc, 0.03, 59104.433000000194
144.40425, -19.021789, 2024zvr, 0.06, 60614.32293999987
277.9046219125, 30.91029305, 2021abza, 0.04106478941915, 59509.216000000015
179.7804001, 58.3437919, 2024hrs, 0.053696, 60431.378610000014
191.401498428, 1.18360934272, 2019yfu, 0.0845, 58844.52499999991
148.646375, -19.8873, 2020dvr, 0.013, 58911.43000000017
95.4789225, -29.54897, 2020abli, 0.078, 59185.44799999986
37.51525, 32.09815, 2024beq, 0.064, 60339.24693999998
71.37008060065601, -16.374924747817182, 2024nrb, 0.0339, 60493.4133700002
288.899596288, 53.3393045972, 2020kru, 0.02723, 58990.496999999974
41.322333, 35.305531, 2024ugc, 0.026, 60552.537620000076
53.1435007, 19.5722509, 2024ptq, 0.03, 60509.6018699999
237.286, 68.043939, 2020rql, 0.023, 59080.24500000011
94.893117781, 55.1966708981, 2024enp, 0.0443, 60385.331079999916
349.774024527, -4.65755611373, 2020rei, 0.062, 59072.52400000021
119.733818, 71.041206, 2024ilb, 0.07, 60439.24549000012
222.593417, -2.458081, 2024pcx, 0.07, 60500.30139000015
31.7580915929, -13.1584725032, 2024pag, 0.07, 60497.16139000002
57.5789457143, -47.7827657143, 2024abla, 0.06, 60632.22122000018
0.617208, 12.739531, 2024pol, 0.079, 60506.5754300002
45.263917, -37.037131, 2020acpg, 0.07, 59195.3330000001
44.8697286555, 5.02216205323, 2020yzw, 0.063, 59160.455000000075
145.4285, -28.202489, 2021acnt, 0.008, 59513.62000000011
153.0405794, 15.6500526, 2024abga, 0.071, 60626.60939999996
161.718957906, 11.8364059923, 2024gda, 0.0543, 60409.32979999995
36.1347028571, -49.6541271429, 2024uad, 0.07, 60552.54448000016
116.978968571, -48.1512014286, 2024aeyv, 0.052, 60669.9382600002
155.821501927, -8.38877105426, 2020aaym, 0.06, 59178.621999999974
198.533345625, -58.54470375, 2024eeg, 0.02, 60378.027139999904
196.162002938, 28.5844740355, 2021agng, 0.08, 59571.617999999784
12.3646448166, 23.412605713, 2020zbc, 0.056, 59161.38599999994
1.77588706, 31.05376919, 2020zcg, 0.048, 59161.40199999977
115.752875, 31.386389, 2021abht, 0.035128, 59498.61899999995
49.348, -15.176589, 2024vke, 0.03, 60566.28391000023
47.704837, -0.356931, 2024xhf, 0.04, 60586.46969000017
74.55675, -20.357531, 2020sgg, 0.022742, 59091.59800000023
177.791856986, 0.246909709145, 2024fcd, 0.04, 60398.40999000007
154.649208, 11.893889, 2020xlk, 0.060119, 59141.61400000006
156.40365694, -2.21091298759, 2024apt, 0.018503, 60331.24134000018
67.592083, 38.825289, 2021aaao, 0.018913, 59486.55299999984
76.1802591555, -31.9328276918, 2024uae, 0.08, 60553.09748
105.44645875, 24.23838125, 2021adsn, 0.024, 59523.549000000115
324.073167, 25.987539, 2020ndz, 0.08, 59021.492999999784
65.1307428571, 35.2546485714, 2024aevx, 0.042, 60668.37808000017
81.0188528457, -23.0242033315, 2020ufe, 0.075, 59117.56300000008
268.185280645, 56.9330019771, 2021acaz, 0.06, 59510.19900000002
65.1634919, -26.6364332, 2021aey, 0.11, 59227.34998842608
91.183792, -40.425339, 2021acnu, 0.04, 59515.544999999925
181.93657, -32.0134375, 2020bjk, 0.022, 58877.517997685354
343.71325, 29.271531, 2021acnw, None, 59515.35300000012
13.4788046341, -31.0935546341, 2020uek, 0.031942, 59115.444000000134
189.791240747, 13.472693619, 2024gdb, 0.078, 60409.36287999991
37.892947033333, -14.151611533333, 2020yef, 0.053, 59146.45999999996
135.949083, 29.159261, 2020euz, None, 58931.42299999995
356.992125, -7.4199, 2021acxz, 0.089, 59514.35800000001
255.61876556667, 14.574599011111, 2024nuu, 0.041, 60494.385799999814
18.968542, -32.481239, 2024jck, 0.02, 60449.40799000021
278.540468297, 25.7858623848, 2020vav, 0.05, 59129.288000000175
210.51198125, -31.88369375, 2024hud, 0.05, 60431.9696800001
190.151419382, 26.5059336205, 2024fxl, 0.02201, 60407.35045999987
112.8114325, -54.55101875, 2024zjo, 0.032, 60608.31037000008
96.396738, -22.941325, 2024qxa, 0.024, 60524.150839999784
144.8077401, 20.5042119, 2024jxa, 0.044857, 60460.25137000019
345.469295424, -14.3610206759, 2024qls, 0.08, 60518.26856000023
170.254583, 21.339039, 2024adix, 0.021035, 60648.58411000017
148.614629, -6.952958, 2024aaur, 0.020171, 60623.33827999979
208.39549, -35.6129, 2024qat, 0.04, 60515.78573000012
188.966067389, 37.7034433937, 2020aeuh, 0.126, 59208.612999999896
355.866208, 29.025919, 2024ahq, 0.030683, 60325.23953999998
215.158911429, -35.9003557143, 2020mue, 0.09, 59016.29000000004
211.5267, -31.55765, 2024hue, 0.068, 60431.9696800001
48.648542, -61.913431, 2023xsp, 0.06, 60261.92249999987
353.525257116, -20.7854847568, 2024saw, 0.058, 60533.24500000011
71.4605, 61.992719, 2021agbf, 0.026, 59550.450999999885
151.250875, -4.800589, 2019wcd, 0.06, 58820.62899305578
25.848292, 13.5087, 2020amy, 0.044794, 58871.23499999987
207.12415125, -30.670755, 2020drh, 0.05, 58907.560000000056
100.037184316, -22.3128444662, 2024actb, 0.06, 60642.250810000114
240.276167, 19.450169, 2020fhs, 0.01438, 58937.5290000001
82.409375, -23.99265, 2021aabw, 0.032, 59487.54000000004
227.319519815, 9.81284191501, 2020ryb, 0.082, 59078.24099999992
79.861153573333, 51.23941894, 2024ucy, 0.035, 60553.58882999979
183.251944737, 53.422411845, 2024egm, 0.06, 60383.486639999785
129.642164125, 33.831128825, 2020gct, 0.09, 58948.325000000186
160.259125, -27.08345, 2020lse, 0.016, 59005.26399999997
28.637665883333, -2.91849305, 2020yep, 0.13, 59146.45599999977
198.356097389, 27.7939888507, 2024rkc, 0.021, 60527.282250000164
188.156167, 17.326989, 2024kgu, 0.075, 60465.317410000134
126.2652038, 33.9140104, 2018moq, None, 58435.51556709502
165.6265925, 41.6379714, 2021afir, 0.038, 59542.58999999985
210.381374087, -23.9571240757, 2024ejy, 0.0408, 60384.000010000076
80.142542, 6.555939, 2020adkj, 0.029544, 59204.320999999996
206.593742222, 59.6796755556, 2024rkg, 0.041, 60527.25615999987
18.463525, -31.791669, 2024agld, 0.02, 60675.8147499999
227.12738489, -7.83183799526, 2020etl, 0.09, 58930.560000000056
6.9094768, 45.5245868, 2024pqk, 0.04, 60507.537330000196
51.538042, -26.197831, 2020adib, 0.1, 59195.35999999987
218.266334645, 43.154422205, 2024gsn, 0.071438, 60417.43997999979
128.020369522, 21.6280705803, 2024bcg, 0.0538, 60337.457700000145
31.740042, -46.050369, 2024aeyp, 0.065, 60669.826570000034
87.774417, 61.312, 2020yhd, 0.06, 59150.56600000011
224.38195373, 26.7829954519, 2020hfd, 0.1083, 58953.4870000002
203.069002284, 29.8462967394, 2020mvm, 0.07, 59017.31600000011
343.298538328, 11.1135379329, 2020vas, 0.07, 59129.41099999985
63.4582300744, -14.1742533356, 2020abqu, 0.044, 59187.376000000164
88.684458, -35.320411, 2024hl, 0.041, 60314.18476000009
84.030083, -29.640081, 2024aayt, 0.04, 60626.21144000022
142.1842899, 39.4285287, 2024xhw, 0.0755, 60587.60588000016
338.636125, 39.484911, 2024xkz, 0.079, 60589.38138000015
72.511646466667, 82.6485057, 2020ddw, 0.018129, 58902.23699074052
51.0271694737, -38.7331710526, 2024hm, 0.067, 60312.10366000002
75.0958129542, 6.83530875503, 2020skb, 0.066, 59082.6120000002
166.934896804, 31.2086384738, 2024fxh, 0.05, 60407.30169000011
251.215881051, 52.767063688, 2023acha, 0.034, 60309.63751999987
159.85649, -29.6590325, 2024cdu, 0.059, 60351.05538999988
5.40415316183, -4.21814874691, 2024xqc, 0.04, 60592.40491000004
32.30325, 18.931969, 2020qdo, 0.011, 59053.56600000011
204.676171625, 24.009382325, 2020mvl, 0.06, 59017.316999999806
356.381758, 45.678942, 2021agod, 0.05, 59574.24099999992
240.00764586, 37.82481586, 2020qkw, 0.075, 59058.316999999806
252.1802868, -4.8191877, 2024fuo, 0.054, 60403.12509999983
350.889745811, 8.3104870278, 2024aalt, 0.051, 60618.31768999994
167.946583, 29.3851, 2020eyj, 0.03, 58931.45200000005
31.55114, -41.8311025, 2020adhg, 0.074, 59203.30200000014
133.367167, 30.27755, 2021adsh, 0.078, 59523.5959999999
257.1208219, 9.7415529, 2024geu, 0.04, 60409.541240000166
198.145743333, -29.9653683333, 2024pft, 0.074, 60501.04828000022
215.092756231, -9.8907214948, 2021ajg, 0.073, 59228.60699999984
347.0364005, 15.3483597, 2024aebn, 0.04, 60659.256120000035
31.858458, -2.089131, 2024luq, 0.03, 60480.59096999979
122.990583, 80.405639, 2019xhk, 0.065, 58838.4419907406
320.28232595556, 35.525299166667, 2024abqi, 0.08, 60635.24513999978
240.476907033, -9.65908551785, 2020eto, 0.077, 58930.558000000194
164.506792, 40.1205, 2024ejm, 0.058, 60383.43715000013
104.914917, 87.325561, 2020rye, 0.04, 59084.32899999991
142.973665807, 35.5517484652, 2021blp, 0.026872, 59245.5
19.8720573, 43.4875986, 2021agof, 0.047, 59574.27199999988
12.27745, -31.082314, 2024sol, 0.05, 60545.26501000021
238.136708, 22.479961, 2020fht, 0.06845, 58937.5410000002
146.620134, -41.494328, 2021agce, 0.018, 59551.56998842582
37.1003165868, 23.5582496613, 2024xed, 0.0339, 60585.54877999984
67.9496701455, 1.67513638641, 2024qar, 0.04, 60515.42443000013
321.101143333, -80.9844566667
147.940651151, 48.007389446, 2024fbr, 0.076, 60397.4159599999
353.644131667, 40.588005, 2024xky, 0.033, 60589.387380000204
230.875292, 20.441481, 2024dz, 0.04216, 60311.63542999979
221.164292, -15.18065, 2024dza, 0.04, 60376.05343999993
6.52353870148, 16.1563515473, 2024qnk, 0.078, 60520.54548999993
44.0070125, -35.2659725, 2020zbg, 0.104, 59161.450000000186
216.82772869999997, 16.555543, 2024afph, 0.047, 60673.64258999983
275.9188229, 16.6259973, 2020ska, 0.06, 59092.30299999984
27.6801038636, -21.7725666592, 2020qdl, 0.02, 59053.56498842593
98.230833, -36.034439, 2021aglk, 0.037, 59569.50900000008
178.937886559, 46.4786365015, 2020exz, 0.0711, 58932.45999999996
273.989, 30.322, 2024bce, 0.02, 60337.62850000011
247.000917, 19.522069, 2020ewb, 0.086, 58931.62000000011
105.7296075, 1.668615, 2021aami, 0.052, 59490.57400000002
217.232397819, 51.0238787504, 2024gev, 0.029481, 60409.45783999981
121.425333, -9.814519, 2020ysl, 0.03, 59154.5839999998
237.459941882, 27.0778059791, 2020pyf, 0.073, 59051.36400000006
139.58525, -29.899189, 2021akw, 0.034, 59229.47300000023
151.4573787, 20.1345498, 2024aemw, 0.079, 60665.54319000011
332.955, 38.700417, 2018gro, 0.0217, 58381.2621296295
250.9022405, 33.5336009, 2018lph, 0.08, 58302.0
70.7291603461, 0.618423377238, 2023bhm, 0.015419, 59977.1379999998
320.914146, 39.5809336, 2023fwb, 0.027, 60050.60427000001
170.428068906, 34.3583306389, 2022yv, 0.035426, 59588.66900000023
96.7204007494, -24.6147240029, 2023yrs, 0.023312, 60281.57477999991
155.5541569, 17.861225066667, 2021afur, 0.028, 59550.46492999978
29.626375, 12.924417, 2016ije, 0.04, 57714.70999999996
246.055792, 25.272056, 2018baz, 0.1, 58198.41000000015
346.419824241, 27.6659784696, 2019noh, 0.0249, 58710.37907407386
241.8472904, 13.892707425, 2020nta, 0.033953, 59029.2143981019
179.8638778, -20.4447903, 2020ecn, 0.021, 58913.42460650485
163.7085104, -7.3810039, 2019cp, 0.05, 58487.435451388825
181.1954612, 9.4382556, 2022kbc, 0.0687, 59717.2103818981
131.588290634, -12.655995166, 2020acbx, 0.051, 59188.44001000002
148.46274475, -7.7926821, 2022zvu, 0.019323, 59893.44105319446
145.308862723, 26.0885751167, 2020acoo, 0.044125, 59194.53200000012
211.378194725, 15.7209783134, 2022dsu, 0.07, 59637.37084489595
45.880016653, 27.6822076007, 2021zqs, 0.036465, 59484.38899999997
60.6632299602, 25.2334820873, 2023vjh, 0.019, 60234.34241900453
341.86299681, -25.6648164322, 2022omn, 0.05, 59767.042870000005
139.175126, 18.96503, 2019ecx, 0.029, 58599.31399305537
9.4730032924, -21.4719299391, 2020aclx, 0.06, 59193.211999999825
64.1734065552, -12.1835768414, 2022xhh, 0.0315, 59861.3630400002
356.063375707, -23.5291395059, 2023sps, 0.049, 60202.404097198974
244.125417, 21.251469, 2022rjs, 0.037, 59808.24141200213
95.395083, -27.214881, 2017fzw, 0.0054, 57974.892997685354
35.4243699, -25.9271597, 2019op, 0.04, 58493.28899305547
32.7621106, 36.4817252, 2021twa, 0.012128969342354, 59415.41372000007
141.354254, 65.4675014, 2019bwi, 0.02968, 58556.195405092556
194.723375, 28.127039, 2023ex, 0.023376, 59953.615029999986
257.3738161, -22.447686, 2021qqr, 0.0309549998, 59384.317189999856
55.288083, -2.848569, 2022abom, 0.036, 59907.41519000009
317.815583, 37.88565, 2022vxf, 0.028, 59846.01099999994
318.7535496, 21.9100962, 2021xfm, 0.04, 59453.41800000006
259.03097735, 40.786546125, 2020mfd, 0.048, 59011.28065000009
129.544100573, 25.1015512155, 2023cvq, 0.0286, 60013.21993060177
212.204735036, 35.614274091, 2019cdc, 0.02777, 58567.50599537045
24.1023334999, 22.0498020816, 2020abpe, 0.05, 59188.196229999885
246.3021316, 40.84029, 2018eyi, 0.03038, 58338.32199074095
214.261597196, 10.8219558046, 2023omo, 0.025, 60160.26733000018
175.28325, 24.81955, 2018ast, 0.012, 58216.523993055336
184.881, 49.81785, 2016iuh, 0.013696, 57731.252997685224
6.61546037531, 38.1232517734, 2019moq, 0.0596, 58688.40399305569
268.306972718, 42.7885238626, 2022rey, 0.04, 59802.40891000023
46.527138491, 13.9134910628, 2020yo, 0.09, 58863.27000000002
270.74467376, 52.11507502, 2020vae, 0.04846, 59125.12032407429
228.615204, 50.3170291, 2022bsi, 0.0369, 59619.508182870224
342.642083, -1.542306, 2016brx, 0.010167, 57497.721423611045
76.348792, -11.88225, 2022xkq, 0.007735, 59865.37346999999
227.356314615, 25.4715442308, 2018ame, 0.022, 58177.64500000002
334.194125, 86.932489, 2022oux, 0.019, 59772.424027801026
296.989933846, 3.94511076923, 2019exc, 0.06, 58612.578993055504
215.195576179, -19.786135591, 2021jvp, 0.044, 59317.50999999978
29.135708, 3.860339, 2021uve, 0.055, 59427.44700000016
