atlas-norm,2024aalt,350.889745811,8.3104870278,0.051,nan,60618.31768999994
++++++++++++++++++++++++++++++++++++++++++++++++++++++++++++++++
++++++++++++++++++++++++++++++++++++++++++++++++++++++++++++++++
++++++++++++++++++++++++++++++++++++++++++++++++++++++++++++++++
zp,nan,nan,nan,nan,nan,nan,nan,nan,nan,nan,nan,nan,nan,nan,nan,nan,nan,nan,nan,nan,nan,nan,nan,nan,nan,nan,nan,nan,nan,nan,nan,nan,nan,nan,nan,nan,nan,nan,nan,nan,nan,nan,nan,nan,nan,nan,nan,nan,nan,nan,nan,nan,nan,nan,nan,nan,nan,nan,nan,nan,nan,nan,nan,nan
filter,o,o,o,o,o,o,o,o,o,o,o,o,o,o,o,o,o,o,o,o,o,o,o,o,o,o,o,o,o,o,o,o,o,o,o,o,o,o,o,o,o,o,o,o,o,o,o,o,o,o,o,o,o,o,o,o,o,o,o,o,o,o,o,o
mjd,60656.281947,60656.285134,60656.29106,60656.312184,60658.275388,60658.278662,60658.292106,60658.293542,60658.296791,60658.307357,60658.319797,60658.334953,60659.030393,60659.033548,60659.038973,60659.048955,60659.308943,60659.311737,60659.319603,60659.340981,60660.256123,60660.259861,60660.26638,60660.276482,60660.276951,60660.289237,60660.306604,60660.30942,60661.281559,60661.302698,60661.305873,60661.321929,60664.264618,60664.267841,60664.273318,60664.289232,60666.289306,60666.293042,60666.298587,60666.313928,60668.217731,60668.221364,60668.227308,60668.240994,60672.218676,60672.221967,60672.227098,60672.236896,60674.200741,60674.203964,60674.225541,60674.239917,60676.203217,60676.206384,60676.22827,60680.203686,60680.206472,60680.212488,60680.222302,60682.271746,60684.209225,60684.216495,60684.219697,60684.229778
flux,113.0,86.0,51.0,147.0,106.0,43.0,77.0,67.0,96.0,103.0,46.0,77.0,54.0,62.0,57.0,4.0,57.0,-45.0,117.0,50.0,54.0,70.0,84.0,47.0,42.0,16.0,44.0,84.0,12.0,64.0,28.0,89.0,48.0,42.0,70.0,22.0,43.0,46.0,43.0,82.0,42.0,4.0,29.0,34.0,57.0,41.0,65.0,21.0,-8.0,32.0,35.0,38.0,37.0,21.0,58.0,37.0,53.0,63.0,32.0,7.0,43.0,58.0,6.0,79.0
dflux,44.0,40.0,34.0,46.0,19.0,22.0,20.0,21.0,25.0,23.0,27.0,29.0,47.0,41.0,37.0,32.0,124.0,90.0,24.0,96.0,21.0,26.0,23.0,24.0,20.0,22.0,24.0,26.0,19.0,19.0,20.0,24.0,13.0,14.0,14.0,17.0,10.0,14.0,13.0,14.0,14.0,13.0,15.0,13.0,13.0,14.0,13.0,12.0,33.0,19.0,12.0,14.0,23.0,16.0,15.0,31.0,25.0,16.0,18.0,20.0,29.0,21.0,22.0,22.0
mag,18.764,19.063,19.623,18.483,18.841,19.82,19.188,19.333,18.942,18.872,19.731,19.181,19.577,19.42,19.505,22.283,19.513,-19.763,18.73,19.644,19.579,19.285,19.091,19.722,19.855,20.906,19.792,19.087,21.16,19.375,20.284,19.024,19.705,19.829,19.292,20.562,19.81,19.753,19.826,19.113,19.839,22.287,20.237,20.079,19.516,19.875,19.37,20.603,-21.6,20.13,20.053,19.949,19.99,20.581,19.489,19.98,19.59,19.404,20.12,21.767,19.812,19.491,21.978,19.156
dmag,0.385,0.47,0.672,0.31,0.181,0.508,0.255,0.31,0.257,0.224,0.582,0.378,0.88,0.655,0.648,7.267,2.176,1.985,0.201,1.9,0.398,0.364,0.271,0.52,0.492,1.375,0.551,0.312,1.517,0.298,0.724,0.269,0.273,0.32,0.202,0.77,0.234,0.31,0.298,0.172,0.334,2.944,0.519,0.384,0.236,0.337,0.203,0.584,3.939,0.586,0.341,0.363,0.62,0.765,0.263,0.832,0.473,0.258,0.546,2.804,0.681,0.36,3.731,0.279
