atlas-norm,2024eeg,198.533345625,-58.54470375,0.02,nan,60378.027139999904
++++++++++++++++++++++++++++++++++++++++++++++++++++++++++++++++
++++++++++++++++++++++++++++++++++++++++++++++++++++++++++++++++
++++++++++++++++++++++++++++++++++++++++++++++++++++++++++++++++
zp,nan,nan,nan,nan,nan,nan,nan,nan,nan,nan,nan,nan,nan,nan,nan,nan
filter,c,c,c,c,c,c,c,c,o,o,o,o,o,o,o,o
mjd,60674.072061,60674.090008,60674.095042,60674.097431,60678.057914,60678.08208,60678.086308,60678.093021,60680.326014,60680.329259,60680.349873,60680.362566,60684.3181,60684.321355,60684.344806,60684.350681
flux,-47.0,-26.0,17.0,-13.0,-17.0,-34.0,-24.0,-46.0,-160.0,13.0,24.0,-548.0,48.0,-70.0,13.0,-75.0
dflux,17.0,20.0,21.0,23.0,22.0,21.0,20.0,22.0,36.0,37.0,29.0,125.0,24.0,26.0,24.0,25.0
mag,-19.727,-20.37,20.831,-21.132,-20.801,-20.055,-20.441,-19.752,-18.387,21.151,20.434,-17.054,19.708,-19.284,21.098,-19.207
dmag,0.355,0.792,1.264,1.805,1.281,0.621,0.842,0.471,0.224,2.915,1.181,0.229,0.497,0.37,1.835,0.331
