atlas-norm,2024ind,343.926903773,-3.19937193631,0.05,nan,60439.39484999981
++++++++++++++++++++++++++++++++++++++++++++++++++++++++++++++++
++++++++++++++++++++++++++++++++++++++++++++++++++++++++++++++++
++++++++++++++++++++++++++++++++++++++++++++++++++++++++++++++++
zp,nan,nan,nan,nan,nan,nan,nan,nan,nan,nan,nan,nan,nan,nan,nan,nan,nan,nan,nan,nan,nan,nan,nan,nan,nan,nan,nan,nan,nan,nan,nan
filter,o,o,o,o,o,o,o,o,o,o,o,o,o,o,o,o,o,o,o,o,o,o,o,o,o,o,o,o,o,o,o
mjd,60659.036251,60659.041695,60659.044871,60659.066201,60660.270047,60660.273726,60660.279211,60660.292413,60664.245132,60664.248818,60664.254446,60664.265555,60666.226186,60666.229413,60666.23631,60666.255162,60668.204545,60668.208176,60668.21452,60668.225948,60672.239212,60672.242429,60672.248454,60672.258572,60684.208773,60684.216042,60684.219244,60684.229326,60688.220281,60688.223508,60688.230773
flux,63.0,74.0,-22.0,-12.0,43.0,12.0,-48.0,10.0,-12.0,21.0,20.0,-4.0,-8.0,-5.0,6.0,13.0,12.0,-4.0,-12.0,-17.0,-14.0,4.0,-1.0,-7.0,4.0,15.0,-30.0,-28.0,37.0,34.0,15.0
dflux,35.0,32.0,36.0,41.0,30.0,26.0,23.0,31.0,15.0,14.0,13.0,12.0,12.0,10.0,12.0,12.0,15.0,16.0,13.0,13.0,17.0,20.0,20.0,18.0,35.0,22.0,24.0,20.0,36.0,47.0,52.0
mag,19.397,19.223,-20.562,-21.186,19.811,21.22,-19.691,21.449,-21.163,20.605,20.673,-22.43,-21.658,-22.193,21.912,21.131,21.236,-22.358,-21.24,-20.836,-21.065,22.4,-24.275,-21.813,22.42,20.971,-20.203,-20.268,19.972,20.071,20.961
dmag,0.556,0.436,1.667,3.348,0.682,2.237,0.474,3.288,1.221,0.647,0.65,3.235,1.463,2.098,1.962,0.898,1.326,3.75,1.085,0.77,1.244,4.926,28.2,2.556,9.065,1.467,0.801,0.704,0.97,1.391,3.456
