atlas-norm,2024luq,31.858458,-2.089131,0.03,nan,60480.59096999979
++++++++++++++++++++++++++++++++++++++++++++++++++++++++++++++++
++++++++++++++++++++++++++++++++++++++++++++++++++++++++++++++++
++++++++++++++++++++++++++++++++++++++++++++++++++++++++++++++++
zp,nan,nan,nan,nan,nan,nan,nan,nan,nan,nan,nan,nan,nan,nan,nan,nan,nan,nan,nan,nan,nan,nan,nan,nan,nan,nan,nan,nan,nan,nan,nan,nan,nan,nan,nan,nan,nan,nan,nan,nan,nan,nan,nan,nan,nan,nan,nan,nan,nan,nan,nan,nan,nan,nan,nan,nan,nan,nan,nan,nan,nan,nan,nan,nan,nan,nan,nan,nan,nan,nan,nan,nan,nan,nan,nan,nan,nan,nan,nan,nan,nan,nan,nan,nan,nan,nan,nan,nan,nan,nan,nan,nan,nan,nan,nan
filter,o,o,o,o,o,o,o,o,o,o,o,o,o,o,o,o,o,o,o,o,o,o,o,o,c,c,c,c,o,o,o,o,o,o,o,o,o,o,o,o,c,c,c,c,o,o,o,o,o,o,o,o,c,c,c,c,o,o,o,o,o,o,o,o,o,o,o,o,o,o,o,o,o,o,o,o,o,o,o,o,o,o,o,o,o,o,o,o,o,o,o,o,o,o,o
mjd,60659.112572,60659.115765,60659.123216,60659.135428,60660.365575,60660.368752,60660.374696,60660.384732,60660.85568,60660.858843,60660.866073,60660.878339,60662.433629,60662.442358,60662.446528,60662.4599,60663.096363,60663.099531,60663.107359,60663.118381,60664.330683,60664.338031,60664.346264,60664.349101,60664.846339,60664.856155,60664.870691,60664.877629,60666.322677,60666.325878,60666.339903,60666.349723,60667.056658,60667.066648,60667.070806,60667.076315,60668.308093,60668.311273,60668.317631,60668.328537,60668.804701,60668.808316,60668.817812,60668.839594,60671.086629,60671.089804,60671.096166,60671.114738,60672.320134,60672.324307,60672.329428,60672.341726,60672.822468,60672.825645,60672.832887,60672.855391,60674.287347,60674.291014,60674.297894,60674.319247,60675.055778,60675.058964,60675.065305,60675.076706,60678.27942,60678.282625,60678.292575,60678.29808,60679.064376,60679.067586,60679.074086,60679.09273,60680.275793,60680.278973,60680.285761,60680.300491,60680.784897,60680.788066,60680.793483,60680.815229,60682.251391,60682.255527,60682.262385,60682.273786,60684.278685,60684.281862,60684.291868,60684.302568,60684.790956,60684.794129,60684.799575,60684.81995,60687.044732,60687.050172,60687.067462
flux,-18.0,14.0,-32.0,-32.0,-30.0,30.0,12.0,4.0,-25.0,7.0,-3.0,-1.0,10.0,0.0,27.0,-12.0,10.0,-29.0,-3.0,-5.0,1.0,-6.0,1.0,-13.0,-6.0,-22.0,-2.0,14.0,-22.0,14.0,-11.0,10.0,-1.0,-50.0,4.0,-28.0,-17.0,-13.0,-9.0,14.0,-5.0,6.0,-2.0,11.0,-12.0,6.0,-15.0,52.0,14.0,17.0,-4.0,-7.0,5.0,-10.0,-4.0,7.0,-6.0,0.0,-25.0,-5.0,8.0,7.0,-4.0,-14.0,-10.0,-6.0,3.0,10.0,-32.0,-15.0,-10.0,-7.0,4.0,4.0,14.0,18.0,16.0,-4.0,9.0,12.0,0.0,-8.0,13.0,3.0,9.0,4.0,2.0,6.0,54.0,41.0,-25.0,17.0,47.0,-16.0,-66.0
dflux,30.0,38.0,34.0,28.0,26.0,28.0,27.0,26.0,24.0,21.0,24.0,21.0,21.0,24.0,23.0,26.0,15.0,13.0,12.0,15.0,11.0,13.0,13.0,13.0,13.0,12.0,11.0,12.0,13.0,13.0,14.0,16.0,20.0,22.0,24.0,21.0,15.0,14.0,14.0,14.0,9.0,9.0,10.0,10.0,12.0,13.0,11.0,16.0,13.0,15.0,14.0,12.0,12.0,12.0,14.0,14.0,11.0,10.0,11.0,13.0,14.0,18.0,19.0,18.0,12.0,11.0,12.0,12.0,13.0,12.0,13.0,13.0,13.0,14.0,16.0,12.0,32.0,23.0,20.0,19.0,18.0,20.0,16.0,19.0,26.0,23.0,21.0,26.0,38.0,33.0,30.0,32.0,33.0,31.0,29.0
mag,-20.731,21.052,-20.141,-20.123,-20.206,20.199,21.17,22.33,-20.398,21.751,-22.75,-23.8,21.397,0.0,20.311,-21.18,21.442,-20.259,-22.565,-22.166,23.609,-21.89,24.264,-21.103,-21.925,-20.523,-22.91,21.015,-20.555,21.073,-21.313,21.433,-23.661,-19.649,22.488,-20.303,-20.798,-21.115,-21.497,20.996,-22.238,21.898,-22.889,21.33,-21.227,22.035,-20.963,19.599,21.041,20.843,-22.308,-21.842,22.089,-21.394,-22.471,21.737,-21.922,25.425,-20.406,-22.073,21.661,21.782,-22.475,-21.018,-21.386,-22.042,22.587,21.406,-20.151,-20.991,-21.443,-21.792,22.365,22.389,21.059,20.73,20.924,-22.373,21.511,21.174,24.766,-21.65,21.116,22.629,21.507,22.331,23.495,21.926,19.566,19.863,-20.388,20.804,19.712,-20.893,-19.35
dmag,1.592,2.768,1.054,0.877,0.858,0.943,2.22,6.206,0.965,2.913,8.421,18.857,2.123,20.439,0.833,2.125,1.583,0.466,3.6,3.079,8.273,2.093,18.667,1.019,2.172,0.525,4.538,0.84,0.579,0.947,1.266,1.66,16.4,0.431,6.4,0.776,0.85,1.08,1.556,0.982,2.031,1.489,3.944,0.922,1.048,2.333,0.752,0.309,0.922,0.879,3.128,1.738,2.185,1.24,3.889,1.909,1.778,42.0,0.449,2.39,1.848,2.525,5.05,1.228,1.192,1.975,3.741,1.221,0.402,0.832,1.366,1.925,3.257,3.486,1.186,0.662,2.057,5.667,2.169,1.574,39.25,2.514,1.202,5.8,2.899,5.514,14.25,4.16,0.697,0.801,1.2,1.851,0.701,1.939,0.434
