atlas-norm,2024qng,11.3309444566,-3.68948611666,0.07,nan,60520.53929000022
++++++++++++++++++++++++++++++++++++++++++++++++++++++++++++++++
++++++++++++++++++++++++++++++++++++++++++++++++++++++++++++++++
++++++++++++++++++++++++++++++++++++++++++++++++++++++++++++++++
zp,nan,nan,nan,nan,nan,nan,nan,nan,nan,nan,nan,nan,nan,nan,nan,nan,nan,nan,nan,nan,nan,nan,nan,nan,nan,nan,nan,nan,nan,nan,nan,nan,nan,nan,nan,nan,nan,nan,nan,nan,nan,nan,nan,nan,nan,nan,nan,nan,nan,nan,nan,nan,nan,nan,nan,nan,nan,nan,nan,nan,nan,nan
filter,o,o,o,o,o,o,o,o,o,o,o,o,o,o,o,o,o,o,o,o,c,c,c,c,o,o,o,o,o,o,o,o,o,o,o,o,o,o,o,o,c,c,c,c,o,o,o,o,o,o,o,o,o,o,o,o,o,o,o,o,o,o
mjd,60659.061202,60659.075279,60659.078447,60659.088012,60660.31116,60660.314327,60660.321608,60660.333025,60660.804573,60660.811363,60660.814524,60660.82501,60663.056637,60663.06219,60663.065375,60663.076783,60664.301627,60664.304794,60664.311126,60664.322474,60664.883448,60664.887898,60664.892798,60664.903683,60666.248706,60666.262992,60666.266659,60666.27403,60668.267709,60668.270894,60668.277951,60668.287995,60671.040906,60671.04412,60671.049591,60671.065973,60672.280221,60672.283906,60672.289894,60672.300509,60672.786591,60672.789764,60672.797487,60672.814708,60674.246452,60674.249672,60674.262771,60674.268747,60676.222718,60676.225911,60676.236008,60678.221704,60678.224913,60678.237809,60678.246641,60680.231554,60680.234748,60680.240421,60680.25051,60684.246217,60684.249417,60684.259548
flux,53.0,24.0,-46.0,49.0,-5.0,0.0,8.0,38.0,8.0,1.0,-35.0,1.0,23.0,26.0,5.0,7.0,10.0,18.0,-1.0,18.0,8.0,-20.0,-14.0,24.0,10.0,10.0,-12.0,-7.0,0.0,25.0,-2.0,7.0,9.0,1.0,27.0,10.0,-4.0,10.0,28.0,10.0,37.0,34.0,13.0,11.0,7.0,-12.0,16.0,4.0,15.0,-10.0,-33.0,14.0,7.0,26.0,-10.0,3.0,-2.0,-8.0,16.0,-17.0,-3.0,-22.0
dflux,38.0,38.0,36.0,34.0,21.0,22.0,22.0,21.0,20.0,22.0,24.0,22.0,17.0,15.0,17.0,16.0,12.0,12.0,13.0,15.0,12.0,14.0,17.0,17.0,11.0,11.0,11.0,11.0,10.0,11.0,14.0,15.0,17.0,21.0,17.0,11.0,14.0,15.0,15.0,13.0,22.0,20.0,13.0,13.0,12.0,11.0,11.0,12.0,18.0,41.0,28.0,13.0,14.0,13.0,13.0,16.0,15.0,14.0,16.0,19.0,18.0,17.0
mag,19.584,20.46,-19.734,19.67,-22.197,-25.493,21.631,19.954,21.681,23.931,-20.046,23.674,20.495,20.369,22.229,21.761,21.437,20.745,-23.527,20.741,21.607,-20.667,-21.047,20.466,21.366,21.441,-21.218,-21.835,26.221,20.4,-23.251,21.754,21.475,24.133,20.309,21.395,-22.4,21.382,20.277,21.456,19.985,20.065,21.126,21.276,21.836,-21.193,20.92,22.446,20.937,-21.354,-20.098,21.054,21.75,20.361,-21.365,22.725,-22.891,-21.594,20.868,-20.813,-22.674,-20.568
dmag,0.712,1.614,0.765,0.702,4.419,94.5,2.699,0.553,2.585,22.4,0.684,17.571,0.734,0.569,3.595,2.263,1.232,0.66,8.923,0.808,1.4,0.73,1.211,0.721,1.06,1.169,0.913,1.654,88.0,0.439,8.0,2.091,1.867,25.833,0.608,1.09,3.6,1.438,0.547,1.36,0.589,0.586,1.0,1.131,1.731,0.942,0.729,3.036,1.168,3.966,0.861,0.918,1.898,0.5,1.241,5.308,5.773,1.671,0.976,1.116,5.926,0.791
