atlas-norm,2024slf,65.3823283011,41.3385923544,0.03,nan,60541.59988000011
++++++++++++++++++++++++++++++++++++++++++++++++++++++++++++++++
++++++++++++++++++++++++++++++++++++++++++++++++++++++++++++++++
++++++++++++++++++++++++++++++++++++++++++++++++++++++++++++++++
zp,nan,nan,nan,nan,nan,nan,nan,nan,nan,nan,nan,nan,nan,nan,nan,nan,nan,nan,nan,nan,nan,nan,nan,nan,nan,nan,nan,nan,nan,nan,nan,nan,nan,nan,nan,nan,nan,nan,nan,nan,nan,nan,nan,nan,nan,nan,nan,nan,nan,nan,nan,nan,nan,nan,nan,nan,nan,nan,nan,nan,nan,nan,nan,nan,nan,nan,nan,nan,nan,nan,nan,nan,nan,nan,nan,nan,nan,nan,nan,nan,nan,nan,nan,nan,nan,nan,nan,nan,nan,nan,nan,nan
filter,o,o,o,o,o,o,o,o,o,o,o,o,o,o,o,o,o,o,o,o,o,o,o,o,o,o,o,o,o,o,o,o,o,o,o,o,o,o,o,o,o,o,o,o,o,o,o,o,o,o,o,o,o,o,o,o,o,o,o,o,o,o,o,o,o,o,o,o,o,o,o,o,o,o,o,o,o,o,o,o,o,o,o,o,o,o,o,o,o,o,o,o
mjd,60661.462333,60661.465532,60661.47291,60661.508508,60662.465262,60662.468952,60662.485197,60662.494381,60663.391132,60663.394395,60663.399834,60663.411338,60664.433377,60664.441182,60664.445298,60664.469472,60665.380754,60665.384464,60665.389994,60665.400644,60665.402214,60665.405396,60665.411079,60665.42494,60667.386574,60667.38977,60667.395244,60667.430553,60669.372133,60669.380593,60669.383757,60669.401779,60671.374624,60671.377844,60671.383366,60671.397056,60673.373165,60673.376397,60673.382849,60673.394868,60675.538439,60675.541606,60675.547179,60675.557687,60676.354303,60676.357522,60676.371602,60676.379155,60677.35998,60677.365516,60677.369643,60677.370604,60677.373817,60677.381167,60677.394862,60677.406415,60678.352747,60678.355924,60678.379106,60678.385561,60679.342377,60679.358799,60679.361539,60679.361992,60679.364741,60679.365661,60679.367518,60679.368863,60679.370249,60679.37843,60679.380254,60679.38634,60681.297832,60681.299664,60681.302428,60681.311645,60681.395744,60681.425805,60681.429506,60681.435688,60682.343591,60682.348866,60682.352059,60682.362118,60683.346194,60683.351656,60683.354852,60683.364631,60684.346812,60684.350331,60684.385298,60684.413564
flux,-6.0,17.0,20.0,-27.0,15.0,-1.0,21.0,22.0,18.0,6.0,-10.0,-16.0,11.0,31.0,32.0,21.0,11.0,7.0,14.0,4.0,14.0,5.0,-1.0,25.0,0.0,22.0,9.0,22.0,3.0,0.0,14.0,3.0,17.0,8.0,4.0,-4.0,19.0,4.0,42.0,27.0,7.0,34.0,35.0,16.0,-6.0,6.0,-4.0,10.0,-6.0,10.0,12.0,3.0,16.0,-10.0,-11.0,10.0,16.0,0.0,31.0,18.0,-2.0,3.0,10.0,17.0,27.0,17.0,31.0,20.0,-1.0,-39.0,-7.0,3.0,5.0,20.0,26.0,12.0,8.0,5.0,0.0,11.0,4.0,0.0,35.0,-18.0,8.0,12.0,31.0,-6.0,10.0,-17.0,3.0,9.0
dflux,23.0,23.0,26.0,25.0,13.0,17.0,19.0,15.0,14.0,13.0,8.0,11.0,13.0,12.0,14.0,17.0,12.0,13.0,11.0,14.0,13.0,13.0,14.0,12.0,11.0,12.0,10.0,10.0,12.0,13.0,15.0,17.0,10.0,13.0,11.0,10.0,12.0,12.0,10.0,10.0,15.0,15.0,14.0,18.0,11.0,8.0,11.0,12.0,11.0,10.0,11.0,13.0,12.0,10.0,13.0,14.0,13.0,14.0,14.0,12.0,10.0,10.0,14.0,11.0,15.0,21.0,10.0,32.0,23.0,24.0,28.0,12.0,14.0,13.0,13.0,15.0,14.0,10.0,12.0,15.0,14.0,12.0,14.0,12.0,18.0,15.0,16.0,16.0,22.0,21.0,23.0,23.0
mag,-21.919,20.806,20.67,-20.329,20.949,-23.704,20.595,20.517,20.759,22.022,-21.423,-20.913,21.314,20.176,20.144,20.611,21.286,21.775,21.041,22.424,21.015,22.216,-24.216,20.388,25.703,20.517,21.507,20.525,22.786,-25.481,21.049,22.717,20.825,21.595,22.473,-22.31,20.688,22.474,19.832,20.318,21.764,20.078,20.047,20.926,-21.966,21.963,-22.346,21.407,-21.864,21.363,21.165,22.636,20.876,-21.444,-21.33,21.441,20.913,26.118,20.159,20.793,-23.033,22.869,21.387,20.808,20.316,20.814,20.159,20.677,-24.059,-19.926,-21.792,22.827,22.102,20.633,20.353,21.161,21.584,22.217,-26.187,21.332,22.321,-25.642,20.038,-20.766,21.571,21.215,20.166,-21.867,21.458,-20.807,22.572,21.546
dmag,3.654,1.314,1.341,0.927,0.882,14.333,0.886,0.664,0.778,2.355,0.774,0.704,1.2,0.403,0.429,0.807,1.072,1.848,0.78,3.56,0.94,2.826,18.571,0.467,56.0,0.519,1.152,0.437,4.348,56.0,1.063,5.609,0.618,1.513,3.0,2.275,0.601,3.308,0.234,0.369,2.081,0.451,0.415,1.198,1.902,1.327,2.677,1.237,1.692,1.012,0.869,3.963,0.771,1.05,1.253,1.407,0.84,108.0,0.459,0.698,4.737,3.808,1.342,0.617,0.561,1.207,0.32,1.652,26.2,0.611,4.0,4.471,2.579,0.645,0.508,1.215,1.671,2.077,100.0,1.402,3.366,59.5,0.402,0.658,2.071,1.237,0.502,2.467,2.338,1.228,6.654,2.621
