atlas-norm,2024ahq,355.866208,29.025919,0.030683,nan,60325.23953999998
++++++++++++++++++++++++++++++++++++++++++++++++++++++++++++++++
++++++++++++++++++++++++++++++++++++++++++++++++++++++++++++++++
++++++++++++++++++++++++++++++++++++++++++++++++++++++++++++++++
zp,nan,nan,nan,nan,nan,nan,nan,nan,nan,nan,nan,nan,nan,nan,nan,nan,nan,nan,nan,nan,nan,nan,nan,nan,nan,nan,nan,nan,nan,nan,nan,nan,nan,nan,nan,nan,nan,nan,nan,nan,nan,nan,nan,nan,nan,nan,nan,nan,nan,nan,nan,nan,nan,nan,nan,nan,nan,nan,nan,nan,nan,nan,nan,nan,nan,nan,nan,nan,nan,nan,nan,nan,nan,nan,nan,nan,nan,nan,nan,nan,nan,nan,nan,nan,nan,nan,nan,nan,nan,nan,nan,nan,nan,nan,nan,nan,nan,nan,nan,nan,nan,nan,nan,nan,nan,nan,nan,nan
filter,o,o,o,o,o,o,o,o,o,o,o,o,o,o,o,o,o,o,o,o,o,o,o,o,o,o,o,o,o,o,o,o,o,o,o,o,o,o,o,o,o,o,o,o,o,o,o,o,o,o,o,o,o,o,o,o,o,o,o,o,o,o,o,o,o,o,o,o,o,o,o,o,o,o,o,o,o,o,o,o,o,o,o,o,o,o,o,o,o,o,o,o,o,o,o,o,o,o,o,o,o,o,o,o,o,o,o,o
mjd,60659.327043,60659.330248,60659.335805,60659.356192,60660.270838,60660.2741,60660.281725,60660.295366,60661.31506,60661.318237,60661.337123,60661.344557,60662.289535,60662.2927,60662.29819,60662.308288,60663.313936,60663.317187,60663.323218,60664.28505,60664.288272,60664.295252,60664.307799,60665.294279,60665.297463,60665.318678,60665.324213,60666.257941,60666.261193,60666.266631,60666.267083,60666.27029,60666.276733,60666.278544,60666.287254,60667.319039,60667.322302,60667.327398,60667.327856,60667.330607,60667.336748,60667.339988,60667.346886,60668.255049,60668.258259,60668.268459,60668.27911,60669.25933,60669.262523,60669.26854,60669.278621,60670.275125,60670.278875,60670.28435,60670.303554,60673.261657,60673.271781,60673.275949,60673.287362,60674.262385,60674.265615,60674.272612,60674.285941,60675.243827,60675.24703,60675.253551,60675.263438,60676.272045,60676.275335,60676.285126,60676.295024,60677.25239,60677.255183,60677.261606,60677.272083,60678.247295,60678.250485,60678.256034,60678.270798,60679.245868,60679.249127,60679.254658,60679.268066,60680.261192,60680.265403,60680.270507,60680.289086,60681.250521,60681.253723,60681.259735,60681.269768,60682.251137,60682.25434,60682.260359,60682.270417,60684.252189,60684.255404,60684.261477,60684.279023,60685.257627,60685.260794,60685.270859,60685.276342,60686.236557,60686.239735,60686.246712,60688.269395,60688.272165
flux,18.0,-60.0,-37.0,772.0,-16.0,-26.0,9.0,15.0,20.0,-10.0,9.0,35.0,22.0,-8.0,-15.0,9.0,-4.0,7.0,16.0,-16.0,-4.0,3.0,-5.0,-9.0,-20.0,-7.0,-27.0,0.0,40.0,-31.0,0.0,12.0,-2.0,3.0,-1.0,8.0,20.0,3.0,6.0,7.0,-16.0,-10.0,-12.0,16.0,-6.0,11.0,9.0,-3.0,-1.0,-16.0,0.0,16.0,6.0,0.0,8.0,-8.0,4.0,13.0,8.0,6.0,-10.0,13.0,8.0,5.0,5.0,-1.0,-14.0,37.0,7.0,-27.0,22.0,24.0,-17.0,-2.0,-18.0,-10.0,7.0,-14.0,-9.0,-18.0,0.0,-21.0,-19.0,11.0,10.0,-14.0,29.0,17.0,25.0,-5.0,-5.0,-3.0,18.0,-7.0,24.0,29.0,9.0,-16.0,-58.0,8.0,-19.0,-8.0,72.0,-22.0,-28.0,-122.0,-174.0,193.0
dflux,23.0,30.0,26.0,413.0,20.0,20.0,17.0,21.0,20.0,23.0,20.0,22.0,15.0,17.0,16.0,16.0,14.0,13.0,20.0,11.0,11.0,13.0,10.0,12.0,11.0,14.0,14.0,14.0,12.0,11.0,15.0,12.0,15.0,12.0,14.0,10.0,14.0,14.0,15.0,14.0,14.0,13.0,15.0,12.0,13.0,13.0,11.0,11.0,11.0,13.0,10.0,10.0,13.0,13.0,17.0,13.0,15.0,14.0,16.0,14.0,13.0,13.0,15.0,13.0,13.0,12.0,12.0,11.0,13.0,11.0,15.0,12.0,11.0,11.0,12.0,12.0,12.0,12.0,12.0,12.0,11.0,12.0,12.0,14.0,14.0,14.0,15.0,14.0,14.0,16.0,14.0,13.0,14.0,16.0,15.0,20.0,19.0,21.0,24.0,26.0,26.0,28.0,29.0,24.0,28.0,59.0,192.0,639.0
mag,20.733,-19.445,-19.989,16.682,-20.869,-20.36,21.554,20.982,20.657,-21.41,21.546,20.052,20.523,-21.594,-20.932,21.503,-22.334,21.733,20.899,-20.905,-22.535,22.843,-22.18,-21.514,-20.665,-21.749,-20.33,24.963,19.892,-20.181,24.81,21.178,-23.228,22.884,-23.661,21.667,20.625,22.808,21.945,21.85,-20.899,-21.371,-21.202,20.907,-22.03,21.256,21.517,-22.725,-23.949,-20.92,25.063,20.914,21.927,-25.625,21.602,-21.663,22.423,21.079,21.642,21.954,-21.406,21.125,21.717,22.108,22.078,-24.464,-21.013,19.976,21.758,-20.312,20.57,20.451,-20.843,-23.242,-20.769,-21.422,21.785,-21.013,-21.548,-20.778,-25.439,-20.584,-20.691,21.275,21.406,-21.027,20.239,20.819,20.417,-22.133,-22.16,-22.6,20.766,-21.768,20.443,20.237,21.52,-20.892,-19.499,21.585,-20.709,-21.638,19.262,-20.555,-20.291,-18.684,-18.302,18.184
dmag,1.232,0.487,0.719,0.535,1.234,0.784,2.0,1.422,1.0,2.326,2.287,0.621,0.68,2.077,1.073,1.737,3.333,1.755,1.269,0.71,3.067,4.9,2.026,1.325,0.554,1.946,0.519,36.0,0.311,0.365,34.0,0.966,7.846,4.75,11.0,1.241,0.664,5.118,2.462,2.125,0.917,1.293,1.225,0.739,2.297,1.153,1.203,3.72,11.75,0.812,30.0,0.667,2.082,64.5,2.013,1.686,3.906,1.024,1.973,2.275,1.297,1.034,1.956,2.5,2.439,21.0,0.878,0.3,1.824,0.414,0.693,0.504,0.665,6.176,0.677,1.214,1.731,0.874,1.355,0.662,44.0,0.549,0.652,1.297,1.386,0.958,0.505,0.848,0.562,3.128,2.911,3.967,0.759,2.185,0.627,0.668,2.134,1.296,0.415,3.119,1.347,3.492,0.407,1.085,0.993,0.483,1.107,3.304
