atlas-norm,2024xup,110.187,18.619731,0.066,nan,60592.59545999998
++++++++++++++++++++++++++++++++++++++++++++++++++++++++++++++++
++++++++++++++++++++++++++++++++++++++++++++++++++++++++++++++++
++++++++++++++++++++++++++++++++++++++++++++++++++++++++++++++++
zp,nan,nan,nan,nan,nan,nan,nan,nan,nan,nan,nan,nan,nan,nan,nan,nan,nan,nan,nan,nan,nan,nan,nan,nan,nan,nan,nan,nan,nan,nan,nan,nan,nan,nan,nan,nan,nan,nan,nan,nan,nan,nan,nan,nan,nan,nan,nan,nan,nan,nan,nan,nan,nan,nan,nan,nan,nan,nan,nan,nan,nan,nan,nan,nan,nan,nan,nan,nan,nan,nan,nan,nan,nan,nan,nan,nan,nan,nan
filter,o,o,o,o,o,o,o,o,o,o,o,o,o,o,o,o,o,o,o,o,o,o,o,o,o,o,o,o,o,o,o,o,o,o,o,o,o,o,o,o,o,o,o,o,o,o,o,o,o,o,o,o,o,o,o,o,o,o,o,o,o,o,o,o,o,o,o,o,o,o,o,o,o,o,o,o,o,o
mjd,60656.433176,60656.438554,60656.4404,60656.446031,60663.316234,60663.319429,60664.510816,60664.513623,60664.523596,60664.529106,60665.446821,60665.448631,60665.482693,60665.490527,60666.438114,60666.439922,60666.443252,60666.450713,60667.476126,60667.48451,60667.488734,60667.521155,60668.438247,60668.440097,60668.442849,60668.449829,60669.421389,60669.424213,60669.429708,60669.435161,60670.428552,60670.431384,60670.434244,60670.439691,60673.418541,60673.420351,60673.423356,60673.428373,60673.429276,60673.43155,60673.434717,60673.440183,60674.479831,60674.486315,60674.489804,60674.521497,60675.615381,60676.468206,60676.471424,60676.477466,60676.513373,60677.417634,60677.419913,60677.425019,60677.430474,60678.417369,60678.420059,60678.423228,60678.42867,60679.465822,60679.491899,60679.494716,60679.500236,60680.449963,60680.453195,60680.487096,60680.493307,60681.405606,60681.407871,60681.411038,60681.417845,60682.403242,60682.406558,60682.412571,60682.442681,60684.388354,60684.405046,60684.406883
flux,34.0,16.0,-12.0,34.0,55.0,-10.0,29.0,26.0,22.0,28.0,34.0,23.0,37.0,6.0,4.0,32.0,13.0,30.0,20.0,19.0,-3.0,2.0,13.0,20.0,28.0,29.0,8.0,24.0,41.0,33.0,-10.0,47.0,4.0,26.0,23.0,35.0,19.0,23.0,24.0,0.0,13.0,36.0,6.0,22.0,19.0,4.0,18.0,24.0,-1.0,18.0,16.0,18.0,2.0,-4.0,48.0,-7.0,10.0,9.0,21.0,-29.0,5.0,11.0,20.0,15.0,24.0,14.0,-2.0,27.0,-10.0,18.0,-2.0,-8.0,35.0,19.0,16.0,24.0,18.0,26.0
dflux,53.0,47.0,39.0,18.0,28.0,39.0,14.0,14.0,14.0,15.0,14.0,15.0,15.0,11.0,14.0,14.0,11.0,11.0,13.0,13.0,11.0,12.0,10.0,11.0,11.0,11.0,12.0,11.0,10.0,12.0,10.0,12.0,12.0,9.0,16.0,15.0,14.0,10.0,13.0,12.0,12.0,14.0,14.0,11.0,10.0,12.0,11.0,10.0,10.0,12.0,10.0,14.0,12.0,13.0,13.0,11.0,12.0,12.0,13.0,33.0,17.0,24.0,13.0,10.0,12.0,9.0,9.0,12.0,13.0,12.0,12.0,14.0,12.0,11.0,13.0,18.0,15.0,18.0
mag,20.072,20.863,-21.209,20.068,19.554,-21.391,20.227,20.355,20.565,20.264,20.084,20.491,19.975,21.892,22.541,20.132,21.111,20.191,20.63,20.682,-22.694,22.994,21.134,20.629,20.273,20.26,21.605,20.447,19.868,20.117,-21.369,19.71,22.435,20.361,20.515,20.033,20.718,20.511,20.465,25.385,21.153,20.022,22.028,20.536,20.712,22.4,20.785,20.458,-24.168,20.771,20.891,20.792,23.49,-22.529,19.704,-21.837,21.369,21.519,20.604,-20.257,22.139,21.263,20.641,20.973,20.449,21.064,-22.93,20.338,-21.391,20.788,-23.081,-21.638,20.028,20.686,20.927,20.437,20.78,20.342
dmag,1.57,2.881,3.286,0.536,0.502,3.91,0.463,0.553,0.624,0.52,0.405,0.653,0.4,1.789,4.059,0.441,0.876,0.365,0.657,0.676,3.75,5.111,0.815,0.557,0.385,0.396,1.508,0.454,0.252,0.358,1.0,0.249,3.139,0.34,0.713,0.425,0.729,0.464,0.557,47.0,0.963,0.382,2.526,0.506,0.557,3.038,0.643,0.419,13.0,0.674,0.636,0.806,8.182,3.621,0.268,1.667,1.151,1.395,0.617,1.153,3.286,2.095,0.642,0.702,0.489,0.683,3.529,0.44,1.25,0.7,5.824,1.769,0.334,0.591,0.836,0.719,0.844,0.665
