atlas-norm,2024kdy,314.226516667,54.66789,0.02,nan,60463.5605299999
++++++++++++++++++++++++++++++++++++++++++++++++++++++++++++++++
++++++++++++++++++++++++++++++++++++++++++++++++++++++++++++++++
++++++++++++++++++++++++++++++++++++++++++++++++++++++++++++++++
zp,nan,nan,nan,nan,nan,nan,nan,nan,nan,nan,nan,nan,nan,nan,nan,nan,nan,nan,nan,nan,nan,nan
filter,o,o,o,o,o,o,o,o,o,o,o,o,o,o,o,o,o,o,o,o,o,o
mjd,60659.250253,60659.253526,60663.203416,60663.207113,60663.213066,60663.230101,60665.198565,60665.201781,60665.208724,60665.219382,60667.203376,60667.206618,60667.212103,60667.225842,60671.204818,60671.210312,60671.213521,60671.233524,60673.200935,60673.204153,60673.212005,60673.224043
flux,48.0,0.0,-7.0,-1.0,-4.0,-14.0,-22.0,-20.0,0.0,3.0,30.0,6.0,0.0,1.0,-35.0,-4.0,-42.0,2.0,65.0,-34.0,29.0,3.0
dflux,34.0,0.0,15.0,14.0,13.0,16.0,35.0,20.0,13.0,13.0,23.0,20.0,16.0,13.0,22.0,15.0,15.0,15.0,38.0,26.0,15.0,13.0
mag,19.692,0.0,-21.75,-23.732,-22.376,-21.07,-20.546,-20.668,24.709,22.667,20.218,21.885,-26.177,23.604,-20.047,-22.366,-19.851,23.213,19.361,-20.087,20.239,22.668
dmag,0.696,0.0,2.042,11.75,3.3,1.158,1.603,1.023,27.333,4.1,0.77,3.058,126.0,9.818,0.625,3.583,0.352,8.063,0.58,0.788,0.525,4.227
