atlas-norm,2024epm,178.506663017,43.7139862598,0.067396,nan,60387.44817999983
++++++++++++++++++++++++++++++++++++++++++++++++++++++++++++++++
++++++++++++++++++++++++++++++++++++++++++++++++++++++++++++++++
++++++++++++++++++++++++++++++++++++++++++++++++++++++++++++++++
zp,nan,nan,nan,nan,nan,nan,nan,nan,nan,nan,nan,nan,nan,nan,nan,nan,nan,nan,nan,nan,nan,nan,nan,nan,nan,nan,nan,nan,nan,nan,nan,nan,nan,nan,nan,nan,nan,nan,nan,nan,nan,nan,nan,nan,nan,nan,nan
filter,o,o,o,o,o,o,o,o,o,o,o,o,o,o,o,o,o,o,o,o,o,o,o,o,o,o,o,o,o,o,o,o,o,o,o,o,o,o,o,o,o,o,o,o,o,o,o
mjd,60659.536489,60659.54668,60659.556522,60659.55971,60663.55507,60663.556887,60663.583026,60665.554559,60665.556858,60665.572749,60665.579746,60665.593064,60665.596748,60665.602824,60665.615017,60667.555858,60667.560706,60667.566193,60667.584036,60671.55426,60671.55607,60671.558805,60671.574693,60673.562308,60673.56422,60673.570877,60673.576412,60677.557272,60677.559105,60677.561857,60677.569775,60679.413769,60679.438002,60679.440829,60679.461521,60681.559411,60681.561243,60681.567243,60681.576621,60683.525552,60683.527831,60683.532022,60683.537925,60687.452256,60687.454573,60687.457764,60687.481991
flux,-117.0,151.0,-6.0,111.0,-36.0,8.0,23.0,24.0,8.0,5.0,13.0,5.0,10.0,40.0,-18.0,-101.0,544.0,-21.0,-6.0,-5.0,-22.0,-21.0,-18.0,-8.0,-18.0,-5.0,-10.0,0.0,-20.0,-60.0,-10.0,1.0,-13.0,-41.0,9.0,-26.0,-15.0,-14.0,-21.0,-22.0,8.0,-39.0,4.0,41.0,63.0,-5.0,-12.0
dflux,159.0,322.0,96.0,107.0,17.0,17.0,20.0,14.0,14.0,15.0,16.0,13.0,12.0,16.0,14.0,156.0,318.0,22.0,14.0,9.0,9.0,7.0,10.0,11.0,10.0,11.0,11.0,11.0,11.0,12.0,11.0,16.0,13.0,12.0,16.0,8.0,9.0,10.0,10.0,12.0,11.0,10.0,14.0,40.0,47.0,40.0,32.0
mag,-18.727,18.451,-21.983,18.783,-20.023,21.599,20.501,20.429,21.574,22.192,21.106,22.217,21.367,19.9,-20.76,-18.886,17.061,-20.616,-21.96,-22.198,-20.538,-20.579,-20.764,-21.635,-20.751,-22.098,-21.342,25.92,-20.674,-19.458,-21.453,24.475,-21.128,-19.856,21.513,-20.358,-20.964,-20.999,-20.614,-20.534,21.706,-19.928,22.487,19.859,19.404,-22.076,-21.207
dmag,1.354,2.131,16.5,0.962,0.47,2.041,0.852,0.578,1.662,3.128,1.204,2.732,1.183,0.39,0.778,1.544,0.584,1.074,2.349,1.909,0.402,0.344,0.558,1.333,0.578,2.138,1.082,69.0,0.562,0.199,1.111,26.25,1.024,0.295,1.804,0.307,0.598,0.676,0.484,0.544,1.491,0.26,3.667,0.959,0.754,7.476,2.635
