atlas-norm,2023wpj,91.3873050611,62.8964659918,0.058,nan,60252.50094999978
++++++++++++++++++++++++++++++++++++++++++++++++++++++++++++++++
++++++++++++++++++++++++++++++++++++++++++++++++++++++++++++++++
++++++++++++++++++++++++++++++++++++++++++++++++++++++++++++++++
zp,nan,nan,nan,nan,nan,nan,nan,nan,nan,nan,nan,nan,nan,nan,nan,nan,nan,nan,nan,nan,nan,nan,nan,nan,nan,nan,nan,nan,nan,nan,nan,nan,nan,nan,nan,nan,nan,nan,nan,nan,nan,nan,nan,nan,nan,nan,nan,nan,nan
filter,o,o,o,o,o,o,o,o,o,o,o,o,o,o,o,o,o,o,o,o,o,o,o,o,o,o,o,o,o,o,o,o,o,o,o,o,o,o,o,o,o,o,o,o,o,o,o,o,o
mjd,60663.476909,60663.480602,60663.515452,60663.522358,60665.450716,60665.454464,60665.488412,60665.494914,60667.420317,60667.422165,60667.424932,60667.460378,60671.413543,60671.417039,60671.422863,60671.457661,60673.409663,60673.413334,60673.447991,60673.454441,60675.537465,60675.545251,60675.561059,60675.571619,60677.398691,60677.401919,60677.407461,60677.442569,60679.411387,60679.446006,60679.449236,60679.454723,60681.419196,60681.434669,60681.461744,60681.470962,60683.386529,60683.389789,60683.395276,60683.406507,60683.40787,60683.441843,60683.447348,60683.451941,60685.375341,60685.409532,60687.420742,60687.424486,60687.430242
flux,4.0,-1.0,-12.0,-12.0,2.0,20.0,-13.0,-1.0,7.0,-21.0,2.0,5.0,3.0,15.0,0.0,22.0,0.0,-9.0,-2.0,11.0,1.0,-5.0,0.0,10.0,10.0,3.0,4.0,-9.0,-8.0,-4.0,-13.0,8.0,-6.0,8.0,-15.0,12.0,-12.0,-15.0,-28.0,10.0,-11.0,30.0,20.0,47.0,-4.0,20.0,100.0,30.0,10.0
dflux,16.0,16.0,16.0,18.0,14.0,14.0,12.0,15.0,12.0,14.0,14.0,14.0,17.0,12.0,13.0,12.0,9.0,12.0,11.0,12.0,11.0,13.0,13.0,16.0,14.0,13.0,12.0,13.0,12.0,12.0,14.0,15.0,10.0,11.0,11.0,11.0,19.0,16.0,17.0,15.0,16.0,18.0,20.0,16.0,52.0,43.0,42.0,41.0,54.0
mag,22.412,-24.43,-21.173,-21.24,23.443,20.618,-21.112,-24.377,21.745,-20.594,23.141,22.219,22.794,20.939,25.089,20.536,26.027,-21.482,-23.439,21.283,24.452,-22.131,-25.878,21.381,21.356,22.63,22.358,-21.506,-21.652,-22.417,-21.086,21.605,-21.989,21.702,-20.989,21.168,-21.202,-20.988,-20.279,21.379,-21.273,20.199,20.664,19.726,-22.282,20.621,18.903,20.194,21.422
dmag,4.108,26.667,1.311,1.507,9.545,0.672,0.932,23.4,1.672,0.687,6.706,3.0,6.115,0.76,40.0,0.56,67.0,1.258,7.0,1.051,18.5,2.514,80.0,1.544,1.329,4.0,3.0,1.391,1.468,2.925,1.033,1.791,1.766,1.414,0.739,0.894,1.553,1.12,0.607,1.464,1.458,0.597,1.007,0.34,11.63,2.081,0.426,1.347,5.5
