atlas-norm,2024adac,15.4105661889,40.7651875267,0.078,nan,60645.36977000022
++++++++++++++++++++++++++++++++++++++++++++++++++++++++++++++++
++++++++++++++++++++++++++++++++++++++++++++++++++++++++++++++++
++++++++++++++++++++++++++++++++++++++++++++++++++++++++++++++++
zp,nan,nan,nan,nan,nan,nan,nan,nan,nan,nan,nan,nan,nan,nan,nan,nan,nan,nan,nan,nan,nan,nan,nan,nan,nan,nan,nan,nan,nan,nan,nan,nan,nan,nan,nan,nan,nan,nan,nan,nan,nan,nan,nan,nan,nan,nan,nan,nan,nan,nan,nan,nan,nan,nan,nan,nan,nan,nan,nan,nan,nan,nan,nan,nan,nan,nan,nan,nan,nan,nan,nan,nan,nan,nan,nan,nan,nan,nan,nan,nan,nan,nan,nan,nan,nan,nan,nan,nan,nan
filter,o,o,o,o,o,o,o,o,o,o,o,o,o,o,o,o,o,o,o,o,o,o,o,o,o,o,o,o,o,o,o,o,o,o,o,o,o,o,o,o,o,o,o,o,o,o,o,o,o,o,o,o,o,o,o,o,o,o,o,o,o,o,o,o,o,o,o,o,o,o,o,o,o,o,o,o,o,o,o,o,o,o,o,o,o,o,o,o,o
mjd,60656.318966,60656.322281,60657.335829,60657.340433,60657.346975,60657.357104,60658.359141,60659.340467,60659.344185,60659.358011,60659.363587,60659.38681,60659.390076,60659.395175,60659.410171,60660.33275,60660.335984,60660.356471,60660.362014,60661.349406,60661.360207,60661.369478,60661.3815,60661.400858,60661.403728,60661.409872,60661.421015,60662.363931,60662.366759,60662.386871,60662.391969,60663.294861,60663.298974,60663.309163,60663.31603,60664.361802,60664.364591,60664.372265,60664.383196,60665.297119,60665.30081,60665.305984,60665.328202,60665.36846,60665.371351,60665.377022,60665.391878,60667.285729,60667.290961,60667.29462,60667.31536,60669.319226,60669.322964,60669.329895,60669.339756,60673.29253,60673.295771,60673.302671,60673.314707,60675.28597,60675.289683,60677.287382,60677.290614,60677.297059,60677.320246,60677.323019,60677.326214,60677.336096,60677.341678,60679.267836,60679.283486,60679.29407,60679.299158,60681.260154,60681.263837,60681.270721,60681.287044,60681.378503,60681.381344,60681.386595,60683.250922,60683.254124,60683.263933,60683.28296,60685.272286,60685.285771,60685.29137,60685.293324,60685.294144
flux,67.0,111.0,54.0,76.0,80.0,90.0,53.0,84.0,55.0,65.0,157.0,84.0,29.0,129.0,46.0,40.0,64.0,78.0,66.0,76.0,56.0,45.0,32.0,36.0,28.0,54.0,65.0,57.0,35.0,40.0,37.0,65.0,26.0,15.0,56.0,40.0,46.0,60.0,53.0,50.0,35.0,37.0,29.0,67.0,57.0,34.0,48.0,29.0,50.0,27.0,31.0,44.0,24.0,43.0,20.0,24.0,13.0,22.0,36.0,29.0,44.0,25.0,24.0,37.0,34.0,19.0,29.0,45.0,40.0,41.0,55.0,3.0,37.0,46.0,26.0,25.0,13.0,9.0,46.0,26.0,14.0,29.0,29.0,-4.0,10.0,33.0,12.0,10.0,52.0
dflux,39.0,73.0,30.0,24.0,28.0,26.0,29.0,31.0,32.0,27.0,27.0,29.0,32.0,39.0,32.0,24.0,21.0,20.0,23.0,20.0,21.0,25.0,23.0,26.0,24.0,25.0,24.0,16.0,16.0,13.0,15.0,10.0,10.0,11.0,12.0,14.0,13.0,15.0,17.0,11.0,11.0,11.0,10.0,12.0,14.0,13.0,19.0,11.0,13.0,12.0,12.0,13.0,12.0,13.0,11.0,12.0,11.0,11.0,13.0,16.0,17.0,11.0,13.0,12.0,12.0,12.0,12.0,15.0,15.0,13.0,17.0,14.0,20.0,11.0,15.0,13.0,12.0,16.0,20.0,17.0,17.0,19.0,17.0,21.0,361.0,20.0,24.0,20.0,38.0
mag,19.329,18.789,19.569,19.195,19.135,19.019,19.586,19.086,19.554,19.365,18.409,19.086,20.244,18.621,19.75,19.9,19.39,19.17,19.352,19.196,19.524,19.765,20.148,20.002,20.287,19.56,19.368,19.518,20.028,19.907,19.986,19.365,20.364,20.965,19.538,19.888,19.74,19.446,19.583,19.653,20.053,19.99,20.231,19.333,19.506,20.081,19.693,20.229,19.648,20.326,20.167,19.792,20.474,19.82,20.671,20.428,21.144,20.561,20.003,20.244,19.785,20.423,20.467,19.968,20.075,20.693,20.251,19.766,19.902,19.873,19.558,22.802,19.972,19.731,20.35,20.405,21.149,21.486,19.748,20.343,21.061,20.246,20.239,-22.309,21.435,20.091,21.208,21.447,19.614
dmag,0.583,0.657,0.546,0.32,0.353,0.285,0.544,0.363,0.592,0.413,0.169,0.341,1.087,0.303,0.692,0.613,0.33,0.255,0.349,0.259,0.369,0.562,0.716,0.708,0.87,0.457,0.377,0.289,0.462,0.331,0.398,0.153,0.392,0.712,0.215,0.342,0.272,0.247,0.315,0.212,0.315,0.301,0.344,0.182,0.252,0.387,0.387,0.385,0.25,0.437,0.386,0.291,0.527,0.308,0.585,0.483,0.871,0.524,0.371,0.555,0.379,0.446,0.532,0.321,0.346,0.635,0.432,0.323,0.377,0.324,0.304,4.905,0.542,0.246,0.58,0.529,0.942,1.721,0.432,0.635,1.233,0.655,0.593,4.861,37.263,0.61,1.978,2.122,0.736
