atlas-norm,2024mss,82.409208,-61.822589,0.018,nan,60486.16747999983
++++++++++++++++++++++++++++++++++++++++++++++++++++++++++++++++
++++++++++++++++++++++++++++++++++++++++++++++++++++++++++++++++
++++++++++++++++++++++++++++++++++++++++++++++++++++++++++++++++
zp,nan,nan,nan,nan,nan,nan,nan,nan,nan,nan,nan,nan,nan,nan,nan,nan,nan,nan,nan,nan,nan,nan,nan,nan,nan,nan,nan,nan,nan,nan,nan,nan,nan,nan,nan,nan,nan,nan,nan,nan,nan,nan,nan,nan,nan,nan,nan,nan,nan,nan,nan,nan,nan,nan,nan,nan,nan,nan,nan,nan,nan,nan
filter,o,o,o,o,o,o,o,o,o,o,o,o,o,o,o,o,o,o,o,c,c,c,c,o,o,o,o,c,c,c,c,o,o,o,o,c,c,c,c,o,o,o,o,o,o,o,o,o,o,o,o,o,o,o,o,o,o,o,o,o,o,o
mjd,60660.17267,60660.175866,60660.177235,60660.178598,60660.184062,60661.967203,60661.970376,60661.998436,60662.026733,60664.215101,60664.218809,60664.239602,60664.245097,60665.930243,60665.933467,60668.161271,60668.164607,60668.170151,60668.18119,60669.920888,60669.924116,60669.929638,60669.96434,60672.156467,60672.159688,60672.165252,60672.175739,60673.891111,60673.894339,60673.899784,60673.909813,60676.151124,60676.154373,60676.164972,60676.170449,60677.891563,60677.894812,60677.900289,60677.910402,60680.168391,60680.17119,60680.178131,60680.188409,60681.895948,60681.899175,60681.904212,60681.91662,60684.152321,60684.155168,60684.160677,60684.171688,60685.876503,60685.880601,60685.886125,60685.896282,60688.170592,60688.173809,60688.1847,60688.1903,60688.19443,60688.197675,60688.204645
flux,-22.0,41.0,9506.0,27.0,-9.0,32.0,0.0,-26.0,-26.0,17.0,55.0,9.0,-30.0,16.0,21.0,-7.0,19.0,13.0,5.0,3.0,7.0,23.0,-4.0,-3.0,0.0,6.0,-18.0,16.0,12.0,2.0,26.0,22.0,16.0,21.0,15.0,5.0,9.0,14.0,20.0,-2.0,20.0,-11.0,5.0,31.0,-15.0,-5.0,-1.0,-7.0,11.0,-14.0,-13.0,9.0,7.0,34.0,27.0,30.0,-18.0,15.0,29.0,-121.0,-79.0,-175.0
dflux,29.0,47.0,27371.0,38.0,33.0,20.0,18.0,17.0,20.0,18.0,18.0,18.0,16.0,16.0,14.0,15.0,12.0,15.0,13.0,7.0,9.0,10.0,8.0,15.0,20.0,14.0,17.0,10.0,10.0,11.0,10.0,15.0,16.0,11.0,14.0,12.0,9.0,12.0,12.0,16.0,12.0,16.0,16.0,16.0,15.0,17.0,14.0,16.0,20.0,21.0,18.0,23.0,25.0,23.0,22.0,46.0,38.0,79.0,46.0,67.0,92.0,136.0
mag,-20.539,19.86,13.955,20.333,-21.498,20.146,26.044,-20.369,-20.377,20.84,19.544,21.521,-20.227,20.862,20.602,-21.762,20.719,21.114,22.192,22.669,21.802,20.511,-22.374,-22.657,0.0,22.015,-20.794,20.914,21.225,23.117,20.378,20.529,20.877,20.593,20.991,22.078,21.508,21.001,20.664,-23.309,20.663,-21.296,22.109,20.161,-20.954,-22.194,-24.217,-21.844,21.306,-21.05,-21.112,21.484,21.765,20.074,20.307,20.195,-20.791,20.99,20.234,-18.69,-19.158,-18.293
dmag,1.296,1.146,2.879,1.429,3.569,0.639,126.0,0.648,0.771,1.057,0.331,2.068,0.553,0.953,0.667,2.07,0.667,1.161,2.632,2.318,1.306,0.46,1.852,4.875,20.657,2.514,0.979,0.612,0.838,5.231,0.378,0.669,0.983,0.515,0.991,2.258,1.016,0.796,0.626,9.308,0.629,1.433,3.091,0.518,1.013,3.444,19.0,2.345,1.792,1.535,1.345,2.491,3.447,0.675,0.807,1.509,2.143,5.407,1.572,0.553,1.173,0.779
