atlas-norm,2024abga,153.0405794,15.6500526,0.071,nan,60626.60939999996
++++++++++++++++++++++++++++++++++++++++++++++++++++++++++++++++
++++++++++++++++++++++++++++++++++++++++++++++++++++++++++++++++
++++++++++++++++++++++++++++++++++++++++++++++++++++++++++++++++
zp,nan,nan,nan,nan,nan,nan,nan,nan,nan,nan,nan,nan,nan,nan,nan,nan,nan,nan,nan,nan,nan,nan,nan,nan,nan,nan,nan,nan,nan,nan,nan,nan,nan,nan,nan,nan,nan,nan,nan,nan,nan,nan,nan,nan,nan,nan,nan,nan,nan,nan,nan,nan,nan,nan,nan,nan,nan,nan,nan,nan,nan,nan,nan,nan,nan,nan,nan,nan,nan,nan,nan,nan,nan,nan,nan,nan,nan,nan,nan,nan,nan,nan,nan,nan,nan,nan,nan,nan,nan,nan,nan,nan,nan,nan,nan,nan,nan,nan,nan,nan,nan,nan,nan,nan,nan,nan,nan,nan
filter,o,o,o,o,o,o,o,o,o,o,o,o,o,o,o,o,o,o,o,o,o,o,o,o,o,o,o,o,o,o,o,o,o,o,o,o,o,o,o,o,o,o,o,o,o,o,o,o,o,o,o,o,o,o,o,o,o,o,o,o,o,o,o,o,o,o,o,o,o,o,o,o,o,c,c,c,c,o,o,o,o,o,o,o,o,o,o,o,o,o,o,o,o,c,c,c,c,o,o,o,o,o,o,o,o,o,o,o
mjd,60656.508319,60656.51164,60656.516315,60656.521424,60658.545869,60658.547695,60658.550462,60658.555504,60659.295668,60659.298839,60659.304302,60659.315254,60659.530627,60659.532994,60659.538987,60659.544087,60660.491387,60660.510621,60660.523321,60660.538525,60660.542208,60660.545378,60660.555866,60661.054203,60661.066988,60661.070159,60661.088964,60661.09489,60666.535522,60666.538353,60666.543889,60666.549328,60667.536704,60667.540556,60667.544307,60667.549978,60668.533394,60668.536199,60668.553363,60668.554386,60668.555621,60668.557144,60668.561954,60668.570114,60669.077081,60669.081154,60669.086153,60669.098224,60670.525263,60670.52708,60670.534618,60670.539735,60673.518734,60673.521522,60673.525139,60673.53058,60674.507756,60674.510554,60674.514481,60674.529522,60674.530878,60674.533728,60674.53693,60675.517502,60675.520826,60675.524516,60675.526231,60675.528059,60675.559942,60676.525216,60676.527614,60676.554323,60676.574027,60676.98977,60676.991574,60676.994738,60677.00017,60678.520465,60678.523333,60678.526505,60678.531946,60679.520204,60679.522073,60679.524888,60679.530418,60680.47273,60680.497129,60680.498947,60680.501227,60680.503629,60680.506041,60680.506622,60680.512191,60681.076689,60681.079851,60681.085324,60681.089879,60682.504719,60682.507896,60682.511225,60682.51641,60683.27106,60683.272871,60683.276049,60683.281932,60684.487322,60684.489698,60684.493229
flux,19.0,143.0,1.0,69.0,107.0,63.0,81.0,30.0,54.0,177.0,-103.0,43.0,63.0,-10.0,109.0,126.0,-30.0,58.0,122.0,41.0,2.0,30.0,103.0,35.0,-28.0,47.0,3.0,-31.0,14.0,-13.0,51.0,-13.0,28.0,32.0,81.0,27.0,85.0,67.0,-14.0,26.0,19.0,65.0,47.0,71.0,73.0,61.0,75.0,95.0,5.0,79.0,35.0,41.0,71.0,4.0,47.0,44.0,74.0,52.0,-32.0,90.0,117.0,52.0,11.0,82.0,77.0,75.0,102.0,90.0,55.0,37.0,58.0,24.0,64.0,56.0,46.0,2.0,-12.0,63.0,69.0,27.0,70.0,27.0,24.0,53.0,57.0,38.0,39.0,56.0,111.0,29.0,87.0,72.0,66.0,-46.0,9.0,-24.0,8.0,27.0,87.0,14.0,77.0,47.0,-43.0,47.0,109.0,57.0,84.0,96.0
dflux,75.0,54.0,49.0,26.0,19.0,20.0,19.0,19.0,43.0,46.0,73.0,86.0,48.0,203.0,57.0,100.0,45.0,34.0,30.0,20.0,24.0,21.0,21.0,42.0,41.0,37.0,43.0,36.0,19.0,14.0,16.0,17.0,14.0,18.0,18.0,19.0,16.0,14.0,14.0,12.0,11.0,11.0,11.0,13.0,21.0,22.0,24.0,34.0,10.0,11.0,10.0,12.0,12.0,14.0,12.0,13.0,13.0,11.0,12.0,13.0,13.0,12.0,17.0,10.0,12.0,10.0,9.0,8.0,10.0,11.0,11.0,10.0,10.0,14.0,10.0,11.0,10.0,12.0,12.0,11.0,13.0,8.0,12.0,12.0,11.0,10.0,14.0,16.0,14.0,17.0,12.0,16.0,11.0,11.0,12.0,13.0,12.0,10.0,11.0,11.0,10.0,19.0,16.0,15.0,14.0,14.0,13.0,14.0
mag,20.717,18.511,24.271,19.308,18.83,19.394,19.132,20.211,19.558,18.279,-18.869,19.822,19.407,-21.398,18.808,18.646,-20.196,19.486,18.68,19.86,23.417,20.222,18.865,20.041,-20.296,19.719,22.852,-20.165,21.002,-21.088,19.635,-21.14,20.275,20.123,19.127,20.329,19.074,19.334,-21.007,20.362,20.693,19.367,19.72,19.269,19.24,19.444,19.21,18.955,22.217,19.156,20.046,19.879,19.272,22.375,19.73,19.791,19.22,19.599,-20.119,19.012,18.732,19.614,21.272,19.108,19.184,19.219,18.88,19.017,19.551,19.969,19.501,20.454,19.39,19.527,19.754,23.44,-21.205,19.4,19.299,20.329,19.28,20.337,20.463,19.597,19.517,19.944,19.918,19.533,18.786,20.248,19.054,19.263,19.347,-19.734,21.522,-20.452,21.683,20.325,19.049,21.029,19.18,19.724,-19.821,19.723,18.809,19.51,19.085,18.941
dmag,4.017,0.381,68.5,0.381,0.182,0.319,0.231,0.636,0.796,0.257,0.713,2.012,0.764,20.292,0.524,0.794,1.477,0.58,0.246,0.497,15.067,0.718,0.2,1.189,1.479,0.785,16.533,1.154,1.294,1.065,0.317,1.32,0.488,0.545,0.227,0.714,0.181,0.206,0.95,0.455,0.597,0.172,0.232,0.186,0.29,0.362,0.325,0.363,2.179,0.144,0.302,0.301,0.168,3.515,0.251,0.298,0.172,0.214,0.352,0.142,0.115,0.222,1.538,0.12,0.162,0.128,0.084,0.094,0.19,0.289,0.188,0.401,0.152,0.248,0.222,7.0,0.845,0.186,0.172,0.417,0.188,0.32,0.49,0.218,0.189,0.269,0.346,0.277,0.128,0.585,0.138,0.223,0.165,0.244,1.315,0.546,1.533,0.385,0.122,0.79,0.132,0.408,0.384,0.319,0.133,0.252,0.15,0.14
