atlas-norm,2024fsf,96.734205,-63.10561,0.0746,nan,60405.030660000164
++++++++++++++++++++++++++++++++++++++++++++++++++++++++++++++++
++++++++++++++++++++++++++++++++++++++++++++++++++++++++++++++++
++++++++++++++++++++++++++++++++++++++++++++++++++++++++++++++++
zp,nan,nan,nan,nan,nan,nan,nan,nan,nan,nan,nan,nan,nan,nan,nan,nan,nan,nan,nan,nan,nan,nan,nan,nan,nan,nan,nan,nan,nan,nan,nan,nan,nan,nan,nan,nan,nan,nan,nan,nan,nan,nan,nan,nan,nan,nan,nan,nan,nan,nan,nan,nan,nan,nan
filter,o,o,o,o,o,o,o,o,o,o,o,o,o,o,o,o,c,c,c,c,o,o,o,o,c,c,c,c,o,o,o,o,c,c,c,c,o,o,o,o,c,c,c,o,o,o,o,o,o,o,o,o,o,o
mjd,60660.20681,60660.210471,60660.215971,60660.229501,60661.945024,60661.948192,60661.953654,60661.959139,60664.198734,60664.200574,60664.203379,60664.224815,60668.195307,60668.198099,60668.231342,60668.237701,60669.969339,60669.972557,60669.979025,60669.99223,60672.223853,60672.227102,60672.259107,60672.267072,60673.918027,60673.920807,60673.92356,60673.928621,60676.17687,60676.182875,60676.211731,60676.21491,60677.919069,60677.949417,60677.952604,60677.958075,60680.167916,60680.170715,60680.177663,60680.187476,60681.927496,60681.930702,60681.936226,60684.162511,60684.165701,60684.171227,60684.206815,60685.916364,60685.922385,60685.925643,60685.957649,60688.226772,60688.229966,60688.242062
flux,19.0,-28.0,24.0,-19.0,5.0,-5.0,-2.0,-32.0,-16.0,0.0,4.0,-22.0,28.0,3.0,4.0,-3.0,8.0,-21.0,2.0,7.0,-8.0,-3.0,-9.0,-4.0,0.0,0.0,-10.0,8.0,0.0,9.0,-1.0,-4.0,-7.0,0.0,-3.0,-8.0,-3.0,8.0,-1.0,-12.0,-2.0,-22.0,-6.0,23.0,0.0,-19.0,22.0,-17.0,-1.0,-11.0,-3.0,39.0,-19.0,-61.0
dflux,20.0,27.0,28.0,30.0,18.0,16.0,16.0,18.0,17.0,17.0,16.0,15.0,15.0,14.0,14.0,17.0,8.0,8.0,6.0,9.0,13.0,12.0,14.0,12.0,9.0,9.0,10.0,9.0,14.0,12.0,15.0,16.0,10.0,11.0,9.0,12.0,12.0,14.0,14.0,14.0,9.0,11.0,12.0,19.0,19.0,19.0,18.0,17.0,15.0,17.0,14.0,42.0,57.0,59.0
mag,20.68,-20.283,20.466,-20.695,22.085,-22.096,-22.904,-20.123,-20.899,-24.759,22.449,-20.522,20.291,22.591,22.273,-22.848,21.644,-20.572,23.283,21.773,-21.587,-22.641,-21.539,-22.386,-25.925,24.788,-21.361,21.698,26.064,21.512,-24.22,-22.273,-21.742,25.774,-22.561,-21.706,-22.622,21.601,-23.886,-21.19,-23.028,-20.553,-21.876,20.506,0.0,-20.688,20.519,-20.842,-24.133,-21.272,-22.856,19.927,-20.711,-19.441
dmag,1.014,0.958,1.165,1.581,3.385,3.0,6.421,0.555,1.058,37.667,4.333,0.663,0.544,4.053,3.043,6.615,1.052,0.373,3.692,1.224,1.585,3.926,1.632,3.074,58.0,21.333,0.942,1.22,100.0,1.364,20.6,3.613,1.318,62.0,2.556,1.618,3.762,1.625,13.714,1.161,4.143,0.5,1.778,0.825,20.704,0.979,0.782,1.0,19.0,1.537,5.15,1.092,3.032,0.963
