atlas-norm,2024sol,12.27745,-31.082314,0.05,nan,60545.26501000021
++++++++++++++++++++++++++++++++++++++++++++++++++++++++++++++++
++++++++++++++++++++++++++++++++++++++++++++++++++++++++++++++++
++++++++++++++++++++++++++++++++++++++++++++++++++++++++++++++++
zp,nan,nan,nan,nan,nan,nan,nan,nan,nan,nan,nan,nan,nan,nan,nan,nan,nan,nan,nan,nan,nan,nan,nan,nan,nan,nan,nan,nan,nan,nan,nan,nan,nan,nan,nan,nan,nan,nan,nan,nan,nan,nan,nan,nan,nan,nan,nan,nan,nan,nan,nan,nan,nan,nan,nan,nan,nan,nan,nan,nan,nan,nan,nan,nan,nan,nan,nan,nan,nan,nan,nan,nan,nan,nan,nan,nan,nan,nan,nan,nan,nan,nan,nan,nan,nan,nan,nan,nan,nan,nan,nan,nan,nan,nan,nan,nan,nan,nan,nan,nan,nan,nan,nan,nan,nan,nan,nan,nan,nan,nan,nan,nan,nan,nan,nan,nan,nan,nan,nan,nan,nan,nan,nan,nan,nan
filter,o,o,o,o,o,o,o,o,o,o,o,o,o,o,o,o,o,o,o,o,o,o,o,o,o,o,c,c,c,c,c,c,c,c,o,o,o,o,o,o,o,o,o,c,c,c,c,c,c,o,o,o,o,o,o,o,o,o,o,o,o,c,c,c,c,o,o,o,o,o,o,o,o,c,c,c,c,o,o,o,o,o,o,o,o,o,o,o,o,o,o,o,o,o,o,o,o,o,o,o,o,o,o,o,o,o,o,o,o,o,o,o,o,o,o,o,o,o,o,o,o,o,o,o,o
mjd,60661.073437,60661.076295,60661.081871,60661.09217,60662.089824,60662.093066,60662.098831,60662.109016,60662.826342,60662.829549,60662.835554,60662.846545,60663.911077,60663.913844,60663.936713,60663.945784,60665.06855,60665.069,60665.07185,60665.077038,60665.078414,60665.088378,60666.075073,60666.077937,60666.08369,60666.094421,60666.836133,60666.839769,60666.846638,60666.856871,60667.819606,60667.822877,60667.828042,60667.840077,60669.0662,60669.070012,60669.075667,60669.087094,60669.090346,60670.040231,60670.043477,60670.049027,60670.060472,60670.802549,60670.813473,60671.797719,60671.800878,60671.806351,60671.816401,60673.048677,60673.051867,60673.057571,60673.06737,60674.064695,60674.068349,60674.072013,60674.073497,60674.074939,60674.080203,60674.084996,60674.091968,60675.813387,60675.816629,60675.823515,60675.833585,60677.034593,60677.037779,60677.043254,60677.063184,60678.03509,60678.038265,60678.044745,60678.054953,60678.7858,60678.788958,60678.7953,60678.805843,60679.79538,60679.80552,60679.805971,60679.813115,60681.07408,60681.077273,60681.083848,60681.089489,60681.093275,60681.096583,60681.114557,60681.12016,60682.062486,60682.063879,60682.065343,60682.067614,60682.074025,60682.084649,60682.086043,60682.090059,60682.805857,60682.806308,60682.809081,60682.809536,60682.815015,60682.815465,60682.824811,60682.825261,60683.799329,60683.802068,60683.807962,60683.817598,60685.054337,60685.057188,60685.062333,60685.073214,60686.054674,60686.057913,60686.063527,60686.07345,60686.805337,60686.809154,60686.814629,60686.834939,60687.798721,60687.801886,60687.807912,60687.817949
flux,35.0,14.0,26.0,-18.0,9.0,19.0,29.0,-10.0,8.0,8.0,6.0,21.0,8.0,-20.0,69.0,28.0,-20.0,12.0,24.0,42.0,26.0,5.0,20.0,3.0,14.0,11.0,9.0,14.0,22.0,17.0,17.0,23.0,14.0,22.0,6.0,23.0,-13.0,17.0,20.0,-5.0,0.0,35.0,10.0,1.0,21.0,32.0,17.0,33.0,26.0,16.0,25.0,-16.0,37.0,-11.0,18.0,-15.0,20.0,32.0,2.0,-8.0,0.0,0.0,25.0,24.0,3.0,-38.0,57.0,-8.0,-3.0,16.0,-6.0,-20.0,17.0,49.0,50.0,18.0,37.0,48.0,36.0,-22.0,-136.0,32.0,25.0,47.0,-6.0,43.0,-12.0,38.0,0.0,16.0,43.0,6.0,27.0,-6.0,-7.0,42.0,1.0,-3.0,78.0,-29.0,-22.0,0.0,29.0,-24.0,114.0,-2.0,-6.0,14.0,28.0,11.0,1.0,22.0,-26.0,-18.0,13.0,9.0,-1.0,27.0,18.0,8.0,36.0,-36.0,26.0,-106.0,-81.0
dflux,15.0,19.0,20.0,19.0,16.0,16.0,16.0,17.0,14.0,12.0,13.0,13.0,20.0,21.0,26.0,33.0,30.0,14.0,13.0,22.0,14.0,13.0,18.0,17.0,14.0,14.0,10.0,10.0,9.0,10.0,11.0,11.0,12.0,11.0,14.0,12.0,17.0,14.0,23.0,16.0,13.0,13.0,12.0,35.0,10.0,11.0,10.0,12.0,12.0,14.0,12.0,10.0,10.0,22.0,26.0,12.0,19.0,14.0,14.0,23.0,12.0,11.0,10.0,10.0,10.0,76.0,39.0,25.0,20.0,39.0,35.0,15.0,14.0,26.0,24.0,14.0,11.0,42.0,27.0,23.0,172.0,25.0,23.0,22.0,26.0,21.0,24.0,38.0,23.0,26.0,28.0,28.0,23.0,23.0,29.0,31.0,27.0,27.0,33.0,27.0,30.0,22.0,31.0,24.0,32.0,23.0,18.0,17.0,19.0,22.0,21.0,23.0,21.0,20.0,24.0,24.0,19.0,25.0,26.0,22.0,23.0,40.0,30.0,58.0,32.0
mag,20.052,21.052,20.36,-20.766,21.478,20.716,20.238,-21.388,21.613,21.59,21.875,20.594,21.576,-20.625,19.299,20.263,-20.627,21.162,20.47,19.834,20.35,22.215,20.653,22.873,20.997,21.333,21.513,21.034,20.526,20.829,20.848,20.477,21.078,20.54,21.894,20.497,-21.14,20.803,20.649,-22.1,0.0,20.046,21.432,24.3,20.585,20.151,20.803,20.113,20.346,20.859,20.421,-20.906,19.99,-21.255,20.757,-20.939,20.67,20.129,22.966,-21.631,24.711,-25.252,20.414,20.44,22.741,-19.935,19.506,-21.66,-22.658,20.916,-21.912,-20.649,20.837,19.68,19.648,20.739,19.981,19.701,20.008,-20.518,-18.57,20.139,20.396,19.721,-21.999,19.82,-21.25,19.95,25.104,20.908,19.806,21.964,20.332,-21.876,-21.783,19.83,23.689,-22.738,19.163,-20.255,-20.519,-25.655,20.26,-20.44,18.759,-22.972,-21.879,21.048,20.268,21.268,23.902,20.57,-20.381,-20.785,21.113,21.518,-24.376,20.323,20.733,21.618,20.021,-20.01,20.363,-18.834,-19.13
dmag,0.427,1.371,0.754,1.048,1.719,0.833,0.562,1.705,1.769,1.45,2.0,0.629,2.291,1.03,0.371,1.148,1.459,1.139,0.549,0.521,0.541,2.8,0.892,6.562,0.969,1.342,1.17,0.675,0.403,0.575,0.658,0.48,0.885,0.511,2.26,0.525,1.34,0.776,1.167,3.022,21.135,0.366,1.213,51.0,0.462,0.358,0.571,0.354,0.442,0.869,0.5,0.626,0.279,1.962,1.422,0.802,0.967,0.434,5.933,2.838,26.0,37.0,0.414,0.415,3.316,1.986,0.674,3.233,6.462,2.49,5.675,0.772,0.85,0.53,0.476,0.75,0.29,0.885,0.756,1.028,1.27,0.791,0.921,0.48,4.5,0.48,2.079,1.004,68.5,1.662,0.649,4.697,0.863,3.583,4.176,0.725,22.2,9.167,0.425,0.94,1.31,112.0,1.1,1.0,0.284,9.667,2.756,1.207,0.679,1.95,21.125,1.076,0.824,1.153,1.847,2.642,29.8,0.915,1.415,2.717,0.652,1.107,1.14,0.551,0.397
