atlas-norm,2024hpw,128.354787,63.3391273,0.054,nan,60431.24582999991
++++++++++++++++++++++++++++++++++++++++++++++++++++++++++++++++
++++++++++++++++++++++++++++++++++++++++++++++++++++++++++++++++
++++++++++++++++++++++++++++++++++++++++++++++++++++++++++++++++
zp,nan,nan,nan,nan,nan,nan,nan,nan,nan,nan,nan,nan,nan,nan,nan,nan,nan,nan,nan,nan,nan,nan,nan,nan,nan,nan,nan,nan,nan,nan,nan,nan,nan,nan,nan,nan,nan,nan,nan,nan,nan,nan,nan,nan,nan,nan,nan,nan,nan,nan,nan,nan,nan,nan,nan,nan
filter,o,o,o,o,o,o,o,o,o,o,o,o,o,o,o,o,o,o,o,o,o,o,o,o,o,o,o,o,o,o,o,o,o,o,o,o,o,o,o,o,o,o,o,o,o,o,o,o,o,o,o,o,o,o,o,o
mjd,60659.452577,60659.454422,60659.457161,60659.477504,60663.49519,60663.498383,60663.504807,60663.512141,60665.47529,60665.47713,60665.479908,60665.502151,60667.492934,60667.494767,60667.497499,60667.50253,60671.492217,60671.494034,60671.516547,60671.519302,60673.476342,60673.483845,60673.486592,60673.492699,60677.481299,60677.483132,60677.485929,60677.500295,60679.472833,60679.474708,60679.477894,60679.489798,60681.357,60681.358839,60681.393085,60681.399583,60681.448856,60681.452096,60681.454872,60681.48812,60681.488577,60683.428795,60683.430757,60683.433945,60683.436208,60683.458458,60683.459819,60683.462126,60683.464862,60685.440751,60685.442583,60685.447199,60685.463792,60687.503352,60687.508034,60687.541111
flux,-131.0,59.0,58.0,104.0,4.0,-19.0,-24.0,4.0,1.0,-6.0,-12.0,-9.0,0.0,9.0,15.0,-7.0,9.0,-4.0,10.0,-16.0,1.0,9.0,-3.0,25.0,-7.0,23.0,-2.0,-2.0,-447.0,3.0,17.0,-12.0,3.0,1.0,-1.0,-2.0,1.0,-1.0,5.0,6.0,-7.0,1.0,22.0,6.0,-26.0,13.0,10.0,6.0,6.0,-26.0,18.0,36.0,29.0,40.0,108.0,18.0
dflux,155.0,136.0,103.0,70.0,17.0,18.0,18.0,16.0,14.0,15.0,16.0,15.0,14.0,14.0,13.0,14.0,10.0,11.0,12.0,10.0,12.0,13.0,12.0,12.0,12.0,14.0,12.0,12.0,204.0,23.0,24.0,14.0,15.0,14.0,14.0,13.0,10.0,9.0,10.0,12.0,10.0,19.0,18.0,18.0,19.0,25.0,15.0,18.0,16.0,19.0,20.0,19.0,20.0,57.0,59.0,70.0
mag,-18.609,19.473,19.491,18.855,22.53,-20.681,-20.453,22.395,24.019,-22.028,-21.233,-21.54,-24.616,21.48,20.934,-21.753,21.486,-22.319,21.352,-20.915,24.515,21.467,-22.745,20.396,-21.811,20.502,-23.298,-23.092,-17.275,22.878,20.831,-21.163,22.766,23.903,-24.534,-23.05,23.983,-24.301,22.085,21.918,-21.844,23.915,20.553,22.006,-20.358,21.121,21.401,21.932,22.045,-20.351,20.794,20.009,20.231,19.882,18.813,20.792
dmag,1.189,2.305,1.768,0.676,4.857,0.955,0.757,3.893,15.5,2.61,1.355,1.75,26.5,1.549,0.873,1.938,1.039,2.6,1.103,0.643,21.25,1.411,4.05,0.475,1.75,0.59,6.8,5.833,0.457,9.083,1.434,1.128,5.35,14.0,26.0,6.059,11.375,13.0,1.848,1.917,1.551,18.857,0.809,3.075,0.74,1.941,1.512,2.915,2.875,0.708,1.154,0.537,0.685,1.4,0.542,4.012
