atlas-norm,2022acyu,168.610343968,-7.26540922542,0.047257043421268,nan,59928.535209999885
++++++++++++++++++++++++++++++++++++++++++++++++++++++++++++++++
++++++++++++++++++++++++++++++++++++++++++++++++++++++++++++++++
++++++++++++++++++++++++++++++++++++++++++++++++++++++++++++++++
zp,nan,nan,nan,nan,nan,nan,nan,nan,nan,nan,nan,nan,nan,nan,nan,nan,nan,nan,nan,nan,nan,nan,nan,nan,nan,nan,nan,nan,nan,nan,nan,nan,nan,nan,nan,nan,nan,nan,nan,nan,nan,nan,nan,nan,nan,nan,nan,nan,nan,nan,nan,nan,nan,nan,nan,nan,nan,nan,nan,nan,nan,nan,nan,nan,nan,nan,nan,nan,nan,nan,nan,nan,nan,nan,nan,nan,nan,nan,nan,nan,nan,nan,nan,nan,nan,nan,nan,nan,nan,nan,nan,nan,nan,nan,nan,nan,nan
filter,o,o,o,o,o,o,o,o,o,o,o,o,o,o,o,o,o,o,o,o,o,o,o,o,o,o,o,o,o,o,o,o,o,o,o,o,o,o,o,o,o,o,o,o,o,o,o,o,o,o,o,o,o,o,o,o,o,o,o,o,o,c,c,c,c,o,o,o,o,o,o,o,o,o,o,o,o,o,o,o,o,o,o,o,o,o,o,o,o,o,c,c,c,c,o,o,o
mjd,60659.331134,60659.335208,60659.33656,60659.34162,60659.342971,60659.348426,60659.351584,60659.356604,60660.557674,60660.559935,60660.566775,60660.579967,60661.058325,60661.061955,60661.083365,60661.09077,60662.625255,60662.627124,60662.648728,60662.655575,60664.562849,60664.564657,60664.596513,60664.612606,60667.286923,60667.289742,60667.294894,60667.316344,60668.600933,60668.603455,60668.60664,60668.612097,60668.670531,60669.072091,60669.076156,60669.083875,60669.089342,60669.314551,60669.317813,60669.324277,60671.320071,60671.323229,60671.329179,60671.345127,60671.356848,60672.550858,60672.553703,60672.55777,60672.573773,60674.594607,60674.596434,60674.605887,60674.610944,60675.320992,60675.325019,60675.346014,60675.36055,60676.645593,60676.649722,60676.658564,60676.672451,60677.013316,60677.016482,60677.021926,60677.033729,60678.579957,60678.581784,60678.58453,60678.600349,60679.304387,60679.311269,60679.322843,60679.32648,60679.343432,60680.523796,60680.525605,60680.535609,60680.540592,60680.546957,60680.550123,60680.552942,60680.558274,60683.288367,60683.290173,60683.296502,60683.303756,60684.541411,60684.543221,60684.561412,60684.570515,60685.050566,60685.053738,60685.05647,60685.066931,60687.277277,60687.279122,60687.282291
flux,-2140.0,-68.0,344.0,-27.0,-101.0,-44.0,-36.0,13.0,-4.0,-11.0,-60.0,4.0,-60.0,-45.0,-4.0,17.0,36.0,47.0,14.0,16.0,9.0,-18.0,32.0,18.0,56.0,-7.0,15.0,16.0,6.0,-4.0,-4.0,-9.0,78.0,-20.0,-21.0,-16.0,-21.0,29.0,2.0,-8.0,-2.0,-6.0,-26.0,-5.0,12.0,-8.0,-7.0,14.0,-2.0,-12.0,-6.0,-5.0,4.0,-16.0,-10.0,-7.0,41.0,-7.0,7.0,2.0,30.0,2.0,-4.0,4.0,-14.0,-1.0,1.0,2.0,-9.0,6.0,6.0,4.0,4.0,3.0,10.0,-11.0,-2.0,10.0,10.0,6.0,296.0,-21.0,0.0,13.0,1.0,225.0,12.0,-31.0,-27.0,7.0,10.0,1.0,-13.0,0.0,60.0,98.0,6.0
dflux,1200.0,84.0,242.0,46.0,79.0,34.0,57.0,42.0,26.0,23.0,22.0,25.0,25.0,24.0,26.0,24.0,19.0,21.0,17.0,23.0,26.0,23.0,22.0,23.0,38.0,33.0,30.0,26.0,14.0,13.0,13.0,12.0,43.0,16.0,18.0,19.0,20.0,16.0,19.0,12.0,14.0,15.0,18.0,19.0,24.0,12.0,14.0,14.0,14.0,10.0,10.0,11.0,12.0,13.0,15.0,12.0,19.0,12.0,12.0,10.0,27.0,10.0,10.0,9.0,11.0,11.0,12.0,12.0,10.0,32.0,19.0,14.0,13.0,18.0,12.0,16.0,15.0,14.0,15.0,13.0,28.0,23.0,12.0,11.0,10.0,16.0,34.0,17.0,22.0,19.0,11.0,13.0,11.0,10.0,146.0,97.0,229.0
mag,-15.574,-19.319,17.56,-20.334,-18.886,-19.784,-20.006,21.098,-22.48,-21.312,-19.446,22.349,-19.45,-19.775,-22.483,20.801,20.013,19.711,20.997,20.919,21.549,-20.775,20.145,20.794,19.535,-21.849,20.961,20.924,21.935,-22.423,-22.552,-21.57,19.173,-20.662,-20.606,-20.917,-20.603,20.242,22.931,-21.578,-23.368,-21.92,-20.37,-22.236,21.231,-21.656,-21.753,21.046,-23.182,-21.171,-22.009,-22.195,22.38,-20.865,-21.458,-21.828,19.859,-21.739,21.725,23.242,20.194,22.888,-22.287,22.31,-21.005,-23.509,24.242,23.061,-21.507,21.91,22.019,22.285,22.468,22.828,21.453,-21.254,-22.987,21.407,21.359,21.868,17.721,-20.601,25.406,21.147,23.957,18.018,21.178,-20.179,-20.339,21.797,21.458,23.583,-21.107,25.741,19.453,18.925,22.047
dmag,0.561,1.229,0.705,1.709,0.776,0.77,1.579,3.207,7.161,2.156,0.366,5.967,0.422,0.534,7.074,1.406,0.523,0.437,1.167,1.505,3.0,1.268,0.691,1.326,0.69,4.926,1.975,1.701,2.34,3.333,3.714,1.417,0.548,0.813,0.879,1.19,0.966,0.556,7.778,1.439,8.889,2.394,0.686,4.04,2.029,1.58,1.917,1.0,7.077,0.854,1.767,2.359,2.839,0.791,1.609,1.824,0.47,1.593,1.619,5.312,0.881,3.75,2.333,2.172,0.795,7.583,17.0,5.563,1.147,5.161,3.389,3.167,3.423,6.611,1.308,1.442,6.278,1.359,1.452,2.036,0.095,1.082,50.0,0.844,11.0,0.07,2.733,0.565,0.824,2.675,1.18,9.857,0.848,57.0,2.431,0.991,41.6
