atlas-norm,2024afze,173.37525,18.5043,0.04,nan,60674.56991000008
++++++++++++++++++++++++++++++++++++++++++++++++++++++++++++++++
++++++++++++++++++++++++++++++++++++++++++++++++++++++++++++++++
++++++++++++++++++++++++++++++++++++++++++++++++++++++++++++++++
zp,nan,nan,nan,nan,nan,nan,nan,nan,nan,nan,nan,nan,nan,nan,nan,nan,nan,nan,nan,nan,nan,nan,nan,nan,nan,nan,nan,nan,nan,nan,nan,nan,nan,nan,nan,nan,nan,nan,nan,nan,nan,nan,nan,nan,nan,nan,nan,nan,nan,nan,nan,nan,nan,nan,nan,nan,nan,nan,nan,nan,nan,nan,nan,nan,nan,nan,nan,nan,nan,nan,nan,nan,nan,nan,nan,nan,nan,nan,nan,nan,nan,nan,nan,nan,nan,nan,nan
filter,o,o,o,o,o,o,o,o,o,o,o,o,o,o,o,o,o,o,o,o,o,o,o,o,o,o,o,o,o,o,o,o,o,o,o,o,o,o,o,o,o,o,o,o,o,o,o,o,o,o,o,o,o,o,o,o,o,o,o,o,o,o,o,o,o,o,o,o,o,o,o,o,o,o,o,o,o,o,o,o,o,o,o,o,o,o,o
mjd,60656.526486,60656.529744,60656.534845,60656.545678,60659.54268,60659.545468,60659.550567,60659.555679,60661.502244,60661.50543,60661.52534,60661.534451,60662.582983,60662.584795,60662.587979,60662.597792,60666.589079,60666.592339,60666.595531,60666.605112,60667.581975,60667.585255,60667.591506,60667.596698,60668.580123,60668.583482,60668.586558,60668.59308,60668.609809,60668.611628,60668.616636,60668.64093,60669.568237,60669.570985,60669.573739,60669.57885,60670.561186,60670.563906,60670.567087,60670.574889,60673.553405,60673.556588,60673.56022,60673.570291,60674.568085,60674.56991,60674.574798,60674.580004,60675.570262,60675.57315,60675.609586,60675.623171,60676.558749,60676.560576,60676.563319,60676.568486,60677.547616,60677.549911,60677.553084,60677.558123,60678.555221,60678.557033,60678.560227,60678.569464,60679.326018,60679.344788,60679.350285,60679.361237,60679.556122,60679.558016,60679.560922,60679.565982,60680.517006,60680.519776,60680.522997,60680.547579,60681.52041,60681.5236,60681.530974,60681.53968,60682.544076,60682.547684,60682.550703,60682.556137,60684.509649,60684.512396,60684.516077
flux,-176.0,-7.0,71.0,0.0,-3.0,-56.0,-42.0,-15.0,-73.0,-17.0,-26.0,-12.0,-27.0,-23.0,-59.0,-28.0,-22.0,9.0,-34.0,-31.0,-9.0,-28.0,-57.0,-19.0,13.0,-62.0,-10.0,-33.0,-8.0,35.0,29.0,-25.0,13.0,-10.0,-37.0,-15.0,21.0,-82.0,10.0,34.0,81.0,78.0,55.0,48.0,110.0,117.0,121.0,158.0,130.0,171.0,135.0,134.0,213.0,202.0,178.0,147.0,230.0,132.0,205.0,208.0,284.0,221.0,244.0,275.0,259.0,226.0,283.0,329.0,256.0,282.0,269.0,282.0,280.0,280.0,318.0,267.0,323.0,302.0,322.0,321.0,316.0,329.0,312.0,304.0,321.0,319.0,325.0
dflux,66.0,38.0,31.0,17.0,67.0,84.0,55.0,34.0,26.0,22.0,23.0,22.0,18.0,16.0,17.0,18.0,14.0,12.0,14.0,15.0,14.0,15.0,18.0,13.0,13.0,14.0,16.0,15.0,11.0,13.0,13.0,13.0,14.0,12.0,14.0,12.0,14.0,11.0,14.0,14.0,14.0,14.0,14.0,12.0,10.0,10.0,11.0,10.0,14.0,12.0,9.0,10.0,11.0,10.0,12.0,10.0,14.0,13.0,14.0,14.0,12.0,13.0,13.0,12.0,18.0,14.0,15.0,24.0,16.0,13.0,13.0,12.0,12.0,12.0,13.0,18.0,12.0,13.0,13.0,12.0,13.0,12.0,13.0,12.0,18.0,16.0,18.0
mag,-18.286,-21.852,19.272,25.213,-22.871,-19.526,-19.832,-20.931,-19.241,-20.815,-20.372,-21.169,-20.335,-20.493,-19.468,-20.29,-20.553,21.556,-20.083,-20.162,-21.549,-20.289,-19.504,-20.695,21.125,-19.42,-21.442,-20.103,-21.712,20.038,20.235,-20.394,21.118,-21.389,-19.968,-20.939,20.59,-19.114,21.461,20.083,19.126,19.174,19.542,19.69,18.802,18.727,18.691,18.406,18.612,18.316,18.572,18.581,18.08,18.135,18.272,18.479,17.995,18.597,18.122,18.104,17.767,18.039,17.932,17.803,17.868,18.014,17.772,17.606,17.881,17.774,17.827,17.774,17.781,17.782,17.643,17.835,17.626,17.698,17.629,17.635,17.652,17.607,17.664,17.693,17.634,17.64,17.619
dmag,0.376,5.815,0.441,58.0,25.846,1.502,1.289,2.226,0.354,1.258,0.897,1.757,0.678,0.714,0.293,0.629,0.654,1.432,0.408,0.492,1.565,0.53,0.311,0.679,1.032,0.229,1.614,0.453,1.492,0.366,0.433,0.5,1.119,1.227,0.385,0.815,0.64,0.132,1.513,0.402,0.168,0.182,0.248,0.255,0.091,0.09,0.088,0.065,0.105,0.072,0.068,0.074,0.052,0.052,0.067,0.07,0.063,0.101,0.066,0.066,0.041,0.057,0.052,0.044,0.07,0.063,0.055,0.072,0.061,0.047,0.049,0.044,0.043,0.044,0.04,0.067,0.039,0.044,0.041,0.036,0.04,0.037,0.042,0.04,0.057,0.05,0.054
