atlas-norm,2024uqc,84.205708,-27.008939,0.05,nan,60555.10595999984
++++++++++++++++++++++++++++++++++++++++++++++++++++++++++++++++
++++++++++++++++++++++++++++++++++++++++++++++++++++++++++++++++
++++++++++++++++++++++++++++++++++++++++++++++++++++++++++++++++
zp,nan,nan,nan,nan,nan,nan,nan,nan,nan,nan,nan,nan,nan,nan,nan,nan,nan,nan,nan,nan,nan,nan,nan,nan,nan,nan,nan,nan,nan,nan,nan,nan,nan,nan,nan,nan,nan,nan,nan,nan,nan,nan,nan,nan,nan,nan,nan,nan,nan,nan,nan,nan,nan,nan,nan,nan,nan,nan,nan,nan,nan,nan,nan,nan,nan,nan,nan,nan,nan,nan,nan,nan,nan,nan,nan,nan,nan,nan,nan,nan,nan,nan,nan,nan,nan,nan,nan,nan,nan,nan,nan,nan,nan,nan,nan,nan,nan,nan,nan,nan,nan,nan,nan,nan,nan,nan
filter,o,o,o,o,o,o,o,o,o,o,o,o,o,o,o,o,o,o,o,o,o,o,o,o,o,o,o,o,o,o,o,o,o,o,o,o,c,c,c,c,c,c,o,o,o,o,o,o,o,o,c,c,c,c,c,c,c,c,o,o,o,o,o,o,o,o,c,c,c,c,c,c,c,c,c,o,o,o,o,o,o,o,o,o,o,o,o,o,o,o,o,o,o,o,o,o,o,o,o,o,o,o,o,o,o,o
mjd,60658.96159,60658.96521,60659.000436,60659.028848,60661.221504,60661.225144,60661.230332,60661.263587,60662.18306,60662.215345,60662.218538,60662.246766,60662.930403,60662.964766,60662.968562,60662.974048,60663.874929,60663.87733,60663.880946,60663.916297,60665.187418,60665.219477,60665.222647,60665.228171,60666.179318,60666.182202,60666.187461,60666.218862,60669.172789,60669.176703,60669.182655,60669.218366,60670.175891,60670.178688,60670.184739,60670.216944,60670.913675,60670.917813,60670.946846,60670.949555,60670.952777,60670.95831,60673.160296,60673.171614,60673.174804,60673.181632,60674.158302,60674.161957,60674.167987,60674.179965,60675.075703,60675.079806,60675.093424,60675.102639,60675.849536,60675.851343,60675.854502,60675.860464,60677.176402,60677.179591,60677.205722,60677.234496,60678.171373,60678.174689,60678.182149,60678.217349,60678.916655,60678.919444,60678.937625,60678.938076,60678.9431,60679.887101,60679.922623,60679.925781,60679.933017,60681.170026,60681.173408,60681.179187,60681.1898,60682.15626,60682.159492,60682.169797,60682.175789,60682.909155,60682.912313,60682.91988,60682.930439,60682.941781,60683.90321,60683.9064,60683.91237,60683.924683,60685.157312,60685.168594,60685.171395,60685.176876,60686.154092,60686.157303,60686.162891,60686.172698,60686.916297,60686.9195,60686.924986,60686.935011,60687.902196,60687.905353
flux,3.0,59.0,-7.0,27.0,-202.0,80.0,-75.0,12.0,10.0,58.0,3.0,2.0,55.0,7.0,15.0,-30.0,-1.0,49.0,21.0,43.0,29.0,36.0,10.0,9.0,12.0,13.0,38.0,18.0,37.0,23.0,30.0,28.0,27.0,11.0,52.0,18.0,69.0,46.0,15.0,29.0,21.0,31.0,8.0,58.0,40.0,15.0,25.0,13.0,26.0,1.0,26.0,48.0,7.0,-41.0,9.0,34.0,12.0,30.0,25.0,18.0,20.0,18.0,4.0,9.0,29.0,27.0,10.0,20.0,7.0,29.0,16.0,12.0,-6.0,10.0,15.0,12.0,11.0,20.0,19.0,7.0,17.0,0.0,23.0,22.0,19.0,9.0,35.0,9.0,14.0,29.0,21.0,2.0,1.0,-4.0,30.0,28.0,-32.0,28.0,-12.0,-7.0,33.0,-10.0,-4.0,-17.0,6.0,-8.0
dflux,24.0,29.0,28.0,29.0,306.0,79.0,121.0,57.0,23.0,22.0,23.0,23.0,20.0,25.0,25.0,26.0,13.0,16.0,14.0,17.0,16.0,15.0,15.0,11.0,16.0,15.0,13.0,15.0,19.0,20.0,18.0,16.0,12.0,14.0,14.0,14.0,41.0,23.0,11.0,11.0,11.0,8.0,21.0,19.0,19.0,19.0,15.0,16.0,20.0,14.0,15.0,15.0,17.0,38.0,10.0,10.0,10.0,12.0,15.0,11.0,10.0,17.0,11.0,12.0,13.0,14.0,10.0,10.0,11.0,10.0,9.0,9.0,10.0,11.0,11.0,14.0,16.0,17.0,13.0,14.0,15.0,13.0,11.0,17.0,11.0,14.0,14.0,12.0,18.0,18.0,17.0,19.0,23.0,20.0,17.0,23.0,30.0,35.0,34.0,29.0,22.0,24.0,27.0,24.0,34.0,62.0
mag,22.785,19.465,-21.855,20.319,-18.135,19.143,-19.213,21.175,21.352,19.496,22.766,23.064,19.543,21.795,20.962,-20.212,-24.093,19.674,20.606,19.815,20.252,20.009,21.446,21.468,21.162,21.085,19.939,20.782,19.968,20.504,20.191,20.294,20.329,21.306,19.618,20.785,19.306,19.756,20.983,20.23,20.599,20.174,21.624,19.499,19.89,20.977,20.423,21.13,20.341,23.777,20.365,19.688,21.779,-19.87,21.487,20.067,21.227,20.204,20.419,20.769,20.62,20.73,22.477,21.524,20.242,20.319,21.426,20.657,21.759,20.233,20.856,21.166,-22.049,21.385,20.983,21.162,21.258,20.658,20.703,21.742,20.82,-24.75,20.5,20.529,20.686,21.55,20.043,21.483,21.028,20.256,20.616,22.975,23.577,-22.384,20.222,20.265,-20.147,20.266,-21.217,-21.742,20.095,-21.411,-22.361,-20.798,22.052,-21.669
dmag,8.783,0.495,4.173,1.071,1.512,0.983,1.609,4.616,2.211,0.376,8.043,10.846,0.357,3.577,1.696,0.864,16.0,0.327,0.661,0.4,0.538,0.417,1.575,1.218,1.273,1.102,0.35,0.854,0.517,0.897,0.582,0.561,0.46,1.304,0.261,0.793,0.592,0.51,0.773,0.387,0.534,0.263,2.577,0.324,0.469,1.261,0.604,1.272,0.765,12.7,0.584,0.303,2.423,0.924,1.111,0.305,0.866,0.385,0.607,0.64,0.486,0.923,3.067,1.291,0.441,0.498,0.985,0.489,1.488,0.342,0.533,0.707,1.8,1.061,0.756,1.126,1.363,0.88,0.697,1.937,0.884,28.75,0.481,0.754,0.59,1.59,0.394,1.354,1.271,0.633,0.846,8.231,17.333,4.926,0.588,0.824,0.934,1.218,2.836,3.923,0.668,2.404,6.542,1.404,6.148,7.885
