atlas-norm,2024pwm,19.6984166667,-53.2968166667,0.025,nan,60513.244030000176
++++++++++++++++++++++++++++++++++++++++++++++++++++++++++++++++
++++++++++++++++++++++++++++++++++++++++++++++++++++++++++++++++
++++++++++++++++++++++++++++++++++++++++++++++++++++++++++++++++
zp,nan,nan,nan,nan,nan,nan,nan,nan,nan,nan,nan,nan,nan,nan,nan,nan,nan,nan,nan,nan,nan,nan,nan,nan,nan,nan,nan,nan,nan,nan,nan,nan,nan,nan,nan,nan,nan,nan,nan,nan,nan,nan,nan,nan,nan,nan,nan,nan,nan,nan,nan,nan,nan,nan,nan,nan
filter,o,o,o,o,o,o,o,o,o,o,o,o,o,o,o,o,c,c,c,c,o,o,o,o,c,c,c,c,o,o,o,o,c,c,c,c,o,o,o,o,c,c,c,c,o,o,o,o,o,o,o,o,o,o,o,o
mjd,60660.06136,60660.064559,60660.071668,60660.081685,60661.815752,60661.818941,60661.825998,60661.837083,60664.058818,60664.06206,60664.067733,60664.077602,60664.081239,60664.084476,60664.089763,60664.101624,60665.814487,60665.81766,60665.825596,60665.836142,60668.067867,60668.07106,60668.076178,60668.086148,60669.811772,60669.814592,60669.822013,60669.844624,60672.054197,60672.0573,60672.063827,60672.086974,60673.798218,60673.8014,60673.806529,60673.820854,60676.042406,60676.046168,60676.052556,60676.064422,60677.792321,60677.796073,60677.802047,60677.813668,60680.043134,60680.048468,60680.051665,60680.063872,60681.791817,60681.795067,60681.800555,60681.811621,60684.037903,60684.041121,60684.048005,60684.058612
flux,29.0,102.0,-27.0,-2.0,19.0,13.0,14.0,1.0,24.0,26.0,-2.0,68.0,30.0,17.0,24.0,-4.0,3.0,15.0,10.0,24.0,-20.0,9.0,40.0,13.0,2.0,6.0,-13.0,-11.0,-3.0,5.0,1.0,-20.0,10.0,10.0,0.0,-5.0,-16.0,-22.0,21.0,0.0,24.0,27.0,4.0,20.0,19.0,16.0,35.0,-28.0,-8.0,-12.0,-24.0,-12.0,35.0,29.0,32.0,-7.0
dflux,32.0,31.0,31.0,29.0,16.0,14.0,18.0,19.0,19.0,20.0,20.0,24.0,14.0,14.0,13.0,14.0,13.0,12.0,13.0,11.0,16.0,16.0,16.0,16.0,10.0,9.0,12.0,12.0,15.0,16.0,15.0,14.0,13.0,10.0,10.0,10.0,16.0,16.0,16.0,11.0,13.0,14.0,12.0,10.0,17.0,18.0,15.0,15.0,16.0,20.0,19.0,18.0,44.0,31.0,24.0,27.0
mag,20.231,18.876,-20.333,-23.277,20.723,21.149,21.06,24.104,20.426,20.363,-22.97,19.317,20.207,20.816,20.464,-22.309,22.828,20.932,21.42,20.439,-20.671,21.475,19.904,21.088,23.099,21.863,-21.117,-21.293,-22.742,22.065,23.834,-20.621,21.358,21.382,-25.05,-22.124,-20.925,-20.526,20.584,-24.754,20.465,20.336,22.552,20.625,20.707,20.874,20.05,-20.271,-21.609,-21.157,-20.426,-21.178,20.037,20.236,20.134,-21.795
dmag,1.108,0.307,1.15,16.364,0.85,1.068,1.292,22.6,0.76,0.763,8.333,0.359,0.449,0.836,0.562,3.3,5.0,0.789,1.34,0.452,0.792,1.686,0.4,1.219,4.786,1.378,0.884,1.097,5.13,2.973,13.75,0.684,1.213,0.967,29.5,1.967,1.048,0.708,0.763,24.25,0.532,0.515,3.4,0.489,0.896,1.075,0.445,0.517,1.964,1.563,0.77,1.493,1.256,1.064,0.759,3.907
