atlas-norm,2024rkg,206.593742222,59.6796755556,0.041,nan,60527.25615999987
++++++++++++++++++++++++++++++++++++++++++++++++++++++++++++++++
++++++++++++++++++++++++++++++++++++++++++++++++++++++++++++++++
++++++++++++++++++++++++++++++++++++++++++++++++++++++++++++++++
zp,nan,nan,nan,nan,nan,nan,nan,nan,nan,nan,nan,nan,nan,nan,nan,nan,nan,nan,nan,nan,nan,nan,nan,nan,nan,nan,nan,nan,nan,nan,nan,nan,nan
filter,o,o,o,o,o,o,o,o,o,o,o,o,o,o,o,o,o,o,o,o,o,o,o,o,o,o,o,o,o,o,o,o,o
mjd,60659.59935,60659.60299,60659.607814,60659.617128,60665.524524,60665.547844,60665.552674,60665.557812,60671.634384,60671.637141,60671.656602,60671.664814,60673.630104,60673.63396,60677.628669,60677.629588,60677.631877,60677.632795,60679.613064,60679.635569,60679.638766,60679.644786,60681.5964,60681.599636,60681.606104,60681.616794,60683.566433,60683.569679,60683.57684,60683.587814,60687.578446,60687.595799,60687.604709
flux,-357.0,-823.0,478.0,265.0,-8.0,1.0,6.0,-21.0,-2.0,-4.0,14.0,1.0,-1.0,-9.0,10.0,-3.0,-11.0,-8.0,18.0,2.0,-6.0,-16.0,4.0,-21.0,6.0,-12.0,-16.0,-5.0,16.0,-14.0,-32.0,27.0,-16.0
dflux,848.0,495.0,1101.0,107.0,17.0,17.0,17.0,19.0,9.0,11.0,12.0,16.0,11.0,11.0,11.0,9.0,12.0,10.0,13.0,14.0,12.0,11.0,10.0,10.0,12.0,11.0,12.0,12.0,11.0,12.0,35.0,33.0,27.0
mag,-17.518,-16.612,17.202,17.844,-21.712,23.704,22.056,-20.596,-22.993,-22.517,21.044,24.426,-23.734,-21.515,21.354,-22.706,-21.339,-21.654,20.779,23.108,-22.017,-20.891,22.322,-20.614,21.928,-21.232,-20.903,-22.177,20.863,-21.07,-20.155,20.305,-20.893
dmag,2.375,0.602,2.305,0.406,2.304,14.556,3.143,0.917,4.05,3.167,0.874,26.667,9.25,1.175,1.024,3.136,1.101,1.271,0.72,6.75,2.098,0.699,2.457,0.482,1.93,0.947,0.787,2.457,0.649,0.903,1.111,1.189,1.683
