atlas-norm,2024zca,97.432092,17.445919,0.047,nan,60607.55924999993
++++++++++++++++++++++++++++++++++++++++++++++++++++++++++++++++
++++++++++++++++++++++++++++++++++++++++++++++++++++++++++++++++
++++++++++++++++++++++++++++++++++++++++++++++++++++++++++++++++
zp,nan,nan,nan,nan,nan,nan,nan,nan,nan,nan,nan,nan,nan,nan,nan,nan,nan,nan,nan,nan,nan,nan,nan,nan,nan,nan,nan,nan,nan,nan,nan,nan,nan,nan,nan,nan,nan,nan,nan,nan,nan,nan,nan,nan,nan,nan,nan,nan,nan,nan,nan,nan,nan,nan,nan,nan,nan,nan,nan,nan,nan,nan,nan,nan,nan,nan,nan,nan,nan,nan,nan,nan,nan,nan,nan,nan,nan,nan,nan,nan,nan,nan,nan,nan,nan,nan,nan,nan,nan,nan,nan,nan,nan,nan,nan,nan,nan,nan,nan,nan,nan,nan,nan,nan,nan
filter,o,o,o,o,o,o,o,o,o,o,o,o,o,o,o,o,o,o,o,o,o,o,o,o,o,o,o,o,o,o,o,o,o,o,o,o,o,o,o,o,o,o,o,o,o,o,o,o,o,o,o,o,o,o,o,o,o,o,o,o,o,o,o,o,o,o,o,o,o,o,o,o,o,o,o,o,o,o,o,o,o,o,o,o,o,o,o,o,o,o,o,o,o,o,o,o,o,o,o,o,o,o,o,o,o
mjd,60656.407635,60656.409462,60656.412213,60656.418807,60662.480031,60662.483349,60662.490044,60662.500029,60662.550997,60662.579452,60662.607995,60662.662891,60663.312499,60663.315291,60664.49206,60664.494973,60664.500514,60664.510359,60665.47886,60665.482095,60665.489619,60665.523855,60666.469545,60666.47271,60666.479089,60666.512402,60667.471965,60667.474746,60667.481237,60667.491066,60668.476131,60668.48005,60668.509429,60668.537715,60669.41135,60669.413159,60669.417309,60669.447808,60670.465209,60670.468396,60670.500602,60670.529223,60672.390738,60672.39355,60672.396473,60672.405573,60673.455683,60673.479387,60673.482404,60673.508918,60674.426503,60674.429686,60674.435054,60674.466575,60675.446654,60675.454582,60675.457883,60675.504159,60676.422929,60676.425776,60676.43141,60676.463787,60677.442414,60677.446112,60677.452025,60677.487128,60678.41344,60678.444831,60678.448068,60678.448975,60678.452163,60678.453519,60678.459418,60678.492758,60679.416947,60679.4208,60679.421733,60679.424628,60679.42646,60679.430314,60679.458554,60679.461089,60680.431926,60680.432382,60680.435146,60680.435608,60680.44039,60680.440848,60680.450887,60680.452269,60681.346712,60681.34952,60681.35269,60681.355413,60681.358584,60681.360409,60681.361314,60681.39687,60682.431982,60682.435025,60682.461144,60682.489419,60684.36516,60684.366991,60684.379605
flux,-29.0,-29.0,12.0,-364.0,47.0,83.0,84.0,56.0,39.0,52.0,11.0,-13.0,30.0,68.0,69.0,38.0,34.0,47.0,38.0,24.0,-4.0,41.0,13.0,39.0,22.0,38.0,34.0,73.0,21.0,55.0,39.0,18.0,44.0,34.0,30.0,5.0,32.0,28.0,14.0,18.0,30.0,13.0,23.0,36.0,17.0,16.0,48.0,14.0,50.0,20.0,38.0,10.0,59.0,12.0,16.0,30.0,12.0,30.0,-20.0,23.0,33.0,50.0,10.0,34.0,24.0,23.0,18.0,41.0,35.0,26.0,20.0,22.0,10.0,24.0,-3.0,43.0,36.0,42.0,1.0,10.0,40.0,42.0,30.0,37.0,19.0,36.0,28.0,48.0,21.0,56.0,24.0,-1.0,16.0,24.0,-1.0,75.0,23.0,30.0,12.0,39.0,21.0,3.0,46.0,20.0,33.0
dflux,204.0,72.0,101.0,197.0,25.0,29.0,32.0,26.0,31.0,33.0,70.0,87.0,35.0,34.0,16.0,16.0,18.0,20.0,21.0,21.0,19.0,19.0,21.0,21.0,20.0,17.0,14.0,13.0,17.0,16.0,14.0,14.0,17.0,13.0,18.0,16.0,15.0,18.0,16.0,19.0,20.0,18.0,20.0,14.0,20.0,17.0,16.0,14.0,22.0,16.0,16.0,18.0,17.0,19.0,11.0,16.0,16.0,13.0,16.0,14.0,12.0,26.0,18.0,18.0,15.0,15.0,19.0,19.0,18.0,14.0,14.0,17.0,17.0,17.0,27.0,31.0,24.0,31.0,22.0,23.0,17.0,21.0,16.0,14.0,13.0,14.0,18.0,14.0,14.0,15.0,19.0,21.0,16.0,21.0,16.0,24.0,24.0,19.0,17.0,16.0,15.0,17.0,20.0,18.0,20.0
mag,-20.249,-20.251,21.164,-17.498,19.73,19.106,19.094,19.533,19.914,19.612,21.331,-21.117,20.192,19.321,19.307,19.949,20.061,19.726,19.958,20.46,-22.445,19.858,21.148,19.933,20.557,19.937,20.07,19.244,20.572,19.545,19.922,20.755,19.789,20.068,20.221,22.158,20.121,20.282,21.057,20.743,20.201,21.11,20.511,20.005,20.825,20.903,19.706,21.04,19.663,20.621,19.959,21.361,19.47,21.233,20.925,20.223,21.243,20.205,-20.626,20.501,20.105,19.643,21.401,20.068,20.455,20.48,20.779,19.859,20.029,20.364,20.655,20.519,21.38,20.441,-22.616,19.81,19.999,19.852,24.08,21.433,19.901,19.848,20.224,19.983,20.7,20.01,20.286,19.709,20.587,19.537,20.44,-23.866,20.914,20.426,-24.441,19.21,20.498,20.217,21.252,19.921,20.583,22.651,19.746,20.622,20.115
dmag,7.071,2.496,8.143,0.541,0.543,0.349,0.381,0.464,0.787,0.64,6.52,6.696,1.155,0.498,0.228,0.415,0.529,0.434,0.546,0.875,4.914,0.466,1.655,0.552,0.918,0.452,0.407,0.182,0.778,0.296,0.37,0.769,0.393,0.38,0.613,3.159,0.472,0.633,1.195,1.013,0.664,1.356,0.866,0.396,1.165,1.062,0.338,0.965,0.437,0.792,0.436,1.755,0.288,1.642,0.718,0.53,1.42,0.432,0.799,0.626,0.367,0.519,1.773,0.516,0.622,0.629,1.097,0.45,0.513,0.546,0.724,0.736,1.7,0.716,8.273,0.725,0.675,0.741,26.25,2.408,0.438,0.498,0.534,0.381,0.674,0.403,0.627,0.286,0.669,0.278,0.791,20.625,1.041,0.86,27.167,0.318,1.031,0.648,1.505,0.404,0.714,5.296,0.428,0.873,0.613
