atlas-norm,2024acoe,81.1999764706,17.9608052941,0.03,nan,60641.4165500002
++++++++++++++++++++++++++++++++++++++++++++++++++++++++++++++++
++++++++++++++++++++++++++++++++++++++++++++++++++++++++++++++++
++++++++++++++++++++++++++++++++++++++++++++++++++++++++++++++++
zp,nan,nan,nan,nan,nan,nan,nan,nan,nan,nan,nan,nan,nan,nan,nan,nan,nan,nan,nan,nan,nan,nan,nan,nan,nan,nan,nan,nan,nan,nan,nan,nan,nan,nan,nan,nan,nan,nan,nan,nan,nan,nan,nan,nan,nan,nan,nan,nan,nan,nan,nan,nan,nan,nan,nan,nan,nan,nan,nan,nan,nan,nan,nan,nan,nan,nan,nan,nan,nan,nan,nan,nan,nan,nan,nan,nan,nan,nan,nan,nan,nan,nan,nan,nan,nan,nan,nan,nan,nan,nan,nan,nan,nan,nan,nan,nan
filter,o,o,o,o,o,o,o,o,o,o,o,o,o,o,o,o,o,o,o,o,o,o,o,o,o,o,o,o,o,o,o,o,o,o,o,o,o,o,o,o,o,o,o,o,o,o,o,o,o,o,o,o,o,o,o,o,o,o,o,o,o,o,o,o,o,o,o,o,o,o,o,o,o,o,o,o,o,o,o,o,o,o,o,o,o,o,o,o,o,o,o,o,o,o,o,o
mjd,60656.3597,60656.368654,60656.371876,60656.377361,60661.512328,60661.542009,60661.570725,60661.595917,60662.444961,60662.448591,60662.449947,60662.454152,60662.456036,60662.459749,60662.468483,60662.47184,60663.476187,60663.479463,60663.484607,60663.496758,60664.453708,60664.456916,60664.462436,60664.473389,60665.428663,60665.431837,60665.437891,60665.473662,60666.406707,60666.411388,60666.418047,60666.428461,60667.440515,60667.447139,60667.449984,60667.463332,60668.404153,60668.410979,60668.414199,60668.426656,60669.404691,60669.407951,60669.44088,60669.445981,60670.41005,60670.413473,60670.418576,60670.450976,60673.409993,60673.413715,60673.446551,60673.47531,60674.398988,60674.402615,60674.408551,60674.418429,60675.418726,60675.421947,60675.427521,60675.438149,60676.398935,60676.402151,60676.407672,60676.418713,60677.389316,60677.392484,60677.397632,60677.408752,60678.377191,60678.388356,60678.390767,60678.394504,60678.39991,60678.409709,60679.361074,60679.391481,60679.392851,60679.394679,60679.40192,60679.41275,60679.41598,60680.392512,60680.407251,60680.415522,60680.418321,60681.302708,60681.306366,60681.310002,60681.344001,60682.36855,60682.372211,60682.377714,60682.388064,60684.310258,60684.313153,60684.320669
flux,0.0,286.0,284.0,936.0,224.0,244.0,263.0,247.0,209.0,224.0,246.0,233.0,247.0,200.0,240.0,198.0,209.0,211.0,196.0,185.0,212.0,182.0,198.0,200.0,189.0,190.0,227.0,188.0,203.0,168.0,175.0,173.0,164.0,170.0,194.0,198.0,149.0,182.0,159.0,174.0,156.0,197.0,169.0,156.0,174.0,165.0,128.0,190.0,146.0,157.0,146.0,184.0,160.0,160.0,190.0,152.0,154.0,152.0,157.0,132.0,136.0,155.0,139.0,149.0,162.0,166.0,169.0,141.0,99.0,129.0,172.0,160.0,170.0,160.0,134.0,147.0,153.0,135.0,201.0,151.0,142.0,168.0,158.0,150.0,143.0,180.0,155.0,158.0,190.0,166.0,174.0,146.0,128.0,170.0,133.0,107.0
dflux,0.0,47.0,48.0,402.0,24.0,24.0,30.0,39.0,24.0,22.0,23.0,20.0,19.0,21.0,17.0,25.0,16.0,14.0,16.0,16.0,14.0,13.0,16.0,15.0,16.0,18.0,15.0,20.0,15.0,14.0,16.0,13.0,13.0,16.0,13.0,16.0,14.0,14.0,12.0,12.0,13.0,14.0,12.0,12.0,14.0,15.0,14.0,15.0,14.0,17.0,13.0,17.0,12.0,15.0,18.0,14.0,14.0,13.0,12.0,14.0,12.0,13.0,13.0,12.0,13.0,12.0,14.0,14.0,16.0,13.0,14.0,14.0,14.0,15.0,13.0,13.0,14.0,15.0,22.0,22.0,24.0,11.0,12.0,11.0,14.0,14.0,14.0,14.0,19.0,13.0,14.0,14.0,13.0,21.0,17.0,19.0
mag,0.0,17.759,17.765,16.472,18.022,17.931,17.849,17.92,18.099,18.025,17.921,17.982,17.919,18.145,17.951,18.161,18.098,18.088,18.172,18.23,18.082,18.249,18.156,18.149,18.211,18.204,18.009,18.216,18.131,18.338,18.291,18.306,18.366,18.326,18.18,18.161,18.466,18.253,18.398,18.298,18.414,18.164,18.332,18.418,18.302,18.354,18.63,18.204,18.487,18.412,18.49,18.237,18.39,18.393,18.206,18.447,18.431,18.446,18.408,18.596,18.563,18.424,18.544,18.466,18.378,18.353,18.333,18.524,18.911,18.626,18.312,18.392,18.323,18.389,18.579,18.485,18.436,18.573,18.141,18.455,18.522,18.339,18.4,18.461,18.512,18.262,18.426,18.403,18.205,18.347,18.301,18.487,18.627,18.325,18.591,18.824
dmag,0.0,0.163,0.17,0.43,0.106,0.098,0.114,0.16,0.116,0.097,0.094,0.086,0.078,0.106,0.069,0.126,0.077,0.069,0.082,0.084,0.066,0.07,0.079,0.073,0.083,0.094,0.066,0.107,0.073,0.084,0.088,0.077,0.079,0.097,0.065,0.079,0.09,0.077,0.074,0.07,0.085,0.068,0.071,0.079,0.078,0.093,0.105,0.08,0.095,0.11,0.087,0.095,0.073,0.095,0.097,0.09,0.092,0.084,0.08,0.109,0.087,0.084,0.094,0.084,0.083,0.07,0.084,0.1,0.158,0.101,0.078,0.085,0.081,0.094,0.099,0.089,0.093,0.113,0.109,0.146,0.168,0.066,0.075,0.072,0.099,0.08,0.088,0.088,0.099,0.081,0.079,0.098,0.099,0.122,0.128,0.178
