atlas-norm,2023aaqu,5.793458,-52.42095,0.031,nan,60300.052850000095
++++++++++++++++++++++++++++++++++++++++++++++++++++++++++++++++
++++++++++++++++++++++++++++++++++++++++++++++++++++++++++++++++
++++++++++++++++++++++++++++++++++++++++++++++++++++++++++++++++
zp,nan,nan,nan,nan,nan,nan,nan,nan,nan,nan,nan,nan,nan,nan,nan,nan,nan,nan,nan,nan,nan,nan,nan,nan,nan,nan,nan,nan,nan,nan,nan,nan,nan,nan,nan,nan,nan,nan,nan,nan,nan,nan,nan,nan,nan,nan
filter,o,o,o,o,o,o,o,o,o,o,o,o,c,c,c,c,o,o,o,o,o,o,o,c,c,c,c,c,c,c,c,o,o,o,o,c,c,c,c,o,o,o,o,o,o,o
mjd,60660.044745,60660.047941,60660.053594,60660.064098,60661.790853,60661.79603,60661.799207,60661.809408,60664.039474,60664.043389,60664.049359,60664.059279,60665.791098,60665.794792,60665.800242,60665.810851,60668.03442,60668.037313,60668.044085,60668.046349,60668.049581,60668.055392,60668.065994,60669.785802,60669.789607,60669.79871,60669.801945,60669.808103,60669.813206,60669.81832,60669.819682,60672.067142,60672.069917,60672.088885,60672.094187,60673.814332,60673.817615,60673.823216,60673.844939,60680.065266,60680.068151,60680.07335,60680.093153,60684.035196,60684.038364,60684.043879
flux,-31.0,7.0,-13.0,-41.0,-12.0,-20.0,6.0,24.0,-13.0,-21.0,-33.0,1.0,-33.0,-32.0,-9.0,-10.0,131.0,-24.0,-1.0,-6.0,14.0,-16.0,-47.0,-59.0,-13.0,19.0,6.0,-136.0,9.0,6.0,16.0,2.0,14.0,15.0,-27.0,9.0,-12.0,8.0,0.0,12.0,-7.0,-6.0,16.0,27.0,5.0,-2.0
dflux,22.0,18.0,22.0,20.0,18.0,15.0,14.0,13.0,16.0,15.0,12.0,14.0,13.0,14.0,13.0,12.0,55.0,53.0,32.0,23.0,17.0,21.0,24.0,20.0,15.0,11.0,10.0,10.0,10.0,10.0,9.0,15.0,14.0,15.0,12.0,9.0,11.0,11.0,11.0,20.0,18.0,17.0,15.0,58.0,35.0,28.0
mag,-20.186,21.775,-21.134,-19.879,-21.218,-20.634,22.028,20.449,-21.084,-20.575,-20.096,23.527,-20.102,-20.142,-21.526,-21.381,18.61,-20.444,-23.809,-21.864,21.006,-20.874,-19.725,-19.469,-21.097,20.71,22.037,-18.565,21.562,22.018,20.864,23.111,21.012,20.975,-20.313,21.533,-21.218,21.695,-24.975,21.156,-21.729,-21.882,20.889,20.335,22.112,-23.132
dmag,0.72,2.526,1.745,0.503,1.522,0.743,2.471,0.55,1.158,0.684,0.369,9.9,0.405,0.431,1.463,1.13,0.422,2.188,29.6,3.581,1.17,1.297,0.512,0.333,1.141,0.59,1.725,0.075,1.213,1.744,0.536,7.214,0.969,1.039,0.444,1.019,0.924,1.432,30.5,1.638,2.364,2.718,0.958,2.18,6.818,13.615
