atlas-norm,2024adix,170.254583,21.339039,0.021035,nan,60648.58411000017
++++++++++++++++++++++++++++++++++++++++++++++++++++++++++++++++
++++++++++++++++++++++++++++++++++++++++++++++++++++++++++++++++
++++++++++++++++++++++++++++++++++++++++++++++++++++++++++++++++
zp,nan,nan,nan,nan,nan,nan,nan,nan,nan,nan,nan,nan,nan,nan,nan,nan,nan,nan,nan,nan,nan,nan,nan,nan,nan,nan,nan,nan,nan,nan,nan,nan,nan,nan,nan,nan,nan,nan,nan,nan,nan,nan,nan,nan,nan,nan,nan,nan,nan,nan,nan,nan,nan,nan,nan,nan,nan,nan,nan,nan,nan,nan,nan,nan,nan,nan,nan,nan,nan,nan,nan,nan,nan,nan,nan,nan,nan,nan,nan,nan,nan,nan,nan,nan,nan,nan,nan,nan,nan,nan,nan,nan,nan,nan,nan,nan,nan,nan,nan,nan,nan,nan,nan,nan
filter,o,o,o,o,o,o,o,o,o,o,o,o,o,o,o,o,o,o,o,o,o,o,o,o,o,o,o,o,o,o,o,o,o,o,o,o,o,o,o,o,o,o,o,o,o,o,o,o,o,o,o,o,o,o,o,o,o,o,o,o,o,o,o,o,o,o,o,o,o,o,o,o,o,o,o,o,o,o,o,o,o,o,o,o,o,o,o,o,o,o,o,o,o,o,o,o,o,o,o,o,o,o,o,o
mjd,60656.52326,60656.52603,60656.530657,60656.543827,60659.54268,60659.545468,60659.550567,60659.555679,60661.500879,60661.502698,60661.523957,60661.534,60662.555552,60662.558366,60662.561181,60662.567337,60666.574403,60666.57669,60666.579882,60666.586199,60667.57224,60667.57407,60667.576814,60667.582888,60668.562524,60668.567684,60668.568598,60668.569512,60668.570427,60668.573173,60668.575019,60668.578245,60669.547293,60669.549113,60669.552315,60669.558978,60669.55943,60669.56223,60669.564987,60669.570081,60670.029266,60670.029716,60670.030166,60670.030617,60670.031068,60670.0921,60670.561186,60670.563906,60670.567087,60670.574889,60673.552501,60673.554318,60673.558864,60673.567914,60674.560701,60674.562526,60674.565359,60674.570815,60675.56934,60675.57223,60675.608603,60675.617626,60676.558749,60676.560576,60676.563319,60676.568486,60677.547616,60677.549911,60677.553084,60677.558123,60678.554769,60678.55658,60678.559775,60678.569012,60679.550458,60679.555198,60679.558473,60679.56368,60680.517006,60680.519776,60680.522997,60680.523935,60680.526812,60680.547579,60680.548622,60680.551563,60681.519958,60681.52041,60681.523148,60681.5236,60681.530974,60681.532782,60681.539228,60681.53968,60682.534074,60682.541323,60682.544076,60682.547684,60682.550703,60682.556137,60684.495146,60684.497448,60684.518525,60684.524818
flux,718.0,848.0,673.0,714.0,870.0,867.0,865.0,801.0,873.0,853.0,850.0,885.0,858.0,872.0,885.0,900.0,795.0,834.0,831.0,815.0,793.0,757.0,768.0,757.0,755.0,752.0,766.0,718.0,769.0,733.0,755.0,732.0,702.0,743.0,704.0,692.0,743.0,699.0,706.0,710.0,759.0,721.0,716.0,710.0,684.0,701.0,698.0,677.0,644.0,666.0,542.0,546.0,519.0,506.0,489.0,493.0,507.0,488.0,476.0,462.0,455.0,478.0,464.0,458.0,469.0,452.0,447.0,436.0,410.0,446.0,426.0,406.0,446.0,447.0,465.0,434.0,433.0,441.0,444.0,425.0,429.0,415.0,462.0,426.0,426.0,13.0,461.0,477.0,464.0,454.0,464.0,485.0,376.0,465.0,-580.0,383.0,452.0,460.0,460.0,433.0,461.0,464.0,460.0,443.0
dflux,36.0,44.0,59.0,22.0,79.0,108.0,82.0,34.0,29.0,27.0,20.0,27.0,27.0,28.0,25.0,29.0,20.0,22.0,17.0,19.0,18.0,18.0,15.0,18.0,16.0,16.0,16.0,16.0,15.0,14.0,16.0,15.0,17.0,20.0,17.0,19.0,20.0,18.0,15.0,18.0,26.0,26.0,23.0,22.0,23.0,27.0,16.0,14.0,15.0,15.0,15.0,13.0,13.0,13.0,13.0,14.0,14.0,14.0,12.0,13.0,11.0,12.0,13.0,13.0,13.0,14.0,15.0,12.0,14.0,13.0,14.0,13.0,14.0,15.0,13.0,13.0,13.0,12.0,13.0,12.0,15.0,14.0,14.0,16.0,13.0,10.0,16.0,14.0,24.0,14.0,17.0,14.0,23.0,16.0,121.0,21.0,13.0,14.0,13.0,15.0,16.0,16.0,15.0,15.0
mag,16.76,16.579,16.83,16.765,16.552,16.555,16.557,16.64,16.548,16.573,16.577,16.533,16.567,16.548,16.532,16.514,16.649,16.597,16.601,16.622,16.651,16.702,16.686,16.702,16.705,16.71,16.69,16.76,16.685,16.738,16.706,16.739,16.784,16.722,16.78,16.8,16.723,16.788,16.778,16.772,16.699,16.755,16.762,16.772,16.813,16.786,16.79,16.823,16.878,16.841,17.066,17.057,17.113,17.14,17.177,17.167,17.138,17.179,17.207,17.238,17.255,17.201,17.233,17.247,17.221,17.261,17.275,17.3,17.367,17.277,17.327,17.377,17.277,17.273,17.232,17.306,17.309,17.29,17.281,17.329,17.318,17.354,17.237,17.327,17.326,21.148,17.24,17.204,17.235,17.258,17.235,17.185,17.461,17.231,-16.99,17.443,17.263,17.244,17.243,17.308,17.241,17.233,17.242,17.285
dmag,0.05,0.052,0.088,0.03,0.091,0.125,0.095,0.042,0.033,0.032,0.023,0.03,0.031,0.032,0.028,0.032,0.025,0.026,0.02,0.023,0.023,0.023,0.02,0.023,0.022,0.021,0.021,0.022,0.02,0.02,0.021,0.021,0.024,0.027,0.024,0.027,0.027,0.026,0.022,0.026,0.034,0.035,0.032,0.031,0.033,0.038,0.023,0.021,0.023,0.022,0.029,0.024,0.026,0.026,0.026,0.027,0.028,0.028,0.025,0.028,0.023,0.026,0.029,0.029,0.027,0.031,0.033,0.028,0.034,0.03,0.033,0.032,0.031,0.033,0.028,0.03,0.031,0.028,0.03,0.029,0.035,0.034,0.03,0.038,0.03,0.815,0.035,0.03,0.051,0.03,0.037,0.029,0.062,0.034,0.208,0.055,0.029,0.031,0.028,0.035,0.035,0.035,0.033,0.033
