atlas-norm,2024qat,208.39549,-35.6129,0.04,nan,60515.78573000012
++++++++++++++++++++++++++++++++++++++++++++++++++++++++++++++++
++++++++++++++++++++++++++++++++++++++++++++++++++++++++++++++++
++++++++++++++++++++++++++++++++++++++++++++++++++++++++++++++++
zp,nan,nan,nan,nan,nan,nan,nan,nan,nan,nan,nan,nan,nan,nan,nan,nan,nan,nan,nan,nan,nan,nan,nan,nan,nan,nan,nan,nan,nan,nan,nan,nan,nan,nan,nan,nan,nan,nan,nan,nan,nan,nan,nan,nan,nan,nan,nan,nan,nan,nan,nan,nan
filter,o,o,o,o,o,o,o,o,o,o,o,o,o,o,o,o,o,o,o,c,c,c,c,c,c,c,c,c,o,o,o,o,o,o,o,o,c,c,c,c,c,c,c,c,o,o,o,o,o,o,o,o
mjd,60665.29638,60665.299304,60665.305403,60665.328198,60669.292776,60669.295682,60669.301421,60669.326732,60674.338207,60674.342382,60674.347774,60674.354964,60677.334259,60677.338468,60678.339848,60678.344073,60678.346875,60678.352077,60678.3605,60679.069454,60679.087008,60679.097834,60679.100125,60680.081295,60680.085425,60680.092813,60680.098275,60680.107332,60681.334406,60681.353259,60681.359128,60681.365603,60682.342523,60682.346641,60682.351874,60682.356933,60683.078201,60683.089314,60683.093492,60683.102867,60683.981021,60683.985263,60683.990458,60684.001581,60685.325578,60685.328908,60685.346842,60685.361083,60686.344402,60686.348043,60686.353146,60686.363156
flux,-12.0,28.0,-1.0,5.0,-3.0,19.0,5.0,-2.0,-3.0,-15.0,-22.0,4.0,-29.0,8.0,-5.0,-4.0,-2.0,-6.0,5.0,34.0,24.0,6.0,38.0,15.0,-1.0,32.0,16.0,-18.0,-16.0,-6.0,-14.0,3.0,4.0,-6.0,-14.0,24.0,7.0,-4.0,14.0,21.0,974.0,-4.0,1.0,19.0,6.0,-26.0,-5.0,11.0,4.0,-15.0,10.0,-18.0
dflux,26.0,21.0,24.0,19.0,25.0,24.0,23.0,18.0,14.0,13.0,15.0,16.0,20.0,16.0,16.0,13.0,16.0,15.0,19.0,12.0,12.0,18.0,27.0,12.0,14.0,13.0,15.0,34.0,12.0,15.0,15.0,30.0,15.0,18.0,22.0,18.0,9.0,11.0,11.0,16.0,13.0,14.0,12.0,14.0,17.0,18.0,16.0,17.0,19.0,17.0,21.0,26.0
mag,-21.159,20.272,-24.098,22.144,-22.794,20.72,22.087,-23.413,-22.799,-20.978,-20.556,22.382,-20.238,21.67,-22.228,-22.535,-22.925,-21.969,22.069,20.058,20.474,21.887,19.956,20.944,-23.868,20.155,20.917,-20.787,-20.922,-22.054,-21.047,22.573,22.306,-21.865,-21.065,20.46,21.859,-22.526,21.032,20.59,16.429,-22.269,24.182,20.724,21.877,-20.351,-22.184,21.339,22.306,-20.951,21.414,-20.733
dmag,2.095,0.745,29.0,3.85,9.143,1.291,4.341,11.154,5.091,0.883,0.674,4.029,0.671,2.043,3.444,3.621,6.316,2.468,3.467,0.353,0.493,2.867,0.712,0.784,14.0,0.424,0.939,1.927,0.785,2.763,1.069,8.72,3.52,2.8,1.634,0.754,1.333,3.1,0.793,0.739,0.013,3.174,15.5,0.75,2.674,0.673,3.314,1.584,4.414,1.147,2.107,1.385
