atlas-norm,2024pno,37.0222995528,-17.4208381294,0.06,nan,60505.332220000215
++++++++++++++++++++++++++++++++++++++++++++++++++++++++++++++++
++++++++++++++++++++++++++++++++++++++++++++++++++++++++++++++++
++++++++++++++++++++++++++++++++++++++++++++++++++++++++++++++++
zp,nan,nan,nan,nan,nan,nan,nan,nan,nan,nan,nan,nan,nan,nan,nan,nan,nan,nan,nan,nan,nan,nan,nan,nan,nan,nan,nan,nan,nan,nan,nan,nan,nan,nan,nan,nan,nan,nan,nan,nan,nan,nan,nan,nan,nan,nan,nan,nan,nan,nan,nan,nan,nan,nan,nan,nan,nan,nan,nan,nan,nan,nan,nan,nan,nan,nan,nan,nan,nan,nan,nan,nan,nan,nan,nan,nan,nan,nan,nan,nan,nan,nan,nan,nan,nan,nan,nan,nan,nan,nan,nan,nan,nan,nan,nan,nan,nan,nan,nan,nan,nan,nan,nan,nan,nan,nan,nan,nan,nan,nan,nan,nan,nan,nan,nan,nan,nan,nan,nan,nan,nan,nan,nan,nan,nan,nan,nan,nan
filter,o,o,o,o,o,o,o,o,o,o,o,o,o,o,o,o,o,o,o,o,o,o,o,o,o,o,o,o,o,o,o,o,c,c,c,c,c,c,c,o,o,o,o,o,o,o,o,c,c,c,c,c,c,c,c,c,o,o,o,o,o,o,o,o,o,o,o,o,o,c,c,c,c,o,o,o,o,o,o,o,o,c,c,c,c,o,o,o,o,o,o,o,o,o,o,o,o,o,o,o,o,o,o,o,o,o,o,o,o,o,o,o,o,o,o,o,o,o,o,o,o,o,o,o,o,o,o,o
mjd,60658.920267,60661.132793,60661.136095,60661.141325,60661.16684,60662.126757,60662.129622,60662.137101,60662.157637,60662.441445,60662.444696,60662.457155,60662.881854,60662.885093,60662.910219,60662.926511,60663.109188,60663.110117,60663.112405,60663.117927,60663.89389,60663.89709,60663.931646,60663.941687,60665.124797,60665.128056,60665.136594,60665.160544,60666.128653,60666.133145,60666.138851,60666.162923,60666.889548,60666.893691,60666.900168,60666.92193,60667.874212,60667.876991,60667.883449,60669.131905,60669.139494,60669.142889,60669.165715,60670.110239,60670.113977,60670.1221,60670.132765,60670.850856,60671.830533,60671.834613,60671.840528,60671.85146,60671.853309,60671.856504,60671.867403,60671.885792,60673.110412,60673.112286,60673.113205,60673.115515,60673.118726,60673.124537,60673.129167,60673.134764,60674.123358,60674.126627,60674.133638,60674.147361,60675.073958,60675.939549,60675.942358,60675.969976,60675.974109,60677.075288,60677.078143,60677.083794,60677.105648,60678.064719,60678.068404,60678.086866,60678.092456,60678.81566,60678.818481,60678.834179,60678.852807,60679.815966,60679.81913,60679.827859,60679.850988,60681.138098,60681.141025,60681.148178,60681.158875,60682.122961,60682.126388,60682.132068,60682.14774,60682.866153,60682.86942,60682.874972,60682.888272,60683.861479,60683.864213,60683.879801,60684.285034,60684.288227,60684.294585,60684.305745,60684.800927,60684.804086,60684.814025,60684.821754,60685.084617,60685.108271,60685.111293,60685.114149,60685.138149,60686.123733,60686.12656,60686.13176,60686.141747,60686.8893,60686.892071,60686.899433,60686.909282,60687.862046,60687.865263,60687.871181
flux,77.0,-23.0,1.0,8.0,12.0,-11.0,38.0,1.0,-4.0,-3.0,-13.0,-14.0,40.0,13.0,24.0,47.0,-9.0,31.0,37.0,-1.0,19.0,18.0,39.0,-12.0,23.0,-7.0,18.0,10.0,15.0,13.0,24.0,6.0,11.0,13.0,0.0,17.0,14.0,-2.0,22.0,2.0,18.0,9.0,21.0,-7.0,25.0,18.0,177.0,24.0,0.0,11.0,12.0,-13.0,-8.0,7.0,8.0,13.0,-30.0,-23.0,11.0,19.0,-36.0,13.0,-22.0,-8.0,1.0,10.0,34.0,-9.0,42.0,9.0,2.0,3.0,-12.0,-3.0,6.0,14.0,24.0,0.0,-48.0,18.0,66.0,16.0,13.0,29.0,-2.0,-36.0,-94.0,-64.0,8.0,-12.0,-5.0,-28.0,-11.0,-2.0,-26.0,-33.0,1.0,5.0,64.0,2.0,-5.0,-32.0,-6.0,45.0,14.0,-37.0,-35.0,11.0,-53.0,42.0,2.0,13.0,2.0,64.0,55.0,-35.0,25.0,1.0,-23.0,-19.0,18.0,14.0,-22.0,31.0,48.0,97.0,1.0,60.0
dflux,34.0,20.0,18.0,18.0,23.0,25.0,20.0,24.0,29.0,28.0,27.0,32.0,19.0,18.0,20.0,21.0,24.0,36.0,33.0,18.0,15.0,16.0,20.0,16.0,14.0,13.0,15.0,16.0,13.0,11.0,12.0,16.0,11.0,10.0,10.0,11.0,9.0,11.0,12.0,10.0,16.0,11.0,13.0,12.0,13.0,14.0,13.0,10.0,13.0,12.0,12.0,11.0,11.0,11.0,12.0,12.0,22.0,15.0,20.0,12.0,19.0,12.0,20.0,16.0,14.0,16.0,13.0,15.0,35.0,14.0,13.0,14.0,17.0,16.0,12.0,14.0,14.0,21.0,18.0,18.0,18.0,9.0,12.0,11.0,12.0,18.0,203.0,77.0,20.0,25.0,29.0,26.0,24.0,19.0,23.0,19.0,18.0,22.0,21.0,25.0,21.0,21.0,23.0,33.0,28.0,25.0,26.0,21.0,28.0,32.0,33.0,33.0,71.0,32.0,56.0,46.0,68.0,28.0,32.0,33.0,32.0,28.0,22.0,26.0,37.0,30.0,27.0,34.0
mag,19.187,-20.501,23.555,21.716,21.219,-21.308,19.939,23.693,-22.509,-22.868,-21.124,-21.067,19.895,21.145,20.469,19.719,-21.507,20.17,19.977,-23.891,20.712,20.741,19.923,-21.193,20.485,-21.765,20.772,21.361,20.981,21.118,20.461,21.883,21.297,21.129,25.056,20.838,21.035,-23.218,20.543,23.45,20.772,21.52,20.612,-21.79,20.402,20.739,18.282,20.437,25.523,21.263,21.176,-21.149,-21.689,21.809,21.671,21.129,-20.192,-20.479,21.334,20.713,-20.025,21.118,-20.52,-21.634,24.166,21.385,20.066,-21.541,19.836,21.564,23.279,22.731,-21.164,-22.689,22.003,21.028,20.473,0.0,-19.692,20.781,19.36,20.898,21.09,20.228,-22.919,-20.021,-18.971,-19.388,21.665,-21.165,-22.228,-20.262,-21.315,-22.914,-20.37,-20.118,24.166,22.105,19.389,23.489,-22.112,-20.123,-21.865,19.758,21.011,-19.985,-20.027,21.329,-19.587,19.84,23.262,21.132,23.331,19.391,19.542,-20.045,20.415,23.549,-20.494,-20.714,20.777,21.025,-20.558,20.167,19.689,18.934,23.974,19.464
dmag,0.449,0.883,13.091,2.478,1.972,2.302,0.514,20.143,8.056,10.857,2.113,2.352,0.465,1.395,0.829,0.437,2.627,1.164,0.898,17.333,0.806,0.891,0.521,1.303,0.585,1.852,0.832,1.593,0.878,0.817,0.518,2.46,1.018,0.816,28.0,0.663,0.667,5.667,0.523,6.5,0.889,1.257,0.637,1.686,0.523,0.788,0.073,0.423,56.0,1.1,0.932,0.905,1.415,1.611,1.486,0.954,0.715,0.633,1.844,0.664,0.538,0.912,0.913,1.979,18.167,1.547,0.375,1.743,0.834,1.66,7.3,4.857,1.367,5.211,2.122,0.98,0.602,20.609,0.372,1.014,0.28,0.576,0.874,0.369,4.643,0.5,2.172,1.214,2.525,2.036,6.182,0.908,2.173,7.824,0.891,0.571,22.833,4.16,0.326,17.286,3.964,0.65,3.514,0.733,1.928,0.689,0.746,1.961,0.522,0.751,18.222,2.607,42.143,0.505,1.011,1.325,2.724,20.3,1.382,1.735,1.783,1.978,0.992,0.85,0.768,0.312,28.6,0.568
