atlas-norm,2024ejq,103.0803316,49.6917172,0.041032,nan,60383.33920999989
++++++++++++++++++++++++++++++++++++++++++++++++++++++++++++++++
++++++++++++++++++++++++++++++++++++++++++++++++++++++++++++++++
++++++++++++++++++++++++++++++++++++++++++++++++++++++++++++++++
zp,nan,nan,nan,nan,nan,nan,nan,nan,nan,nan,nan,nan,nan,nan,nan,nan,nan,nan,nan,nan,nan,nan,nan,nan,nan,nan,nan,nan,nan,nan,nan,nan,nan,nan,nan,nan,nan,nan,nan,nan,nan,nan,nan,nan,nan,nan,nan
filter,o,o,o,o,o,o,o,o,o,o,o,o,o,o,o,o,o,o,o,o,o,o,o,o,o,o,o,o,o,o,o,o,o,o,o,o,o,o,o,o,o,o,o,o,o,o,o
mjd,60663.441372,60663.443207,60663.445955,60663.451085,60665.430732,60665.457868,60665.485602,60665.48935,60667.428124,60667.429959,60667.452394,60667.455573,60671.432305,60671.435504,60671.440958,60671.446438,60673.425579,60673.427893,60673.432057,60673.44277,60675.613444,60675.618549,60675.621749,60675.632627,60677.451407,60677.45463,60677.489757,60677.518088,60679.452912,60679.456128,60679.491307,60679.49647,60681.394944,60681.396797,60681.400521,60681.406137,60683.445514,60683.449624,60683.455596,60683.490904,60685.389461,60685.391755,60685.396877,60685.416407,60685.420086,60685.422879,60685.454349
flux,-7.0,4.0,0.0,12.0,18.0,-5.0,-24.0,17.0,12.0,16.0,3.0,25.0,14.0,6.0,3.0,14.0,-4.0,18.0,19.0,15.0,-27.0,-34.0,-45.0,-41.0,15.0,17.0,1.0,6.0,-23.0,-27.0,5.0,-25.0,1.0,-8.0,31.0,1.0,-20.0,-9.0,-6.0,28.0,64.0,-78.0,30.0,-96.0,103.0,29.0,53.0
dflux,17.0,16.0,16.0,19.0,14.0,15.0,11.0,14.0,12.0,11.0,14.0,11.0,10.0,15.0,10.0,10.0,12.0,12.0,12.0,12.0,15.0,12.0,16.0,14.0,12.0,13.0,13.0,13.0,19.0,38.0,16.0,14.0,12.0,11.0,12.0,13.0,12.0,14.0,17.0,15.0,26.0,379.0,25.0,91.0,111.0,21.0,18.0
mag,-21.748,22.525,-24.824,21.187,20.775,-22.245,-20.443,20.814,21.229,20.901,22.754,20.417,21.015,22.044,22.758,21.035,-22.381,20.749,20.718,20.929,-20.326,-20.061,-19.764,-19.879,20.981,20.831,23.941,21.984,-20.476,-20.337,22.069,-20.4,23.919,-21.577,20.178,23.8,-20.654,-21.518,-22.046,20.261,19.377,-19.174,20.199,-18.946,18.864,20.239,19.594
dmag,2.356,4.618,36.25,1.536,0.804,3.294,0.457,0.832,1.05,0.723,4.84,0.454,0.703,2.754,3.31,0.731,2.889,0.677,0.661,0.81,0.557,0.35,0.348,0.352,0.851,0.755,13.833,2.194,0.827,1.409,2.895,0.562,12.625,1.284,0.392,11.75,0.622,1.563,3.1,0.538,0.408,4.879,0.837,0.95,1.073,0.729,0.333
