atlas-norm,2024moo,9.726792,32.378419,0.073,nan,60484.567030000035
++++++++++++++++++++++++++++++++++++++++++++++++++++++++++++++++
++++++++++++++++++++++++++++++++++++++++++++++++++++++++++++++++
++++++++++++++++++++++++++++++++++++++++++++++++++++++++++++++++
zp,nan,nan,nan,nan,nan,nan,nan,nan,nan,nan,nan,nan,nan,nan,nan,nan,nan,nan,nan,nan,nan,nan,nan,nan,nan,nan,nan,nan,nan,nan,nan,nan,nan,nan,nan,nan,nan,nan,nan,nan,nan,nan,nan,nan,nan,nan,nan,nan,nan,nan,nan,nan,nan,nan,nan,nan,nan,nan,nan,nan,nan,nan,nan,nan,nan,nan,nan,nan,nan,nan,nan,nan,nan,nan,nan,nan,nan,nan,nan,nan,nan,nan,nan,nan,nan,nan,nan,nan,nan,nan,nan,nan
filter,o,o,o,o,o,o,o,o,o,o,o,o,o,o,o,o,o,o,o,o,o,o,o,o,o,o,o,o,o,o,o,o,o,o,o,o,o,o,o,o,o,o,o,o,o,o,o,o,o,o,o,o,o,o,o,o,o,o,o,o,o,o,o,o,o,o,o,o,o,o,o,o,o,o,o,o,o,o,o,o,o,o,o,o,o,o,o,o,o,o,o,o
mjd,60659.327963,60659.331628,60659.336736,60659.357115,60660.331837,60660.353694,60660.358334,60660.363854,60661.357277,60661.360077,60661.365378,60661.376643,60662.314281,60662.3175,60662.336667,60662.353277,60664.344219,60664.347111,60664.357083,60664.362264,60665.3283,60665.331482,60665.336957,60665.348517,60666.28355,60666.286792,60666.292731,60666.302727,60667.357583,60667.360828,60667.366834,60667.381598,60668.291309,60668.29458,60668.302126,60668.32718,60669.280892,60669.284076,60669.290451,60669.31327,60670.307229,60670.310403,60670.315857,60670.328711,60673.293789,60673.307071,60673.31074,60673.318087,60674.290518,60674.293358,60674.306177,60674.312691,60675.270435,60675.280334,60675.285493,60675.288307,60676.27626,60676.279059,60676.286527,60676.296424,60677.271161,60677.274387,60677.280301,60677.290358,60678.263851,60678.267543,60678.274917,60678.293265,60679.261106,60679.270888,60679.273691,60679.284821,60680.306299,60680.309538,60680.321155,60680.326771,60681.265641,60681.26884,60681.275253,60681.286181,60682.2649,60682.268093,60682.274089,60682.284237,60684.280886,60684.284138,60684.291627,60684.302019,60685.277255,60685.28044,60685.288795,60688.293473
flux,31.0,-58.0,-13.0,37.0,16.0,12.0,-14.0,-29.0,-34.0,21.0,-14.0,22.0,-16.0,-19.0,-15.0,-8.0,-10.0,8.0,-5.0,3.0,0.0,6.0,-12.0,2.0,17.0,-9.0,-5.0,-14.0,-11.0,17.0,5.0,18.0,-9.0,-1.0,-1.0,22.0,2.0,-8.0,-5.0,-8.0,-4.0,-19.0,9.0,-4.0,17.0,6.0,-18.0,-19.0,-24.0,-20.0,21.0,-14.0,6.0,-15.0,2.0,-9.0,10.0,2.0,-4.0,-15.0,5.0,-3.0,-22.0,3.0,5.0,-16.0,4.0,-8.0,-22.0,-38.0,1.0,2.0,5.0,14.0,-10.0,-4.0,-25.0,2.0,-9.0,17.0,-19.0,-19.0,10.0,-44.0,12.0,-78.0,-27.0,-20.0,17.0,-12.0,-81.0,2249.0
dflux,21.0,25.0,28.0,48.0,19.0,25.0,21.0,22.0,24.0,19.0,24.0,24.0,14.0,15.0,16.0,18.0,12.0,14.0,15.0,14.0,11.0,12.0,10.0,14.0,11.0,10.0,10.0,11.0,13.0,17.0,14.0,14.0,11.0,11.0,13.0,12.0,12.0,12.0,11.0,12.0,14.0,13.0,15.0,14.0,14.0,12.0,15.0,13.0,12.0,12.0,12.0,12.0,9.0,12.0,12.0,10.0,10.0,11.0,10.0,10.0,14.0,14.0,17.0,14.0,12.0,14.0,13.0,13.0,11.0,13.0,12.0,13.0,12.0,17.0,16.0,17.0,15.0,12.0,15.0,14.0,16.0,15.0,15.0,15.0,22.0,21.0,23.0,22.0,21.0,24.0,37.0,2300.0
mag,20.16,-19.494,-21.09,19.976,20.912,21.239,-21.007,-20.247,-20.083,20.588,-21.066,20.527,-20.9,-20.701,-20.939,-21.653,-21.409,21.718,-22.245,22.745,0.0,21.873,-21.156,23.419,20.837,-21.545,-22.215,-21.055,-21.276,20.835,22.177,20.73,-21.464,-23.98,-24.254,20.517,23.439,-21.657,-22.247,-21.58,-22.391,-20.689,21.499,-22.337,20.823,22.039,-20.79,-20.725,-20.451,-20.646,20.595,-21.043,21.981,-20.95,22.894,-21.552,21.396,23.22,-22.303,-20.987,22.198,-22.717,-20.521,22.765,22.165,-20.907,22.284,-21.599,-20.561,-19.952,23.826,22.909,22.082,21.065,-21.403,-22.54,-20.407,23.336,-21.515,20.836,-20.706,-20.704,21.432,-19.804,21.171,-19.164,-20.305,-20.659,20.828,-21.204,-19.133,15.52
dmag,0.674,0.426,2.083,1.298,1.235,2.157,1.44,0.752,0.704,0.878,1.742,1.074,0.912,0.811,1.047,2.27,1.178,1.818,3.333,4.8,21.283,1.857,0.819,9.2,0.654,1.139,2.19,0.79,1.136,1.015,2.84,0.766,1.159,11.5,18.0,0.519,7.533,1.486,2.478,1.392,3.622,0.696,1.595,3.256,0.823,2.104,0.836,0.68,0.519,0.6,0.584,0.872,1.6,0.806,4.556,1.108,0.978,6.0,2.389,0.679,2.816,4.68,0.758,4.739,2.35,0.884,2.865,1.515,0.491,0.341,11.0,5.211,2.342,1.222,1.569,4.818,0.591,7.312,1.708,0.831,0.865,0.805,1.587,0.35,1.776,0.273,0.837,1.108,1.248,2.0,0.46,1.023
