atlas-norm,2024hl,88.684458,-35.320411,0.041,nan,60314.18476000009
++++++++++++++++++++++++++++++++++++++++++++++++++++++++++++++++
++++++++++++++++++++++++++++++++++++++++++++++++++++++++++++++++
++++++++++++++++++++++++++++++++++++++++++++++++++++++++++++++++
zp,nan,nan,nan,nan,nan,nan,nan,nan,nan,nan,nan,nan,nan,nan,nan,nan,nan,nan,nan,nan,nan,nan,nan,nan,nan,nan,nan,nan,nan,nan,nan,nan,nan,nan,nan,nan,nan,nan,nan,nan,nan,nan,nan,nan,nan,nan,nan,nan,nan,nan,nan,nan,nan,nan,nan,nan,nan,nan,nan,nan,nan,nan,nan,nan,nan,nan,nan,nan,nan,nan,nan,nan,nan,nan,nan,nan,nan,nan,nan,nan,nan,nan,nan,nan,nan,nan,nan,nan,nan,nan,nan,nan,nan,nan,nan,nan,nan,nan,nan,nan,nan,nan,nan,nan,nan,nan,nan,nan,nan,nan,nan,nan,nan,nan,nan
filter,o,o,o,o,o,o,o,o,o,o,o,o,o,o,o,o,o,o,o,o,o,o,o,o,c,c,c,c,o,o,o,o,o,o,o,o,c,c,c,c,o,o,o,o,o,o,o,o,c,c,c,c,c,c,c,c,o,o,o,o,o,o,o,o,o,o,o,o,o,o,o,o,c,c,c,c,c,c,c,c,o,o,o,o,o,o,o,o,o,o,o,o,o,o,o,o,o,o,o,o,o,o,o,o,o,o,o,o,o,o,o,o,o,o,o
mjd,60658.968896,60659.003281,60659.031584,60659.056992,60661.221954,60661.225594,60661.231237,60661.264499,60662.25067,60662.970366,60662.973148,60663.008425,60663.875379,60663.878239,60663.881396,60663.916747,60665.22588,60665.261423,60665.264256,60665.293183,60666.186556,60666.217958,60666.221119,60666.226632,60666.932764,60666.935924,60666.942896,60666.946088,60669.179026,60669.182205,60669.217915,60669.223839,60670.183308,60670.215482,60670.218307,60670.224747,60670.955944,60670.958761,60670.984015,60670.990381,60673.184421,60673.187625,60673.219225,60673.224432,60674.168888,60674.182318,60674.186032,60674.191698,60675.048584,60675.051847,60675.069138,60675.079355,60675.853147,60675.854953,60675.858114,60675.863206,60676.159902,60676.163102,60676.17324,60676.178733,60677.17824,60677.204431,60677.207581,60677.208482,60677.237003,60677.238294,60677.241876,60677.271175,60678.17559,60678.17975,60678.184996,60678.2187,60678.918011,60678.920797,60678.93948,60678.94586,60679.928492,60679.932116,60679.937718,60679.972068,60681.18064,60681.183496,60681.188864,60681.218923,60682.161297,60682.172603,60682.176243,60682.181829,60682.907345,60682.910507,60682.91595,60682.92727,60682.94088,60683.910557,60683.913736,60683.919278,60683.929729,60683.966801,60685.173201,60685.175974,60685.181435,60685.1918,60686.161927,60686.165148,60686.171308,60686.183078,60686.917198,60686.920402,60686.926341,60686.936384,60687.903101,60687.903551,60687.906258,60687.906709,60687.911737
flux,-24.0,6.0,22.0,48.0,-570.0,82.0,298.0,-57.0,-11.0,34.0,48.0,14.0,15.0,6.0,-18.0,-3.0,-13.0,32.0,28.0,-15.0,31.0,-9.0,34.0,10.0,8.0,2.0,3.0,19.0,32.0,5.0,23.0,-2.0,3.0,15.0,13.0,-4.0,22.0,13.0,-20.0,31.0,-4.0,-13.0,-1.0,-7.0,24.0,43.0,37.0,-14.0,-26.0,-23.0,-12.0,2.0,-12.0,-6.0,-23.0,-11.0,4.0,34.0,14.0,32.0,-18.0,-13.0,1.0,6.0,43.0,-1.0,-6.0,45.0,23.0,-6.0,2.0,6.0,-14.0,4.0,-3.0,1.0,5.0,11.0,8.0,12.0,14.0,-17.0,26.0,-20.0,-13.0,-19.0,0.0,1.0,4.0,31.0,-2.0,-15.0,35.0,4.0,-5.0,65.0,-26.0,-8.0,0.0,12.0,11.0,-13.0,-45.0,36.0,54.0,-4.0,37.0,0.0,25.0,26.0,22.0,-24.0,-7.0,-33.0,92.0
dflux,27.0,28.0,29.0,29.0,250.0,49.0,87.0,62.0,20.0,26.0,24.0,21.0,12.0,10.0,14.0,16.0,17.0,20.0,18.0,19.0,12.0,18.0,16.0,16.0,9.0,7.0,9.0,10.0,18.0,16.0,14.0,16.0,10.0,13.0,14.0,9.0,10.0,8.0,14.0,12.0,13.0,12.0,13.0,11.0,16.0,16.0,14.0,18.0,10.0,10.0,11.0,12.0,10.0,9.0,8.0,10.0,14.0,16.0,12.0,17.0,14.0,11.0,18.0,13.0,18.0,14.0,16.0,14.0,14.0,13.0,12.0,13.0,12.0,10.0,8.0,9.0,11.0,10.0,10.0,12.0,23.0,14.0,17.0,15.0,16.0,13.0,16.0,13.0,14.0,14.0,15.0,15.0,13.0,17.0,15.0,16.0,14.0,11.0,25.0,17.0,15.0,16.0,30.0,35.0,29.0,37.0,26.0,27.0,28.0,32.0,31.0,28.0,41.0,30.0,44.0
mag,-20.45,21.96,20.558,19.708,-17.01,19.11,17.715,-19.513,-21.292,20.082,19.687,21.042,20.96,22.01,-20.748,-22.594,-21.148,20.132,20.277,-20.933,20.175,-21.554,20.068,21.392,21.585,23.268,22.652,20.679,20.121,22.158,20.502,-23.457,22.747,20.928,21.134,-22.547,20.523,21.121,-20.64,20.168,-22.481,-21.105,-23.595,-21.843,20.43,19.815,19.974,-21.027,-20.372,-20.504,-21.219,22.926,-21.235,-21.953,-20.507,-21.265,22.314,20.076,21.016,20.155,-20.755,-21.081,24.148,21.954,19.825,-23.535,-21.988,19.768,20.475,-21.907,23.164,21.963,-21.034,22.501,-22.582,24.195,22.121,21.281,21.709,21.227,21.046,-20.831,20.341,-20.634,-21.119,-20.708,26.015,24.077,22.289,20.164,-22.928,-20.95,20.04,22.372,-22.169,19.371,-20.34,-21.703,-25.491,21.169,21.283,-21.082,-19.773,20.013,19.564,-22.502,19.968,24.799,20.423,20.355,20.559,-20.429,-21.728,-20.094,18.993
dmag,1.13,4.684,1.315,0.604,0.439,0.595,0.293,1.088,1.837,0.758,0.49,1.523,0.833,1.795,0.76,4.905,1.345,0.605,0.621,1.263,0.374,2.033,0.475,1.565,1.096,4.091,2.722,0.524,0.549,3.29,0.629,10.75,3.44,0.86,1.109,2.621,0.445,0.64,0.67,0.403,3.469,0.915,9.583,1.639,0.632,0.377,0.373,1.278,0.386,0.44,0.927,4.833,0.885,1.537,0.357,0.882,3.286,0.474,0.859,0.545,0.793,0.813,22.4,2.158,0.431,9.889,2.692,0.316,0.586,2.122,6.267,2.238,0.818,2.783,2.524,11.4,2.065,0.864,1.4,1.0,1.671,0.828,0.627,0.759,1.2,0.684,114.0,15.571,3.08,0.464,6.2,0.978,0.369,4.1,3.056,0.245,0.543,1.481,109.5,1.389,1.347,1.217,0.674,0.983,0.533,10.185,0.688,61.0,1.14,1.221,1.413,1.151,5.552,0.888,0.475
