atlas-norm,2024xex,88.744984888,51.8959943236,0.058,nan,60583.55103999982
++++++++++++++++++++++++++++++++++++++++++++++++++++++++++++++++
++++++++++++++++++++++++++++++++++++++++++++++++++++++++++++++++
++++++++++++++++++++++++++++++++++++++++++++++++++++++++++++++++
zp,nan,nan,nan,nan,nan,nan,nan,nan,nan,nan,nan,nan,nan,nan,nan,nan,nan,nan,nan,nan,nan,nan,nan,nan,nan,nan,nan,nan,nan,nan,nan,nan,nan,nan,nan,nan,nan,nan,nan,nan,nan,nan,nan,nan,nan,nan,nan,nan,nan,nan,nan
filter,o,o,o,o,o,o,o,o,o,o,o,o,o,o,o,o,o,o,o,o,o,o,o,o,o,o,o,o,o,o,o,o,o,o,o,o,o,o,o,o,o,o,o,o,o,o,o,o,o,o,o
mjd,60663.439301,60663.470542,60663.473727,60663.48015,60665.408223,60665.41106,60665.417194,60665.422267,60667.471259,60667.476725,60667.479893,60667.513648,60671.425613,60671.459495,60671.462673,60671.468132,60673.402744,60673.405971,60673.411964,60673.446621,60675.589712,60675.592575,60675.599902,60675.609825,60677.391317,60677.395012,60677.40055,60677.406086,60677.409306,60677.4107,60677.443507,60677.449056,60679.392624,60679.399518,60679.402286,60679.403191,60679.40958,60679.412304,60679.444195,60681.417369,60681.432334,60681.435126,60681.462868,60683.402315,60683.405602,60683.44003,60683.447801,60685.364316,60685.367514,60685.373051,60685.407704
flux,11.0,8.0,16.0,2.0,36.0,33.0,4.0,-2.0,15.0,8.0,9.0,26.0,0.0,27.0,19.0,14.0,3.0,20.0,18.0,18.0,4.0,20.0,32.0,22.0,22.0,21.0,11.0,19.0,10.0,-11.0,-5.0,10.0,-49.0,-147.0,-42.0,-4.0,17.0,22.0,31.0,-3.0,24.0,18.0,6.0,-2.0,16.0,1.0,2.0,0.0,-23.0,-65.0,25.0
dflux,16.0,14.0,14.0,15.0,12.0,14.0,14.0,16.0,11.0,13.0,12.0,13.0,11.0,10.0,11.0,11.0,10.0,11.0,11.0,12.0,14.0,15.0,14.0,15.0,11.0,10.0,11.0,11.0,11.0,11.0,12.0,12.0,270.0,201.0,24.0,14.0,9.0,16.0,11.0,10.0,10.0,10.0,11.0,17.0,17.0,17.0,16.0,2.0,64.0,102.0,54.0
mag,21.338,21.61,20.911,23.341,20.012,20.116,22.526,-23.279,20.932,21.657,21.529,20.373,0.0,20.33,20.68,20.993,22.772,20.667,20.795,20.76,22.318,20.655,20.127,20.555,20.563,20.604,21.312,20.71,21.36,-21.304,-22.183,21.384,-19.665,-18.482,-19.83,-22.325,20.808,20.532,20.177,-22.802,20.431,20.779,21.867,-22.945,20.865,23.578,23.203,0.0,-20.511,-19.361,20.397
dmag,1.541,1.699,0.889,9.176,0.328,0.434,4.0,9.2,0.711,1.695,1.359,0.51,21.298,0.366,0.547,0.767,3.632,0.57,0.635,0.658,3.207,0.752,0.439,0.689,0.522,0.494,1.024,0.579,1.087,1.036,2.455,1.141,5.458,1.365,0.561,3.342,0.515,0.711,0.346,3.583,0.391,0.584,1.63,7.15,1.045,12.545,8.6,23.496,2.822,1.568,2.141
