atlas-norm,2024aefe,219.792917,29.217219,0.073,nan,60662.60528999986
++++++++++++++++++++++++++++++++++++++++++++++++++++++++++++++++
++++++++++++++++++++++++++++++++++++++++++++++++++++++++++++++++
++++++++++++++++++++++++++++++++++++++++++++++++++++++++++++++++
zp,nan,nan,nan,nan,nan,nan,nan,nan,nan,nan,nan,nan,nan,nan,nan,nan,nan,nan,nan,nan,nan,nan,nan,nan,nan,nan,nan,nan,nan,nan,nan,nan,nan,nan,nan,nan,nan,nan,nan,nan,nan,nan,nan,nan,nan,nan,nan,nan,nan,nan,nan,nan,nan,nan,nan,nan,nan,nan,nan,nan,nan,nan,nan,nan,nan,nan,nan,nan,nan,nan,nan,nan,nan,nan,nan,nan,nan,nan,nan,nan,nan,nan,nan,nan,nan,nan
filter,o,o,o,o,o,o,o,o,o,o,o,o,o,o,o,o,o,o,o,o,o,o,o,o,o,o,o,o,o,o,o,o,o,o,o,o,o,o,o,o,o,o,o,o,o,o,o,o,o,o,o,o,o,o,o,o,o,o,o,o,o,o,o,o,o,o,o,o,o,o,o,o,o,o,o,o,o,o,o,o,o,o,o,o,o,o
mjd,60656.631176,60656.639523,60656.643691,60659.624083,60659.642763,60659.647875,60659.652055,60661.638222,60661.655957,60661.659721,60661.662562,60662.605297,60662.606201,60662.619949,60662.620404,60662.62421,60662.634848,60665.60644,60665.607344,60665.60968,60665.610584,60665.616203,60665.617106,60665.625597,60665.6265,60666.62912,60666.632334,60666.649502,60666.658717,60667.623458,60667.626295,60668.632187,60668.635243,60669.590569,60669.593854,60669.599432,60669.610322,60670.609997,60670.61366,60670.620159,60670.638539,60673.610267,60673.613994,60673.62045,60673.63077,60674.610974,60674.614645,60674.619735,60674.630645,60676.601816,60676.607152,60676.609948,60676.620194,60677.616296,60677.619509,60677.625035,60677.643386,60678.538783,60678.542987,60678.566652,60678.572243,60678.614052,60678.617777,60678.624788,60678.635626,60679.546596,60679.568857,60679.571688,60679.577279,60679.612235,60679.61502,60679.620635,60679.635196,60680.621371,60680.639246,60681.604571,60681.607383,60681.61297,60681.622751,60682.606825,60682.609606,60682.61518,60682.625437,60684.615505,60684.618807,60684.626397
flux,96.0,58.0,-84.0,100.0,110.0,108.0,59.0,142.0,146.0,131.0,122.0,165.0,208.0,153.0,133.0,139.0,108.0,144.0,137.0,134.0,102.0,124.0,95.0,138.0,136.0,125.0,108.0,108.0,164.0,154.0,168.0,148.0,97.0,120.0,178.0,132.0,132.0,122.0,145.0,97.0,96.0,106.0,90.0,82.0,111.0,118.0,91.0,96.0,91.0,115.0,60.0,100.0,70.0,91.0,63.0,65.0,76.0,84.0,87.0,80.0,90.0,115.0,84.0,71.0,101.0,631.0,47.0,94.0,73.0,69.0,76.0,45.0,84.0,40.0,62.0,68.0,68.0,79.0,69.0,62.0,74.0,34.0,81.0,69.0,64.0,96.0
dflux,39.0,31.0,71.0,47.0,37.0,32.0,37.0,26.0,20.0,20.0,23.0,25.0,32.0,28.0,24.0,24.0,22.0,24.0,18.0,22.0,18.0,20.0,15.0,19.0,17.0,17.0,17.0,15.0,19.0,22.0,18.0,18.0,19.0,17.0,18.0,18.0,16.0,19.0,17.0,17.0,13.0,16.0,15.0,13.0,14.0,15.0,15.0,18.0,15.0,12.0,13.0,13.0,12.0,14.0,14.0,16.0,14.0,21.0,21.0,16.0,18.0,12.0,14.0,10.0,11.0,198.0,12.0,14.0,15.0,11.0,12.0,10.0,10.0,13.0,12.0,12.0,14.0,12.0,14.0,12.0,14.0,12.0,13.0,12.0,12.0,12.0
mag,18.95,19.492,-19.093,18.904,18.799,18.821,19.472,18.522,18.492,18.604,18.688,18.356,18.104,18.435,18.594,18.546,18.812,18.505,18.558,18.584,18.884,18.662,18.952,18.547,18.57,18.659,18.819,18.818,18.364,18.429,18.334,18.474,18.933,18.7,18.273,18.599,18.595,18.685,18.498,18.929,18.942,18.836,19.011,19.117,18.79,18.717,19.002,18.942,19.005,18.75,19.452,18.899,19.293,18.997,19.405,19.365,19.198,19.084,19.055,19.15,19.015,18.748,19.091,19.269,18.886,16.899,19.717,18.968,19.245,19.303,19.203,19.759,19.096,19.887,19.417,19.327,19.319,19.157,19.301,19.419,19.232,20.067,19.127,19.308,19.383,18.949
dmag,0.409,0.527,0.845,0.476,0.336,0.299,0.626,0.181,0.141,0.151,0.192,0.152,0.154,0.185,0.184,0.17,0.198,0.17,0.13,0.162,0.174,0.165,0.158,0.139,0.123,0.135,0.157,0.136,0.116,0.144,0.108,0.123,0.2,0.139,0.099,0.132,0.121,0.152,0.116,0.17,0.137,0.148,0.166,0.163,0.124,0.13,0.161,0.191,0.167,0.106,0.219,0.126,0.175,0.159,0.222,0.245,0.185,0.247,0.238,0.201,0.199,0.106,0.162,0.142,0.109,0.313,0.261,0.144,0.211,0.159,0.156,0.231,0.121,0.319,0.194,0.175,0.208,0.149,0.198,0.188,0.192,0.364,0.159,0.168,0.194,0.127
