atlas-norm,2024aov,351.63175,0.836335,0.028,nan,60330.20717999991
++++++++++++++++++++++++++++++++++++++++++++++++++++++++++++++++
++++++++++++++++++++++++++++++++++++++++++++++++++++++++++++++++
++++++++++++++++++++++++++++++++++++++++++++++++++++++++++++++++
zp,nan,nan,nan,nan,nan,nan,nan,nan,nan,nan,nan,nan,nan,nan,nan,nan,nan,nan,nan,nan,nan,nan,nan,nan,nan,nan,nan,nan,nan,nan,nan,nan,nan,nan,nan,nan,nan,nan,nan,nan,nan,nan,nan,nan,nan,nan,nan
filter,o,o,o,o,o,o,o,o,o,o,o,o,o,o,o,o,o,o,o,o,o,o,o,o,o,o,o,o,o,o,o,o,o,o,o,o,o,o,o,o,o,o,o,o,o,o,o
mjd,60659.031746,60659.034899,60659.042597,60659.064849,60660.280566,60660.28377,60660.28921,60660.299735,60664.266468,60664.269648,60664.275585,60664.290135,60666.293499,60666.297194,60666.313014,60666.330637,60668.213164,60668.216333,60668.225494,60668.235553,60672.241974,60672.245162,60672.250263,60672.262278,60674.200284,60674.203507,60674.213588,60674.227917,60676.201862,60676.205026,60676.227365,60678.200614,60678.204745,60678.228191,60678.242892,60682.204919,60682.20813,60682.229732,60682.235689,60684.205128,60684.208319,60684.215588,60684.225641,60688.212995,60688.216191,60688.221667,60688.233513
flux,-51.0,-26.0,-3.0,-10.0,26.0,-32.0,46.0,-43.0,-16.0,-21.0,2.0,20.0,-8.0,-18.0,-16.0,-8.0,-6.0,3.0,-34.0,-24.0,-11.0,-44.0,-11.0,24.0,-23.0,-8.0,-21.0,-8.0,-17.0,-44.0,9.0,-51.0,-18.0,21.0,-22.0,-12.0,9.0,-19.0,-3.0,-58.0,11.0,-18.0,-16.0,-24.0,-30.0,-25.0,18.0
dflux,41.0,35.0,40.0,33.0,32.0,27.0,28.0,28.0,16.0,13.0,14.0,16.0,12.0,14.0,16.0,19.0,15.0,13.0,12.0,14.0,12.0,15.0,14.0,13.0,34.0,22.0,14.0,12.0,32.0,28.0,18.0,35.0,21.0,15.0,16.0,36.0,24.0,21.0,20.0,39.0,28.0,20.0,24.0,33.0,26.0,34.0,35.0
mag,-19.63,-20.34,-22.599,-21.423,20.353,-20.134,19.751,-19.821,-20.89,-20.579,22.978,20.675,-21.709,-20.75,-20.895,-21.695,-21.982,22.571,-20.078,-20.473,-21.3,-19.795,-21.33,20.456,-20.496,-21.663,-20.573,-21.579,-20.821,-19.793,21.509,-19.633,-20.737,20.616,-20.531,-21.226,21.542,-20.707,-22.872,-19.493,21.319,-20.754,-20.895,-20.428,-20.212,-20.389,20.737
dmag,0.807,1.305,12.143,3.411,1.203,0.85,0.62,0.662,0.978,0.596,6.095,0.826,1.661,0.779,0.991,2.524,2.571,3.724,0.345,0.602,1.065,0.349,1.315,0.54,1.491,2.855,0.646,1.385,1.873,0.639,1.955,0.693,1.154,0.734,0.701,3.037,2.766,1.103,7.619,0.677,2.591,1.106,1.507,1.343,0.867,1.338,1.907
