atlas-norm,2024acnr,201.68351625,16.86179875,0.027483,nan,60641.62826000014
++++++++++++++++++++++++++++++++++++++++++++++++++++++++++++++++
++++++++++++++++++++++++++++++++++++++++++++++++++++++++++++++++
++++++++++++++++++++++++++++++++++++++++++++++++++++++++++++++++
zp,nan,nan,nan,nan,nan,nan,nan,nan,nan,nan,nan,nan,nan,nan,nan,nan,nan,nan,nan,nan,nan,nan,nan,nan,nan,nan,nan,nan,nan,nan,nan,nan,nan,nan,nan,nan,nan,nan,nan,nan,nan,nan,nan,nan,nan,nan,nan,nan,nan,nan,nan,nan,nan,nan,nan,nan,nan,nan,nan,nan,nan,nan,nan,nan,nan,nan,nan,nan,nan,nan,nan,nan,nan,nan,nan,nan,nan,nan
filter,o,o,o,o,o,o,o,o,o,o,o,o,o,o,o,o,o,o,o,o,o,o,o,o,o,o,o,o,o,o,o,o,o,o,o,o,o,o,o,o,o,o,o,o,o,o,o,o,o,o,o,o,o,o,o,o,o,o,o,o,o,o,o,o,o,o,o,o,o,o,o,o,o,o,o,o,o,o
mjd,60656.586317,60656.58957,60656.594628,60656.62148,60659.573792,60659.578981,60659.582193,60659.597414,60661.594077,60661.608924,60661.612106,60661.617628,60662.631654,60662.635751,60662.642659,60662.656909,60665.641842,60665.647012,60665.65126,60665.668612,60666.619398,60666.622601,60666.627743,60666.64671,60667.628178,60667.631911,60668.60826,60668.611933,60668.619046,60668.629557,60669.61266,60669.616363,60669.622015,60669.634091,60670.624384,60670.627265,60670.632461,60670.648862,60670.665833,60673.642118,60673.651482,60673.655724,60673.666338,60674.62021,60674.623029,60674.628768,60674.648041,60676.632995,60676.638822,60676.64066,60677.631548,60677.634882,60677.652633,60677.662891,60678.601178,60678.60435,60678.609457,60678.622916,60678.667415,60679.602972,60679.605745,60679.617857,60679.623433,60680.582339,60680.585114,60680.592023,60680.610134,60681.612494,60681.615285,60681.620924,60681.628747,60682.584208,60682.587002,60682.592521,60682.604465,60684.573416,60684.57998,60684.583238
flux,180.0,210.0,175.0,119.0,144.0,171.0,182.0,196.0,127.0,148.0,93.0,169.0,130.0,148.0,131.0,123.0,152.0,131.0,128.0,158.0,132.0,159.0,112.0,107.0,118.0,106.0,77.0,106.0,126.0,140.0,91.0,119.0,128.0,116.0,118.0,121.0,113.0,125.0,106.0,101.0,96.0,110.0,110.0,74.0,92.0,92.0,117.0,80.0,89.0,90.0,90.0,89.0,80.0,98.0,65.0,73.0,102.0,111.0,101.0,71.0,93.0,52.0,85.0,70.0,82.0,93.0,88.0,81.0,69.0,100.0,82.0,89.0,107.0,82.0,88.0,70.0,72.0,68.0
dflux,472.0,50.0,110.0,51.0,35.0,33.0,29.0,28.0,19.0,19.0,18.0,21.0,20.0,20.0,18.0,22.0,20.0,17.0,15.0,80.0,19.0,18.0,16.0,16.0,19.0,28.0,18.0,16.0,18.0,16.0,14.0,16.0,16.0,13.0,12.0,12.0,13.0,11.0,14.0,9.0,12.0,11.0,12.0,16.0,10.0,12.0,11.0,11.0,11.0,10.0,13.0,12.0,12.0,14.0,11.0,12.0,12.0,14.0,14.0,10.0,9.0,14.0,11.0,11.0,13.0,12.0,12.0,11.0,13.0,11.0,14.0,16.0,14.0,12.0,12.0,10.0,11.0,7.0
mag,18.26,18.097,18.292,18.708,18.503,18.318,18.249,18.172,18.638,18.476,18.98,18.331,18.611,18.471,18.604,18.673,18.447,18.606,18.633,18.404,18.602,18.396,18.773,18.83,18.724,18.834,19.181,18.834,18.651,18.539,19.007,18.711,18.628,18.734,18.722,18.694,18.766,18.661,18.842,18.885,18.939,18.793,18.802,19.221,18.995,18.988,18.733,19.146,19.028,19.017,19.009,19.029,19.142,18.922,19.375,19.237,18.876,18.787,18.889,19.269,18.98,19.604,19.077,19.294,19.11,18.975,19.033,19.132,19.306,18.903,19.112,19.024,18.823,19.121,19.032,19.279,19.251,19.322
dmag,2.618,0.24,0.63,0.429,0.243,0.193,0.16,0.143,0.153,0.126,0.199,0.123,0.156,0.138,0.138,0.176,0.129,0.129,0.117,0.508,0.142,0.116,0.141,0.148,0.159,0.263,0.234,0.147,0.142,0.118,0.159,0.138,0.127,0.11,0.102,0.095,0.114,0.091,0.134,0.091,0.12,0.1,0.108,0.216,0.103,0.132,0.094,0.137,0.124,0.116,0.144,0.138,0.152,0.145,0.17,0.166,0.114,0.126,0.138,0.143,0.095,0.268,0.126,0.153,0.157,0.123,0.138,0.14,0.185,0.112,0.176,0.175,0.126,0.141,0.137,0.147,0.157,0.108
