atlas-norm,2024wuj,39.5849524641,4.7231695793,0.0747,nan,60580.40431000013
++++++++++++++++++++++++++++++++++++++++++++++++++++++++++++++++
++++++++++++++++++++++++++++++++++++++++++++++++++++++++++++++++
++++++++++++++++++++++++++++++++++++++++++++++++++++++++++++++++
zp,nan,nan,nan,nan,nan,nan,nan,nan,nan,nan,nan,nan,nan,nan,nan,nan,nan,nan,nan,nan,nan,nan,nan,nan,nan,nan,nan,nan,nan,nan,nan,nan,nan,nan,nan,nan,nan,nan,nan,nan,nan,nan,nan,nan,nan,nan,nan,nan,nan,nan,nan,nan,nan,nan,nan,nan,nan,nan,nan,nan,nan,nan,nan,nan,nan,nan,nan,nan,nan,nan,nan,nan,nan,nan,nan,nan,nan,nan,nan,nan,nan,nan,nan,nan,nan,nan,nan,nan,nan,nan,nan,nan
filter,o,o,o,o,o,o,o,o,o,o,o,o,o,o,o,o,o,o,o,o,o,o,o,o,c,c,c,c,o,o,o,o,o,o,o,o,o,o,o,o,c,c,c,c,o,o,o,o,o,o,o,o,c,c,c,c,o,o,o,o,o,o,o,o,o,o,o,o,o,o,o,o,o,o,o,o,o,o,o,o,o,o,o,o,o,o,o,o,o,o,o,o
mjd,60659.113033,60659.116667,60659.124567,60659.13678,60660.37837,60660.381538,60660.387003,60660.397055,60660.875613,60660.879254,60660.88559,60660.895533,60662.436383,60662.443739,60662.448822,60662.460814,60663.113321,60663.121096,60663.124264,60663.136573,60664.36335,60664.366533,60664.372033,60664.386574,60664.835868,60664.839049,60664.844521,60664.854341,60666.35385,60666.357059,60666.362343,60666.379061,60667.075847,60667.07904,60667.084555,60667.096111,60668.322173,60668.32581,60668.33126,60668.355092,60668.805151,60668.808766,60668.820075,60668.825521,60671.087533,60671.090705,60671.097088,60671.110514,60672.321972,60672.32522,60672.331279,60672.343535,60672.822922,60672.826095,60672.833342,60672.849325,60674.306228,60674.310349,60674.320166,60674.337249,60675.055324,60675.05851,60675.065759,60675.075788,60676.426442,60676.429695,60676.437567,60678.286743,60678.293945,60678.29716,60678.315565,60678.316022,60679.07907,60679.082241,60679.089966,60679.105447,60680.280781,60680.284402,60680.29002,60680.303212,60680.791225,60680.794385,60680.799804,60680.812035,60682.258725,60682.262847,60682.269276,60682.279747,60687.088511,60687.112409,60687.118507,60687.129036
flux,138.0,47.0,78.0,10.0,7.0,-27.0,26.0,16.0,-27.0,14.0,22.0,64.0,7.0,49.0,40.0,14.0,42.0,-17.0,19.0,-44.0,15.0,29.0,24.0,22.0,23.0,24.0,0.0,7.0,22.0,11.0,28.0,45.0,38.0,44.0,12.0,0.0,17.0,-14.0,21.0,22.0,4.0,6.0,29.0,-6.0,32.0,-3.0,-4.0,6.0,-2.0,12.0,3.0,50.0,6.0,12.0,26.0,6.0,60.0,8.0,24.0,-4.0,24.0,28.0,20.0,29.0,-12.0,34.0,-38.0,14.0,25.0,19.0,4.0,13.0,31.0,-7.0,32.0,7.0,45.0,7.0,23.0,18.0,46.0,26.0,34.0,49.0,9.0,14.0,18.0,-1.0,-188.0,-10.0,-77.0,49.0
dflux,52.0,44.0,54.0,48.0,32.0,26.0,29.0,30.0,21.0,21.0,26.0,24.0,17.0,20.0,19.0,21.0,14.0,18.0,18.0,19.0,14.0,16.0,14.0,13.0,10.0,9.0,12.0,10.0,12.0,13.0,14.0,14.0,12.0,14.0,14.0,13.0,14.0,12.0,12.0,14.0,9.0,10.0,10.0,10.0,17.0,16.0,13.0,15.0,12.0,12.0,10.0,12.0,10.0,11.0,10.0,11.0,10.0,10.0,11.0,11.0,14.0,13.0,13.0,16.0,16.0,16.0,14.0,12.0,11.0,11.0,11.0,13.0,15.0,17.0,18.0,19.0,14.0,14.0,13.0,17.0,22.0,21.0,17.0,19.0,16.0,16.0,15.0,15.0,90.0,56.0,59.0,54.0
mag,18.547,19.715,19.166,21.425,21.806,-20.33,20.342,20.883,-20.312,21.02,20.521,19.39,21.831,19.672,19.897,21.014,19.839,-20.845,20.699,-19.791,20.945,20.251,20.445,20.523,20.504,20.439,25.636,21.774,20.549,21.3,20.281,19.757,19.957,19.798,21.157,25.334,20.816,-21.024,20.583,20.542,22.342,21.988,20.245,-21.924,20.121,-22.792,-22.35,21.889,-23.485,21.163,22.754,19.659,21.926,21.18,20.357,21.913,19.458,21.644,20.446,-22.383,20.442,20.264,20.634,20.235,-21.164,20.064,-19.941,21.059,20.416,20.694,22.343,21.152,20.159,-21.797,20.14,21.752,19.769,21.794,20.507,20.79,19.733,20.371,20.061,19.681,21.51,21.011,20.781,-24.508,-18.212,-21.363,-19.182,19.666
dmag,0.378,0.933,0.689,4.933,4.627,0.97,1.089,1.841,0.764,1.462,1.168,0.37,2.537,0.399,0.482,1.48,0.33,1.101,0.933,0.424,0.939,0.558,0.593,0.569,0.445,0.385,57.0,1.487,0.571,1.182,0.491,0.3,0.318,0.321,1.088,49.5,0.786,0.853,0.543,0.614,2.179,1.632,0.353,1.667,0.531,5.813,3.2,2.306,8.231,0.927,3.36,0.243,1.618,0.897,0.39,1.743,0.175,1.273,0.446,2.667,0.564,0.453,0.621,0.539,1.268,0.476,0.364,0.871,0.438,0.593,2.621,1.036,0.474,2.4,0.549,2.605,0.307,2.015,0.585,0.993,0.469,0.819,0.507,0.399,1.827,1.092,0.841,25.6,0.479,5.364,0.766,1.101
