atlas-norm,2024gdb,189.791240747,13.472693619,0.078,nan,60409.36287999991
++++++++++++++++++++++++++++++++++++++++++++++++++++++++++++++++
++++++++++++++++++++++++++++++++++++++++++++++++++++++++++++++++
++++++++++++++++++++++++++++++++++++++++++++++++++++++++++++++++
zp,nan,nan,nan,nan,nan,nan,nan,nan,nan,nan,nan,nan,nan,nan,nan,nan,nan,nan,nan,nan,nan,nan,nan,nan,nan,nan,nan,nan,nan,nan,nan,nan,nan,nan,nan,nan,nan,nan,nan,nan,nan,nan,nan,nan,nan,nan,nan,nan,nan,nan,nan,nan,nan,nan,nan,nan,nan,nan,nan,nan,nan,nan,nan,nan,nan,nan,nan,nan,nan,nan,nan,nan,nan,nan,nan,nan,nan,nan,nan,nan,nan,nan,nan,nan,nan,nan,nan,nan,nan,nan,nan,nan,nan,nan,nan,nan
filter,o,o,o,o,o,o,o,o,o,o,o,o,o,o,o,o,o,o,o,o,o,o,o,o,o,o,o,o,o,o,o,o,o,o,o,o,o,o,o,o,o,o,o,o,o,o,o,o,c,c,c,c,o,o,o,o,o,o,o,o,o,o,o,o,o,o,o,o,o,o,o,o,o,o,o,o,o,o,o,o,o,o,o,o,o,o,o,o,o,c,c,c,c,o,o,o
mjd,60659.554746,60659.55753,60659.563085,60659.572866,60660.614213,60660.61953,60660.622734,60660.639189,60661.536739,60661.558198,60661.561391,60661.575658,60662.589785,60662.59303,60662.611694,60662.61625,60664.609316,60664.616761,60664.619939,60664.6386,60665.632059,60665.636291,60665.652665,60665.663437,60668.637326,60668.641835,60668.644716,60668.647948,60668.6569,60669.633622,60669.63648,60669.654173,60669.67229,60670.616863,60670.620648,60670.626287,60670.643646,60673.602358,60673.604651,60673.613505,60673.624175,60674.578027,60674.580839,60674.59757,60674.6031,60676.625841,60676.629261,60676.636683,60677.052785,60677.055944,60677.061397,60677.071822,60677.607775,60677.610566,60677.6158,60677.628713,60678.532477,60678.534823,60678.53528,60678.537673,60678.538131,60678.564914,60678.626227,60678.629491,60678.635137,60679.33652,60679.339288,60679.347551,60679.359837,60680.595148,60680.596955,60680.601022,60680.606455,60681.59988,60681.603184,60681.606439,60681.612026,60682.599362,60682.602125,60682.605437,60682.616121,60684.528079,60684.531282,60684.542289,60684.547831,60684.576065,60684.577875,60684.589168,60684.595514,60685.099616,60685.101873,60685.104154,60685.105992,60687.314236,60687.316052,60687.321512
flux,90.0,38.0,72.0,-28.0,11.0,24.0,33.0,-20.0,17.0,0.0,32.0,6.0,-45.0,-3.0,-5.0,5.0,-28.0,38.0,24.0,29.0,-32.0,15.0,53.0,-17.0,49.0,-28.0,13.0,18.0,11.0,10.0,16.0,-13.0,59.0,26.0,19.0,5.0,-14.0,-17.0,-16.0,6.0,-36.0,-20.0,-16.0,-8.0,18.0,20.0,-7.0,12.0,-8.0,2.0,3.0,10.0,-12.0,-3.0,8.0,-25.0,0.0,37.0,6.0,-17.0,10.0,17.0,43.0,7.0,0.0,-28.0,19.0,-31.0,4.0,5.0,28.0,-15.0,29.0,23.0,24.0,0.0,-16.0,27.0,16.0,16.0,4.0,-9.0,33.0,-12.0,-9.0,1.0,21.0,9.0,14.0,46.0,-7.0,8.0,-3.0,27.0,0.0,-43.0
dflux,69.0,38.0,34.0,27.0,24.0,25.0,22.0,20.0,38.0,25.0,26.0,20.0,22.0,22.0,16.0,18.0,17.0,22.0,18.0,20.0,18.0,15.0,15.0,25.0,15.0,11.0,12.0,11.0,15.0,12.0,13.0,11.0,34.0,13.0,12.0,14.0,12.0,14.0,13.0,11.0,11.0,9.0,10.0,10.0,10.0,10.0,10.0,9.0,12.0,10.0,10.0,10.0,12.0,14.0,10.0,11.0,12.0,13.0,13.0,14.0,12.0,12.0,9.0,12.0,16.0,17.0,19.0,16.0,24.0,18.0,16.0,15.0,14.0,12.0,11.0,11.0,11.0,12.0,12.0,12.0,13.0,15.0,14.0,14.0,11.0,11.0,14.0,13.0,10.0,14.0,15.0,21.0,21.0,36.0,0.0,53.0
mag,19.011,19.939,19.258,-20.288,21.322,20.436,20.104,-20.631,20.845,-24.813,20.121,21.942,-19.762,-22.653,-22.197,22.184,-20.264,19.966,20.433,20.244,-20.149,20.953,19.584,-20.836,19.665,-20.276,21.144,20.788,21.329,21.378,20.881,-21.081,19.465,20.363,20.695,22.25,-21.027,-20.823,-20.865,22.038,-20.0,-20.667,-20.903,-21.59,20.768,20.626,-21.838,21.218,-21.654,23.01,22.722,21.458,-21.171,-22.75,21.688,-20.418,-24.719,19.992,21.913,-20.8,21.409,20.8,19.822,21.722,24.55,-20.288,20.702,-20.185,22.413,22.214,20.275,-20.977,20.23,20.482,20.443,0.0,-20.91,20.312,20.882,20.902,22.337,-21.469,20.1,-21.229,-21.536,24.086,20.618,21.556,21.055,19.752,-21.762,21.587,-22.74,20.334,0.0,-19.818
dmag,0.766,0.984,0.472,0.954,2.2,1.024,0.669,0.986,2.262,58.333,0.788,3.234,0.479,6.808,3.397,3.705,0.593,0.595,0.732,0.69,0.56,1.0,0.289,1.5,0.308,0.401,0.966,0.639,1.405,1.197,0.827,0.825,0.572,0.5,0.611,3.184,0.836,0.849,0.804,1.957,0.293,0.447,0.659,1.203,0.555,0.5,1.471,0.772,1.488,4.571,3.412,1.049,0.965,4.85,1.316,0.452,25.333,0.362,2.028,0.791,1.169,0.669,0.201,1.639,28.4,0.604,0.984,0.54,6.0,3.923,0.583,1.032,0.495,0.503,0.438,21.295,0.717,0.434,0.755,0.771,3.179,1.638,0.408,1.171,1.266,13.429,0.685,1.475,0.759,0.304,2.088,2.538,7.333,1.336,0.0,1.225
