atlas-norm,2024abvq,160.583458,6.19855,0.028,nan,60636.627689999994
++++++++++++++++++++++++++++++++++++++++++++++++++++++++++++++++
++++++++++++++++++++++++++++++++++++++++++++++++++++++++++++++++
++++++++++++++++++++++++++++++++++++++++++++++++++++++++++++++++
zp,nan,nan,nan,nan,nan,nan,nan,nan,nan,nan,nan,nan,nan,nan,nan,nan,nan,nan,nan,nan,nan,nan,nan,nan,nan,nan,nan,nan,nan,nan,nan,nan,nan,nan,nan,nan,nan,nan,nan,nan,nan,nan,nan,nan,nan,nan,nan,nan,nan,nan,nan,nan,nan,nan,nan,nan,nan,nan,nan,nan,nan,nan,nan,nan,nan,nan,nan,nan,nan,nan,nan
filter,o,o,o,o,o,o,o,o,o,o,o,o,o,o,o,o,o,o,o,o,o,o,o,o,o,o,o,o,o,o,o,o,o,o,o,o,o,o,o,o,o,o,o,c,c,c,c,o,o,o,o,o,o,o,o,o,o,o,c,c,o,o,o,o,o,o,o,o,c,c,c
mjd,60656.570936,60656.571841,60656.573671,60656.577299,60656.582765,60658.552751,60658.55459,60658.55733,60658.56331,60659.303385,60659.306586,60659.312058,60659.324338,60660.536263,60660.538071,60660.543565,60660.55496,60661.028351,60661.031524,60661.036978,60661.05148,60662.63557,60662.640752,60662.644462,60668.573279,60668.576468,60668.580566,60668.590934,60671.303746,60671.306918,60671.313712,60671.319155,60672.529271,60672.531584,60672.549954,60672.555059,60674.556038,60674.560312,60674.565858,60674.588115,60675.310092,60675.313281,60675.343282,60676.999266,60677.002441,60677.005624,60677.016028,60678.551322,60678.554527,60678.55788,60678.578578,60679.288806,60679.294774,60679.321031,60680.498486,60680.520176,60680.521986,60680.525153,60681.09531,60681.098014,60683.285555,60683.295591,60683.29923,60683.303302,60684.515525,60684.517344,60684.520512,60684.536883,60685.030204,60685.032008,60685.035184
flux,264.0,231.0,211.0,202.0,264.0,217.0,235.0,162.0,213.0,215.0,169.0,405.0,302.0,224.0,142.0,196.0,180.0,42.0,205.0,176.0,157.0,176.0,166.0,156.0,169.0,138.0,139.0,125.0,190.0,177.0,186.0,128.0,114.0,134.0,156.0,158.0,144.0,142.0,155.0,164.0,192.0,229.0,193.0,81.0,84.0,60.0,82.0,139.0,141.0,137.0,136.0,146.0,116.0,141.0,132.0,128.0,123.0,126.0,52.0,60.0,92.0,133.0,111.0,137.0,121.0,76.0,61.0,64.0,31.0,34.0,48.0
dflux,24.0,24.0,24.0,21.0,16.0,26.0,19.0,25.0,19.0,33.0,42.0,450.0,31.0,23.0,30.0,22.0,23.0,34.0,34.0,33.0,25.0,19.0,20.0,22.0,16.0,13.0,13.0,14.0,14.0,13.0,14.0,14.0,12.0,12.0,12.0,12.0,11.0,11.0,10.0,10.0,19.0,19.0,15.0,13.0,13.0,12.0,10.0,12.0,11.0,13.0,10.0,17.0,18.0,17.0,14.0,17.0,15.0,15.0,13.0,14.0,15.0,16.0,17.0,16.0,46.0,58.0,21.0,18.0,11.0,10.0,11.0
mag,17.847,17.991,18.088,18.136,17.848,18.058,17.972,18.379,18.08,18.069,18.327,17.382,17.7,18.022,18.519,18.17,18.259,19.841,18.119,18.286,18.411,18.288,18.347,18.42,18.328,18.55,18.539,18.659,18.205,18.278,18.226,18.629,18.755,18.585,18.414,18.405,18.502,18.521,18.425,18.362,18.192,17.999,18.187,19.127,19.093,19.447,19.111,18.541,18.526,18.56,18.565,18.492,18.738,18.525,18.599,18.634,18.672,18.647,19.607,19.448,18.99,18.587,18.787,18.557,18.691,19.196,19.444,19.39,20.172,20.054,19.693
dmag,0.091,0.104,0.114,0.103,0.062,0.12,0.081,0.155,0.089,0.154,0.247,1.113,0.102,0.103,0.208,0.113,0.126,0.82,0.167,0.187,0.16,0.11,0.118,0.141,0.093,0.097,0.092,0.115,0.072,0.073,0.077,0.11,0.107,0.087,0.078,0.078,0.074,0.075,0.064,0.063,0.098,0.084,0.077,0.157,0.16,0.204,0.124,0.087,0.078,0.095,0.076,0.115,0.157,0.122,0.108,0.132,0.118,0.119,0.256,0.23,0.168,0.119,0.155,0.118,0.381,0.76,0.34,0.285,0.35,0.289,0.229
