atlas-norm,2022acyj,116.151771,-48.071372,0.06,nan,59928.22292000009
++++++++++++++++++++++++++++++++++++++++++++++++++++++++++++++++
++++++++++++++++++++++++++++++++++++++++++++++++++++++++++++++++
++++++++++++++++++++++++++++++++++++++++++++++++++++++++++++++++
zp,nan,nan,nan,nan,nan,nan,nan,nan,nan,nan,nan,nan,nan,nan,nan,nan,nan,nan,nan,nan,nan,nan,nan,nan,nan,nan,nan,nan,nan,nan,nan,nan,nan,nan,nan,nan,nan,nan,nan,nan,nan,nan,nan,nan,nan,nan,nan,nan,nan,nan,nan,nan,nan,nan,nan,nan,nan,nan,nan,nan,nan,nan,nan,nan,nan,nan
filter,o,o,o,o,o,o,o,o,o,o,o,o,o,o,o,o,o,o,o,o,o,o,o,o,c,c,c,c,o,o,o,o,c,c,c,c,c,c,c,c,o,o,o,o,c,c,c,c,o,o,o,o,c,c,c,o,o,o,o,o,o,o,o,o,o,o
mjd,60660.200369,60660.202183,60660.209996,60660.222935,60660.234223,60660.242198,60660.245922,60660.249557,60662.029531,60662.054228,60662.073645,60662.098529,60664.232586,60664.23441,60664.248658,60664.251933,60665.938616,60665.941478,60665.944297,60665.951354,60668.213132,60668.217268,60668.223724,60668.247558,60669.938271,60669.941117,60669.94429,60669.951268,60672.205297,60672.207567,60672.210737,60672.233385,60673.914606,60673.917566,60673.923078,60673.933621,60673.96668,60673.992585,60674.006146,60674.031158,60676.198241,60676.200555,60676.206061,60676.226955,60677.926418,60677.928696,60677.933248,60677.938709,60680.204839,60680.206655,60680.209895,60680.215415,60681.953241,60681.956026,60681.958807,60684.193774,60684.196931,60684.202471,60684.237858,60685.967189,60685.970358,60685.99296,60685.998854,60688.254143,60688.258796,60688.26573
flux,-28.0,10.0,15.0,30.0,51.0,69.0,-7.0,32.0,-2.0,-44.0,13.0,-14.0,15.0,-8.0,-23.0,6.0,10.0,21.0,3.0,15.0,-17.0,-1.0,-22.0,-2.0,16.0,14.0,-3.0,3.0,21.0,-2.0,7.0,1.0,3.0,6.0,9.0,10.0,-4.0,270.0,-331.0,-6.0,8.0,-1.0,4.0,2.0,-1.0,-12.0,-15.0,4.0,-5.0,28.0,22.0,16.0,6.0,2.0,-5.0,4.0,-9.0,16.0,-28.0,-1.0,-17.0,0.0,13.0,-30.0,21.0,0.0
dflux,38.0,32.0,29.0,36.0,25.0,44.0,41.0,41.0,22.0,23.0,23.0,40.0,16.0,14.0,14.0,20.0,20.0,22.0,24.0,22.0,17.0,19.0,17.0,16.0,11.0,13.0,9.0,9.0,14.0,16.0,12.0,12.0,11.0,12.0,12.0,11.0,10.0,146.0,208.0,12.0,14.0,17.0,15.0,18.0,13.0,15.0,12.0,14.0,22.0,26.0,27.0,23.0,13.0,13.0,12.0,20.0,19.0,21.0,24.0,18.0,21.0,18.0,17.0,37.0,30.0,30.0
mag,-20.3,21.459,20.954,20.211,19.622,19.3,-21.748,20.153,-23.395,-19.803,21.133,-21.056,20.942,-21.599,-20.503,21.94,21.446,20.593,22.628,20.948,-20.818,-23.927,-20.519,-22.922,20.927,21.038,-22.783,22.617,20.584,-23.247,21.852,24.221,22.821,22.03,21.518,21.409,-22.308,17.821,-17.601,-21.943,21.669,-23.996,22.398,23.338,-24.518,-21.192,-20.93,22.399,-22.125,20.272,20.534,20.878,22.012,23.457,-22.215,22.268,-21.523,20.863,-20.299,-24.312,-20.84,24.809,21.097,-20.224,20.598,0.0
dmag,1.372,3.343,1.911,1.217,0.484,0.641,5.706,1.29,14.0,0.53,1.8,2.949,1.081,1.735,0.602,3.26,2.122,1.022,7.429,1.441,1.016,19.429,0.774,6.5,0.684,0.91,3.368,2.864,0.682,8.706,1.885,16.143,4.167,2.083,1.3,1.078,2.357,0.541,0.629,2.0,1.774,19.0,3.812,10.692,22.333,1.209,0.812,3.545,4.3,0.902,1.215,1.436,2.31,8.571,2.435,4.55,2.158,1.264,0.876,26.0,1.262,42.667,1.314,1.244,1.444,20.223
