atlas-norm,2023xid,32.802458,-14.876061,0.076,nan,60257.91372000007
++++++++++++++++++++++++++++++++++++++++++++++++++++++++++++++++
++++++++++++++++++++++++++++++++++++++++++++++++++++++++++++++++
++++++++++++++++++++++++++++++++++++++++++++++++++++++++++++++++
zp,nan,nan,nan,nan,nan,nan,nan,nan,nan,nan,nan,nan,nan,nan,nan,nan,nan,nan,nan,nan,nan,nan,nan,nan,nan,nan,nan,nan,nan,nan,nan,nan,nan,nan,nan,nan,nan,nan,nan,nan,nan,nan,nan,nan,nan,nan,nan,nan,nan,nan,nan,nan,nan,nan,nan,nan,nan,nan,nan,nan,nan,nan,nan,nan,nan,nan,nan,nan,nan,nan,nan,nan,nan,nan,nan,nan,nan,nan,nan,nan,nan,nan,nan,nan,nan,nan,nan,nan,nan,nan,nan,nan,nan,nan,nan,nan,nan,nan,nan,nan,nan,nan,nan,nan,nan,nan,nan,nan,nan,nan,nan,nan
filter,o,o,o,o,o,o,o,o,o,o,o,o,o,o,o,o,o,o,o,o,o,o,o,o,o,o,o,o,o,o,o,o,c,c,c,c,o,o,o,o,c,c,c,c,c,c,c,o,o,o,o,o,o,o,o,o,o,o,o,c,c,c,c,c,o,o,o,o,o,o,o,o,o,o,o,o,o,o,o,o,o,o,o,o,o,o,o,o,o,o,o,o,o,o,o,o,o,o,o,o,o,o,o,o,o,o,o,o,o,o,o,o
mjd,60661.130715,60661.133713,60661.138897,60661.16546,60662.432715,60662.436852,60662.444696,60662.454386,60663.100952,60663.104649,60663.110117,60663.120635,60664.347168,60664.350005,60664.358327,60664.3684,60664.918016,60664.921178,60664.927392,60664.962206,60666.30927,60666.32222,60666.325421,60666.33577,60667.072164,60667.075372,60667.08088,60667.10446,60668.310368,60668.313542,60668.324002,60668.329442,60668.818713,60668.821881,60668.828228,60668.840045,60670.109303,60670.113062,60670.12117,60670.133222,60670.834507,60670.84629,60670.849462,60671.830533,60671.834613,60671.840528,60671.85146,60673.110412,60673.113205,60673.118726,60673.129167,60674.277012,60674.280227,60674.285521,60674.300735,60675.06485,60675.06804,60675.073958,60675.098642,60675.937704,60675.939549,60675.941453,60675.942358,60675.946664,60677.071638,60677.074838,60677.081421,60677.105197,60678.065193,60678.069784,60678.088734,60678.094359,60678.281712,60678.284915,60678.292118,60678.313739,60679.054723,60679.057958,60679.063432,60679.076343,60680.279426,60680.283045,60680.289116,60680.29912,60680.785798,60680.788968,60680.794839,60680.805252,60682.250478,60682.255984,60682.259182,60682.270209,60683.037086,60683.040727,60683.065527,60683.08395,60684.282768,60684.285948,60684.292775,60684.303935,60684.797309,60684.800476,60684.819045,60684.836879,60686.111995,60686.115275,60686.120865,60686.130782,60686.888399,60686.891169,60686.897089,60686.907291
flux,6.0,-16.0,-12.0,4.0,-13.0,7.0,-3.0,-61.0,15.0,-10.0,-19.0,6.0,-20.0,-23.0,16.0,-6.0,-27.0,-1.0,-24.0,69.0,-23.0,-37.0,-31.0,8.0,-30.0,-24.0,-57.0,-9.0,0.0,-17.0,-22.0,-7.0,17.0,15.0,2.0,-3.0,-6.0,-10.0,-3.0,-18.0,-8.0,0.0,-6.0,14.0,11.0,2.0,-16.0,-2.0,5.0,-5.0,-32.0,-35.0,12.0,8.0,-9.0,-19.0,2.0,-30.0,-10.0,0.0,7.0,9.0,-7.0,-11.0,14.0,-23.0,-2.0,-20.0,-6.0,-1.0,-12.0,26.0,4.0,-6.0,10.0,-8.0,-9.0,-7.0,-12.0,10.0,-21.0,12.0,17.0,3.0,-53.0,-15.0,-27.0,-3.0,-7.0,-7.0,7.0,11.0,-11.0,-32.0,3.0,6.0,44.0,-8.0,-372.0,10.0,24.0,-7.0,28.0,-8.0,24.0,24.0,-65.0,58.0,-6.0,23.0,-112.0,22.0
dflux,20.0,21.0,24.0,23.0,24.0,25.0,23.0,32.0,16.0,13.0,12.0,11.0,16.0,12.0,16.0,15.0,23.0,19.0,23.0,33.0,12.0,13.0,12.0,12.0,18.0,18.0,17.0,20.0,12.0,13.0,12.0,11.0,9.0,11.0,9.0,11.0,10.0,12.0,13.0,10.0,10.0,9.0,9.0,10.0,10.0,9.0,10.0,11.0,11.0,10.0,12.0,13.0,11.0,9.0,12.0,11.0,11.0,12.0,13.0,15.0,14.0,14.0,18.0,18.0,21.0,17.0,17.0,19.0,13.0,13.0,12.0,11.0,13.0,12.0,13.0,13.0,13.0,11.0,13.0,13.0,13.0,13.0,13.0,12.0,30.0,24.0,16.0,16.0,16.0,16.0,16.0,14.0,40.0,33.0,27.0,22.0,17.0,21.0,24.0,22.0,19.0,23.0,22.0,23.0,32.0,28.0,30.0,35.0,26.0,27.0,27.0,35.0
mag,22.018,-20.916,-21.236,22.294,-21.128,21.855,-22.736,-19.443,20.942,-21.356,-20.686,21.863,-20.624,-20.485,20.876,-22.011,-20.324,-23.508,-20.454,19.296,-20.486,-19.972,-20.16,21.579,-20.208,-20.436,-19.505,-21.516,-25.378,-20.83,-20.549,-21.743,20.813,20.957,23.016,-22.735,-21.934,-21.417,-22.828,-20.776,-21.597,24.717,-21.873,21.016,21.259,23.176,-20.895,-23.305,22.143,-22.129,-20.147,-20.033,21.22,21.665,-21.505,-20.698,23.404,-20.21,-21.444,25.694,21.789,21.464,-21.835,-21.296,21.039,-20.49,-23.148,-20.658,-21.989,-23.958,-21.216,20.376,22.376,-21.993,21.376,-21.639,-21.485,-21.791,-21.225,21.357,-20.583,21.237,20.801,22.646,-19.583,-20.962,-20.307,-22.601,-21.812,-21.76,21.85,21.333,-21.311,-20.127,22.594,22.002,19.779,-21.632,-17.475,21.354,20.445,-21.766,20.273,-21.671,20.475,20.445,-19.373,19.501,-21.952,20.493,-18.781,20.532
dmag,3.524,1.356,2.023,5.182,1.842,3.75,7.867,0.53,1.026,1.214,0.62,1.667,0.766,0.516,1.008,2.581,0.855,13.429,0.962,0.48,0.508,0.36,0.394,1.472,0.591,0.738,0.297,2.204,47.5,0.744,0.559,1.544,0.535,0.706,4.154,3.625,1.556,1.17,4.917,0.573,1.217,18.333,1.436,0.667,0.86,4.545,0.596,6.2,2.182,2.022,0.367,0.382,0.894,1.177,1.352,0.588,7.0,0.394,1.31,76.0,2.03,1.5,2.758,1.589,1.48,0.75,8.444,0.962,2.19,13.286,1.041,0.44,3.103,2.048,1.247,1.615,1.437,1.582,1.126,1.212,0.594,1.147,0.738,3.929,0.566,1.568,0.57,4.813,2.414,2.175,2.404,1.333,3.677,1.024,8.174,3.771,0.387,2.583,0.066,2.087,0.804,3.25,0.778,2.907,1.388,1.166,0.462,0.615,4.39,1.181,0.238,1.585
