atlas-norm,2024ssi,9.9173631179,26.1970467063,0.05,nan,60546.44586999994
++++++++++++++++++++++++++++++++++++++++++++++++++++++++++++++++
++++++++++++++++++++++++++++++++++++++++++++++++++++++++++++++++
++++++++++++++++++++++++++++++++++++++++++++++++++++++++++++++++
zp,nan,nan,nan,nan,nan,nan,nan,nan,nan,nan,nan,nan,nan,nan,nan,nan,nan,nan,nan,nan,nan,nan,nan,nan,nan,nan,nan,nan,nan,nan,nan,nan,nan,nan,nan,nan,nan,nan,nan,nan,nan,nan,nan,nan,nan,nan,nan,nan,nan,nan,nan,nan,nan,nan,nan,nan,nan,nan,nan,nan,nan,nan,nan,nan,nan,nan,nan,nan,nan,nan,nan,nan,nan,nan,nan,nan,nan,nan,nan,nan,nan,nan,nan,nan,nan,nan,nan,nan,nan,nan,nan
filter,o,o,o,o,o,o,o,o,o,o,o,o,o,o,o,o,o,o,o,o,o,o,o,o,o,o,o,o,o,o,o,o,o,o,o,o,o,o,o,o,o,o,o,o,o,o,o,o,o,o,o,o,o,o,o,o,o,o,o,o,o,o,o,o,o,o,o,o,o,o,o,o,o,o,o,o,o,o,o,o,o,o,o,o,o,o,o,o,o,o,o
mjd,60659.314966,60659.31912,60659.324246,60659.334411,60660.365711,60660.368988,60660.3895,60660.40397,60661.325544,60661.328739,60661.33893,60661.346886,60662.313829,60662.317048,60662.322508,60662.333873,60664.299459,60664.303152,60664.310095,60664.321266,60665.304875,60665.308543,60665.314976,60665.325578,60666.281716,60666.284952,60666.290455,60666.300916,60667.343196,60667.346418,60667.352043,60667.362684,60668.274022,60668.277256,60668.283272,60668.29317,60669.281796,60669.284982,60669.291388,60669.301562,60670.290285,60670.293459,60670.298974,60670.309037,60673.280499,60673.283701,60673.290138,60673.302003,60674.27765,60674.281295,60674.287306,60674.297462,60675.268582,60675.271823,60675.279361,60675.289238,60676.249153,60676.252849,60676.262674,60676.268273,60677.26843,60677.271614,60677.277112,60677.287153,60678.259247,60678.262026,60678.272155,60678.277673,60679.256943,60679.260649,60679.26759,60679.281565,60680.270045,60680.273735,60680.291393,60680.300221,60681.263824,60681.266999,60681.272967,60681.28345,60682.263996,60682.267188,60682.272729,60682.283332,60684.281343,60684.285069,60684.293485,60684.301561,60684.303953,60685.291515,60688.293016
flux,160.0,83.0,15.0,20.0,-7.0,-13.0,11.0,-27.0,-34.0,-18.0,18.0,3.0,-12.0,5.0,18.0,3.0,-8.0,-5.0,12.0,10.0,-16.0,-4.0,19.0,-22.0,9.0,22.0,4.0,9.0,-9.0,16.0,-12.0,-8.0,11.0,11.0,1.0,-3.0,-2.0,-10.0,-9.0,6.0,21.0,4.0,13.0,-21.0,-13.0,1.0,2.0,-10.0,11.0,-3.0,8.0,18.0,8.0,9.0,10.0,-17.0,1.0,693.0,0.0,14.0,1.0,10.0,12.0,-9.0,-8.0,-6.0,20.0,-31.0,12.0,6.0,6.0,1.0,12.0,2.0,-28.0,-25.0,29.0,8.0,26.0,6.0,2.0,-26.0,14.0,2.0,0.0,22.0,19.0,7.0,-2.0,-24.0,11806.0
dflux,104.0,64.0,26.0,31.0,20.0,27.0,30.0,29.0,20.0,22.0,24.0,23.0,14.0,14.0,13.0,15.0,10.0,11.0,10.0,11.0,10.0,11.0,12.0,14.0,10.0,9.0,12.0,11.0,13.0,12.0,14.0,13.0,12.0,11.0,11.0,13.0,15.0,13.0,12.0,13.0,12.0,16.0,12.0,13.0,11.0,12.0,13.0,13.0,12.0,12.0,13.0,11.0,11.0,12.0,11.0,11.0,10.0,16.0,10.0,12.0,13.0,10.0,14.0,13.0,12.0,14.0,12.0,12.0,11.0,14.0,14.0,13.0,14.0,12.0,13.0,14.0,19.0,16.0,18.0,15.0,22.0,21.0,24.0,20.0,23.0,26.0,24.0,26.0,21.0,44.0,22404.0
mag,18.393,19.1,20.973,20.661,-21.807,-21.149,21.322,-20.323,-20.082,-20.795,20.745,22.744,-21.197,22.15,20.74,22.814,-21.647,-22.231,21.195,21.424,-20.906,-22.496,20.696,-20.52,21.547,20.555,22.33,21.504,-21.525,20.854,-21.24,-21.688,21.264,21.331,23.863,-22.834,-23.098,-21.355,-21.565,21.879,20.617,22.32,21.15,-20.613,-21.128,23.586,23.411,-21.447,21.261,-22.877,21.632,20.78,21.617,21.472,21.371,-20.799,23.586,16.798,-26.187,21.064,23.89,21.411,21.174,-21.462,-21.714,-21.96,20.619,-20.187,21.226,21.995,21.921,23.589,21.196,22.937,-20.303,-20.414,20.261,21.666,20.37,22.024,23.178,-20.348,21.058,23.487,-25.287,20.527,20.726,21.824,-23.226,-20.442,13.72
dmag,0.652,0.771,1.737,1.562,2.933,2.145,2.79,1.087,0.596,1.275,1.283,8.0,1.133,2.776,0.704,5.654,1.186,2.27,0.835,1.115,0.619,3.097,0.643,0.6,1.14,0.41,2.875,1.218,1.48,0.71,1.203,1.714,1.058,1.0,10.375,4.905,7.063,1.234,1.403,2.085,0.606,3.788,0.98,0.632,0.835,9.091,8.538,1.338,1.041,4.7,1.615,0.624,1.306,1.233,1.109,0.657,7.636,0.024,81.0,0.882,12.778,0.988,1.112,1.38,1.593,2.327,0.561,0.389,0.917,2.405,2.174,9.778,1.155,5.056,0.458,0.565,0.671,2.073,0.714,2.661,11.316,0.783,1.712,13.538,83.0,1.14,1.28,3.767,11.2,1.816,1.898
