atlas-norm,2024abmv,27.5902795523,43.8502288359,0.05,nan,60633.43838999979
++++++++++++++++++++++++++++++++++++++++++++++++++++++++++++++++
++++++++++++++++++++++++++++++++++++++++++++++++++++++++++++++++
++++++++++++++++++++++++++++++++++++++++++++++++++++++++++++++++
zp,nan,nan,nan,nan,nan,nan,nan,nan,nan,nan,nan,nan,nan,nan,nan,nan,nan,nan,nan,nan,nan,nan,nan,nan,nan,nan,nan,nan,nan,nan,nan,nan,nan,nan,nan,nan,nan,nan,nan,nan,nan,nan,nan,nan,nan,nan,nan,nan,nan,nan,nan
filter,o,o,o,o,o,o,o,o,o,o,o,o,o,o,o,o,o,o,o,o,o,o,o,o,o,o,o,o,o,o,o,o,o,o,o,o,o,o,o,o,o,o,o,o,o,o,o,o,o,o,o
mjd,60659.347883,60659.352,60659.358954,60659.37184,60661.373632,60661.376862,60661.383353,60661.393168,60661.412601,60661.41588,60661.42149,60661.43251,60662.395153,60662.398356,60662.420896,60662.432045,60665.310589,60665.313816,60665.320751,60665.332812,60667.299645,60667.302859,60667.311612,60667.328659,60671.314507,60671.318783,60671.325678,60671.340288,60673.307265,60673.312354,60673.323042,60673.32687,60677.298473,60677.301263,60677.306805,60677.321667,60679.295437,60679.298224,60679.301526,60679.307443,60679.322167,60681.316852,60681.320511,60681.326028,60681.36084,60683.27687,60683.280076,60683.289989,60683.298742,60685.306216,60685.31495
flux,151.0,135.0,96.0,115.0,71.0,113.0,100.0,56.0,50.0,125.0,87.0,99.0,51.0,99.0,108.0,107.0,110.0,110.0,73.0,95.0,82.0,74.0,60.0,86.0,83.0,67.0,88.0,107.0,67.0,93.0,68.0,65.0,82.0,57.0,55.0,42.0,13.0,53.0,50.0,48.0,65.0,40.0,61.0,51.0,20.0,-8.0,74.0,44.0,76.0,48.0,-4.0
dflux,24.0,29.0,27.0,32.0,19.0,20.0,20.0,26.0,18.0,23.0,25.0,23.0,20.0,20.0,17.0,18.0,12.0,12.0,10.0,11.0,12.0,12.0,11.0,12.0,13.0,11.0,12.0,12.0,12.0,12.0,12.0,12.0,13.0,13.0,13.0,14.0,22.0,13.0,12.0,14.0,33.0,13.0,14.0,15.0,14.0,18.0,17.0,19.0,17.0,26.0,38.0
mag,18.454,18.578,18.948,18.745,19.277,18.77,18.898,19.533,19.649,18.659,19.056,18.909,19.627,18.908,18.811,18.831,18.8,18.792,19.24,18.96,19.114,19.229,19.46,19.069,19.102,19.337,19.034,18.824,19.328,18.976,19.315,19.364,19.118,19.519,19.557,19.836,21.09,19.593,19.662,19.687,19.372,19.896,19.437,19.625,20.674,-21.633,19.226,19.794,19.191,19.708,-22.299
dmag,0.16,0.219,0.285,0.276,0.264,0.182,0.203,0.467,0.369,0.182,0.29,0.235,0.387,0.201,0.16,0.17,0.107,0.105,0.132,0.112,0.146,0.162,0.184,0.138,0.153,0.171,0.14,0.112,0.174,0.127,0.171,0.184,0.154,0.227,0.237,0.321,1.672,0.245,0.237,0.291,0.515,0.328,0.228,0.297,0.707,2.167,0.233,0.426,0.226,0.548,8.581
