atlas-norm,2024vuu,348.642747384,6.55647327305,0.0212,nan,60574.44027000014
++++++++++++++++++++++++++++++++++++++++++++++++++++++++++++++++
++++++++++++++++++++++++++++++++++++++++++++++++++++++++++++++++
++++++++++++++++++++++++++++++++++++++++++++++++++++++++++++++++
zp,nan,nan,nan,nan,nan,nan,nan,nan,nan,nan,nan,nan,nan,nan,nan,nan,nan,nan,nan,nan,nan,nan,nan,nan,nan,nan,nan,nan,nan,nan,nan,nan,nan,nan,nan,nan,nan,nan,nan,nan,nan,nan,nan,nan,nan,nan,nan,nan,nan,nan,nan,nan,nan,nan,nan
filter,o,o,o,o,o,o,o,o,o,o,o,o,o,o,o,o,o,o,o,o,o,o,o,o,o,o,o,o,o,o,o,o,o,o,o,o,o,o,o,o,o,o,o,o,o,o,o,o,o,o,o,o,o,o,o
mjd,60659.030393,60659.0358,60659.038973,60659.041244,60659.044421,60659.06575,60659.308943,60659.319603,60660.256123,60660.259861,60660.26638,60660.276482,60660.276951,60660.281018,60660.284222,60660.289237,60660.290586,60660.301604,60660.306604,60660.30942,60661.281559,60661.302698,60661.305873,60661.321929,60664.252105,60664.254898,60664.26042,60664.271469,60666.288381,60666.291615,60666.296732,60666.314384,60668.217731,60668.221364,60668.227308,60668.240994,60672.213055,60672.216272,60672.221515,60672.233161,60680.202706,60680.203686,60680.205558,60680.206472,60680.212488,60680.213447,60680.222302,60680.222754,60684.209225,60684.216495,60684.219697,60684.229778,60688.224413,60688.230319,60688.233967
flux,-151.0,272.0,12.0,24.0,101.0,-22.0,268.0,41.0,-1.0,-1.0,33.0,-14.0,70.0,42.0,43.0,56.0,10.0,121.0,31.0,74.0,-53.0,28.0,62.0,82.0,38.0,20.0,36.0,37.0,47.0,5.0,2.0,14.0,22.0,58.0,18.0,34.0,-4.0,66.0,25.0,19.0,40.0,16.0,71.0,-28.0,2.0,28.0,-17.0,17.0,-19.0,32.0,-5.0,-31.0,-103.0,-76.0,23.0
dflux,88.0,71.0,58.0,60.0,49.0,55.0,136.0,36.0,30.0,26.0,22.0,32.0,22.0,41.0,30.0,24.0,46.0,29.0,28.0,25.0,27.0,29.0,29.0,30.0,12.0,13.0,12.0,13.0,13.0,11.0,13.0,15.0,12.0,14.0,14.0,14.0,15.0,14.0,13.0,14.0,39.0,40.0,29.0,26.0,26.0,20.0,12.0,18.0,24.0,19.0,21.0,23.0,36.0,37.0,31.0
mag,-18.456,17.814,21.195,20.465,18.885,-20.535,17.828,19.857,-24.175,-23.544,20.09,-21.051,19.295,19.837,19.806,19.529,21.366,18.69,20.159,19.219,-19.596,20.277,19.426,19.121,19.95,20.631,20.016,19.989,19.717,22.253,23.045,21.007,20.544,19.491,20.748,20.084,-22.277,19.351,20.393,20.728,19.906,20.874,19.268,-20.275,23.411,20.287,-20.838,20.8,-20.678,20.132,-22.175,-20.156,-18.864,-19.2,20.497
dmag,0.585,0.261,4.797,2.516,0.488,2.462,0.508,0.87,38.5,18.75,0.668,2.31,0.313,0.967,0.702,0.433,4.459,0.239,0.903,0.336,0.518,1.019,0.464,0.364,0.314,0.627,0.336,0.352,0.267,2.5,5.938,1.028,0.531,0.232,0.796,0.406,3.279,0.204,0.525,0.765,0.991,2.496,0.41,0.925,16.75,0.719,0.726,1.057,1.229,0.596,4.238,0.718,0.345,0.486,1.365
