atlas-norm,2024vfz,25.4670906769,-19.721461688,0.08,nan,60564.13365000021
++++++++++++++++++++++++++++++++++++++++++++++++++++++++++++++++
++++++++++++++++++++++++++++++++++++++++++++++++++++++++++++++++
++++++++++++++++++++++++++++++++++++++++++++++++++++++++++++++++
zp,nan,nan,nan,nan,nan,nan,nan,nan,nan,nan,nan,nan,nan,nan,nan,nan,nan,nan,nan,nan,nan,nan,nan,nan,nan,nan,nan,nan,nan,nan,nan,nan,nan,nan,nan,nan,nan,nan,nan,nan,nan,nan,nan,nan,nan,nan,nan,nan,nan,nan,nan,nan,nan,nan,nan,nan,nan,nan,nan,nan,nan,nan,nan,nan,nan,nan,nan,nan,nan,nan,nan,nan,nan,nan,nan,nan,nan,nan,nan,nan,nan,nan,nan,nan,nan,nan,nan,nan,nan,nan,nan,nan,nan,nan,nan,nan,nan,nan,nan,nan,nan,nan,nan,nan,nan,nan,nan,nan,nan,nan,nan,nan,nan,nan,nan,nan,nan,nan,nan,nan,nan,nan,nan,nan,nan
filter,o,o,o,o,o,o,o,o,o,o,o,o,o,o,o,o,o,o,o,o,o,o,o,o,o,o,o,o,c,c,c,c,c,c,c,c,c,c,c,o,o,o,o,o,o,o,o,o,o,o,o,c,c,c,c,c,c,c,c,o,o,o,o,o,o,o,o,c,c,c,c,o,o,o,o,o,o,o,o,c,c,c,c,o,o,o,o,o,o,o,o,o,o,o,o,o,o,o,o,o,o,o,o,o,o,o,o,o,o,o,o,o,o,o,o,o,o,o,o,o,o,o,o,o,o
mjd,60661.093973,60661.097169,60661.107048,60661.112326,60661.125903,60661.128725,60661.134663,60661.1453,60662.12485,60662.127729,60662.137569,60662.157162,60662.852058,60662.855264,60662.861676,60662.876861,60663.908334,60663.933507,60663.940785,60663.944418,60665.095415,60665.098671,60665.121136,60665.126662,60666.126711,60666.129645,60666.135516,60666.162019,60666.888645,60666.892304,60666.898767,60666.920567,60667.859999,60667.863217,60667.869212,60667.87331,60667.88067,60667.881121,60667.887107,60669.115086,60669.118341,60669.124153,60669.130004,60669.132841,60669.139962,60669.145376,60669.164782,60670.0798,60670.082672,60670.089703,60670.100223,60670.805298,60670.808473,60670.824532,60670.829975,60671.804989,60671.808168,60671.825507,60671.830994,60673.05049,60673.05378,60673.064163,60673.069661,60674.121453,60674.12429,60674.12989,60674.139827,60675.840041,60675.842826,60675.874488,60675.879607,60677.041412,60677.045252,60677.053352,60677.066967,60678.063305,60678.067499,60678.085965,60678.091554,60678.791212,60678.794398,60678.799826,60678.81091,60679.791292,60679.794479,60679.799932,60679.812171,60681.085262,60681.100227,60681.1034,60681.10897,60682.104976,60682.107843,60682.113446,60682.123422,60682.84963,60682.852855,60682.858299,60682.868965,60683.835779,60683.838524,60683.84499,60683.855045,60685.074119,60685.077297,60685.082762,60685.101743,60686.078551,60686.081744,60686.10311,60686.109617,60686.111545,60686.114825,60686.120414,60686.829862,60686.830312,60686.833062,60686.833517,60686.849698,60686.851051,60686.881471,60686.882383,60687.831758,60687.83494,60687.840405
flux,24.0,7.0,-11.0,24.0,12.0,-32.0,-18.0,-36.0,6.0,34.0,4.0,17.0,20.0,7.0,4.0,10.0,5.0,4.0,26.0,39.0,-6.0,43.0,10.0,23.0,15.0,8.0,-14.0,21.0,27.0,8.0,13.0,7.0,14.0,11.0,25.0,3.0,8.0,-8.0,22.0,0.0,14.0,-11.0,24.0,25.0,24.0,-7.0,2.0,32.0,0.0,26.0,33.0,-73.0,-19.0,-18.0,10.0,11.0,0.0,7.0,11.0,4.0,24.0,19.0,-12.0,4.0,10.0,28.0,4.0,-7.0,-19.0,17.0,11.0,22.0,35.0,1.0,-5.0,33.0,-12.0,-17.0,0.0,30.0,19.0,3.0,8.0,-311.0,50.0,20.0,-13.0,-9.0,30.0,-8.0,-13.0,-38.0,28.0,18.0,-36.0,37.0,21.0,9.0,-15.0,10.0,32.0,15.0,-18.0,22.0,6.0,33.0,58.0,13.0,72.0,-14.0,-17.0,9.0,52.0,56.0,-53.0,39.0,5.0,-16.0,31.0,1.0,49.0,1.0,30.0,-24.0,-4.0
dflux,28.0,22.0,29.0,24.0,24.0,30.0,22.0,28.0,18.0,18.0,20.0,24.0,12.0,13.0,15.0,15.0,17.0,20.0,25.0,21.0,14.0,14.0,15.0,14.0,11.0,10.0,11.0,12.0,12.0,10.0,9.0,10.0,13.0,13.0,12.0,12.0,12.0,12.0,11.0,28.0,22.0,20.0,13.0,13.0,17.0,21.0,14.0,18.0,17.0,17.0,17.0,42.0,13.0,9.0,8.0,10.0,9.0,10.0,11.0,14.0,14.0,12.0,14.0,12.0,12.0,11.0,10.0,12.0,10.0,12.0,12.0,22.0,18.0,16.0,13.0,15.0,14.0,15.0,18.0,15.0,14.0,11.0,11.0,197.0,28.0,19.0,19.0,20.0,24.0,26.0,19.0,21.0,20.0,21.0,24.0,22.0,27.0,26.0,25.0,19.0,19.0,20.0,23.0,36.0,39.0,28.0,34.0,36.0,36.0,38.0,41.0,56.0,67.0,46.0,29.0,40.0,32.0,37.0,27.0,35.0,53.0,38.0,24.0,30.0,37.0
mag,20.455,21.736,-21.335,20.456,21.211,-20.131,-20.78,-20.012,22.049,20.064,22.333,20.798,20.629,21.828,22.465,21.39,22.201,22.442,20.348,19.925,-21.97,19.812,21.392,20.502,20.944,21.7,-21.028,20.614,20.314,21.629,21.123,21.722,21.042,21.268,20.409,22.777,21.664,-21.6,20.539,0.0,21.029,-21.269,20.448,20.404,20.443,-21.815,23.331,20.15,24.752,20.356,20.099,-19.247,-20.687,-20.759,21.446,21.332,24.677,21.733,21.337,22.358,20.474,20.709,-21.208,22.289,21.46,20.266,22.345,-21.801,-20.69,20.814,21.278,20.57,20.032,23.659,-22.119,20.112,-21.186,-20.814,25.135,20.218,20.686,22.559,21.668,-17.668,19.646,20.651,-21.095,-21.508,20.188,-21.57,-21.15,-19.955,20.262,20.776,-20.018,19.987,20.616,21.484,-20.983,21.381,20.122,20.964,-20.771,20.527,22.022,20.106,19.496,21.133,19.26,-20.993,-20.801,21.568,19.609,19.532,-19.596,19.934,22.097,-20.92,20.17,24.213,19.684,23.938,20.196,-20.429,-22.491
dmag,1.19,3.048,2.712,1.006,2.047,0.945,1.245,0.794,3.325,0.519,4.839,1.358,0.58,1.875,3.909,1.468,3.621,5.263,0.943,0.551,2.432,0.335,1.447,0.6,0.75,1.264,0.754,0.584,0.455,1.244,0.708,1.316,0.918,1.167,0.5,4.364,1.531,1.437,0.489,20.287,1.571,1.814,0.545,0.503,0.697,3.029,8.3,0.576,38.0,0.651,0.521,0.585,0.676,0.514,0.883,0.903,19.0,1.432,1.0,3.5,0.595,0.662,1.167,2.769,1.298,0.392,2.487,1.781,0.521,0.72,1.059,1.021,0.508,13.0,2.5,0.466,1.16,0.891,55.0,0.494,0.708,3.136,1.4,0.633,0.556,0.945,1.468,2.175,0.778,3.051,1.5,0.556,0.702,1.191,0.659,0.606,1.315,2.757,1.702,1.9,0.585,1.312,1.284,1.594,6.923,0.857,0.592,2.807,0.498,2.621,2.386,6.475,1.292,0.825,0.559,1.034,6.071,2.356,0.882,46.667,1.088,39.0,0.803,1.211,10.067
