atlas-norm,2024pol,0.617208,12.739531,0.079,nan,60506.5754300002
++++++++++++++++++++++++++++++++++++++++++++++++++++++++++++++++
++++++++++++++++++++++++++++++++++++++++++++++++++++++++++++++++
++++++++++++++++++++++++++++++++++++++++++++++++++++++++++++++++
zp,nan,nan,nan,nan,nan,nan,nan,nan,nan,nan,nan,nan,nan,nan,nan,nan,nan,nan,nan,nan,nan,nan,nan,nan,nan,nan,nan,nan,nan,nan,nan,nan,nan,nan,nan,nan,nan,nan,nan,nan,nan,nan,nan,nan,nan,nan,nan,nan,nan,nan,nan,nan,nan,nan,nan,nan,nan,nan,nan,nan,nan,nan,nan,nan,nan,nan,nan,nan,nan,nan,nan,nan,nan,nan,nan,nan,nan,nan,nan,nan,nan,nan,nan,nan,nan,nan,nan,nan,nan,nan,nan,nan,nan,nan,nan,nan,nan,nan,nan,nan,nan,nan,nan,nan,nan,nan,nan,nan
filter,o,o,o,o,o,o,o,o,o,o,o,o,o,o,o,o,o,o,o,o,o,o,o,o,o,o,o,o,o,o,o,o,o,o,o,o,o,o,o,o,o,o,o,o,o,o,o,o,o,o,o,o,o,o,o,o,o,o,o,o,o,o,o,o,o,o,o,o,o,o,o,o,o,o,o,o,o,o,o,o,o,o,o,o,o,o,o,o,o,o,o,o,o,o,o,o,o,o,o,o,o,o,o,o,o,o,o,o
mjd,60659.053528,60659.056687,60659.062113,60659.07619,60659.313595,60659.317274,60659.340057,60659.347415,60660.242224,60660.245943,60660.250065,60660.251442,60660.2529,60660.26047,60660.262132,60660.275089,60660.781963,60660.785117,60660.791456,60660.801407,60662.289987,60662.293155,60662.298645,60662.318437,60663.032102,60663.035274,60663.041158,60663.051642,60664.227136,60664.230393,60664.23596,60664.247891,60664.298079,60664.301772,60664.311979,60664.319396,60665.28416,60665.287844,60665.301236,60665.307613,60666.29443,60666.298126,60666.314846,60666.331596,60668.243357,60668.247026,60668.253372,60668.263134,60668.300227,60668.306359,60668.329532,60668.338072,60669.300152,60669.302993,60669.308537,60669.330856,60671.033669,60671.036844,60671.04229,60671.062353,60672.232684,60672.235938,60672.241068,60672.251192,60674.223658,60674.227423,60674.235736,60674.259967,60676.214983,60676.21861,60676.231889,60676.243133,60676.246366,60676.252392,60676.266892,60677.275301,60677.278479,60677.295925,60677.302359,60678.210244,60678.214834,60678.23185,60678.244729,60680.20829,60680.211558,60680.217071,60680.228379,60680.25274,60680.263064,60680.275697,60680.278908,60682.21731,60682.220521,60682.234306,60682.2454,60684.227046,60684.230239,60684.240142,60684.240275,60684.243346,60684.255847,60684.263329,60684.270718,60685.27038,60685.282753,60685.285556,60686.238374,60686.241542
flux,-35.0,16.0,-9.0,-7.0,-28.0,-18.0,-36.0,-229.0,-32.0,-8.0,45.0,-24.0,-14.0,-2.0,13.0,-6.0,2.0,51.0,-10.0,-47.0,-1.0,-4.0,-25.0,-2.0,65.0,34.0,-9.0,-24.0,-22.0,-16.0,16.0,-5.0,14.0,-7.0,-18.0,20.0,19.0,2.0,-18.0,0.0,9.0,-6.0,-29.0,13.0,-43.0,-20.0,-33.0,14.0,-18.0,-6.0,-4.0,26.0,10.0,6.0,19.0,-18.0,-46.0,-12.0,44.0,-59.0,10.0,25.0,-4.0,-3.0,0.0,0.0,-12.0,-25.0,-7.0,-28.0,7.0,24.0,0.0,21.0,20.0,5.0,-6.0,-8.0,-3.0,-4.0,34.0,1.0,-9.0,-47.0,8.0,-59.0,12.0,14.0,21.0,0.0,28.0,-32.0,4.0,-21.0,24.0,-27.0,-46.0,-32.0,-29.0,-21.0,-14.0,47.0,-3.0,-38.0,23.0,36.0,7.0,15.0
dflux,39.0,33.0,34.0,36.0,71.0,57.0,41.0,179.0,20.0,18.0,25.0,16.0,23.0,18.0,23.0,20.0,33.0,26.0,17.0,19.0,16.0,19.0,17.0,18.0,36.0,28.0,19.0,17.0,10.0,11.0,10.0,13.0,14.0,12.0,12.0,14.0,13.0,12.0,12.0,12.0,12.0,13.0,11.0,14.0,11.0,11.0,9.0,13.0,12.0,13.0,15.0,15.0,12.0,14.0,14.0,14.0,46.0,30.0,19.0,15.0,13.0,14.0,14.0,14.0,12.0,11.0,10.0,11.0,13.0,14.0,16.0,12.0,13.0,15.0,13.0,15.0,13.0,15.0,14.0,15.0,15.0,13.0,12.0,20.0,15.0,13.0,13.0,14.0,14.0,14.0,17.0,22.0,27.0,23.0,22.0,20.0,18.0,17.0,23.0,19.0,19.0,20.0,25.0,20.0,29.0,22.0,26.0,21.0
mag,-20.029,20.862,-21.476,-21.846,-20.303,-20.777,-20.003,-18.002,-20.14,-21.586,19.772,-20.461,-21.04,-23.414,21.092,-21.871,22.886,19.631,-21.399,-19.721,-23.618,-22.379,-20.415,-22.907,19.363,20.087,-21.494,-20.441,-20.567,-20.906,20.863,-22.086,21.056,-21.728,-20.788,20.67,20.681,23.431,-20.767,-25.605,21.51,-22.045,-20.238,21.151,-19.827,-20.631,-20.099,21.077,-20.781,-22.026,-22.453,20.366,21.388,22.001,20.684,-20.782,-19.734,-21.174,19.804,-19.466,21.456,20.398,-22.259,-22.863,-26.197,26.122,-21.188,-20.388,-21.726,-20.276,21.845,20.452,25.293,20.596,20.619,22.079,-21.88,-21.573,-22.624,-22.35,20.057,23.715,-21.471,-19.725,21.627,-19.478,21.17,21.039,20.591,24.584,20.287,-20.134,22.324,-20.618,20.425,-20.334,-19.755,-20.149,-20.259,-20.585,-21.004,19.718,-22.604,-19.959,20.499,20.006,21.832,20.936
dmag,1.102,2.0,3.694,5.476,2.577,3.204,1.123,0.784,0.615,2.192,0.556,0.671,1.659,11.75,1.723,3.163,13.077,0.51,1.673,0.406,12.5,4.69,0.692,7.05,0.551,0.835,2.076,0.689,0.457,0.676,0.631,2.391,1.051,1.691,0.694,0.712,0.665,7.643,0.657,55.5,1.333,2.37,0.387,1.112,0.261,0.529,0.284,0.992,0.667,2.27,3.962,0.592,1.176,2.348,0.706,0.769,0.985,2.409,0.435,0.249,1.343,0.569,3.182,5.211,95.0,87.0,0.778,0.441,1.814,0.482,2.375,0.508,46.0,0.722,0.643,2.763,1.96,1.712,4.261,3.7,0.426,10.75,1.324,0.42,1.889,0.221,1.017,0.981,0.664,26.0,0.602,0.701,6.394,1.138,0.917,0.743,0.401,0.539,0.799,0.89,1.322,0.43,7.529,0.535,1.274,0.596,3.81,1.355
