atlas-norm,2024kef,347.081283333,24.26356,0.063,nan,60463.57788999984
++++++++++++++++++++++++++++++++++++++++++++++++++++++++++++++++
++++++++++++++++++++++++++++++++++++++++++++++++++++++++++++++++
++++++++++++++++++++++++++++++++++++++++++++++++++++++++++++++++
zp,nan,nan,nan,nan,nan,nan,nan,nan,nan,nan,nan,nan,nan,nan,nan,nan,nan,nan,nan,nan,nan,nan,nan,nan,nan,nan,nan,nan,nan,nan,nan,nan,nan,nan,nan,nan,nan,nan,nan,nan,nan,nan,nan,nan,nan,nan,nan,nan,nan,nan,nan,nan,nan,nan,nan,nan,nan,nan,nan,nan,nan,nan,nan,nan,nan,nan,nan,nan,nan,nan,nan,nan,nan,nan,nan,nan,nan,nan,nan,nan,nan,nan,nan,nan,nan,nan,nan,nan,nan,nan,nan,nan,nan,nan,nan,nan,nan,nan,nan,nan,nan,nan,nan,nan,nan,nan,nan,nan
filter,o,o,o,o,o,o,o,o,o,o,o,o,o,o,o,o,o,o,o,o,o,o,o,o,o,o,o,o,o,o,o,o,o,o,o,o,o,o,o,o,o,o,o,o,o,o,o,o,o,o,o,o,o,o,o,o,o,o,o,o,o,o,o,o,o,o,o,o,o,o,o,o,o,o,o,o,o,o,o,o,o,o,o,o,o,o,o,o,o,o,o,o,o,o,o,o,o,o,o,o,o,o,o,o,o,o,o,o
mjd,60659.270548,60659.276123,60659.286856,60659.293868,60660.254302,60660.257525,60660.263308,60660.283126,60661.352026,60661.354883,60661.360567,60661.371444,60662.258876,60662.262062,60662.268411,60662.278491,60663.30741,60663.312091,60663.318101,60664.279526,60664.282308,60664.288734,60664.305505,60665.24849,60665.252637,60665.259047,60665.276454,60666.253387,60666.256575,60666.262557,60666.272591,60667.319953,60667.323226,60667.328769,60667.34971,60668.242592,60668.245795,60668.252741,60668.26287,60669.247403,60669.250637,60669.257513,60669.267631,60670.257704,60670.260889,60670.266442,60670.280694,60673.243346,60673.246527,60673.256632,60673.262118,60674.236667,60674.239872,60674.245376,60674.256784,60675.230917,60675.234637,60675.240629,60675.25077,60676.230147,60676.23335,60676.255198,60676.262184,60677.235924,60677.239121,60677.246504,60677.256557,60678.232643,60678.235863,60678.24137,60678.252813,60679.232451,60679.235238,60679.240802,60679.250984,60680.231714,60680.234521,60680.23963,60680.249952,60681.234526,60681.237712,60681.245056,60681.255555,60682.235134,60682.23832,60682.245669,60682.256174,60684.217443,60684.220241,60684.222562,60684.225789,60684.226709,60684.232282,60684.236931,60684.246132,60685.230623,60685.23426,60685.237468,60685.239762,60685.240665,60685.246615,60685.250313,60685.266272,60686.219119,60686.221892,60686.227877,60686.237913,60688.224494
flux,-4.0,13.0,29.0,-50.0,-21.0,-36.0,-21.0,-8.0,-41.0,1.0,-4.0,38.0,3.0,-12.0,-13.0,-10.0,-14.0,1.0,-9.0,-8.0,6.0,0.0,-2.0,4.0,10.0,21.0,1.0,5.0,-4.0,17.0,-1.0,16.0,-15.0,6.0,-20.0,15.0,-29.0,19.0,17.0,-7.0,25.0,-10.0,-25.0,-10.0,2.0,8.0,20.0,5.0,-9.0,1.0,-18.0,19.0,10.0,47.0,2.0,-13.0,-6.0,-11.0,30.0,9.0,-9.0,7.0,4.0,2.0,17.0,-6.0,-17.0,6.0,34.0,-12.0,-24.0,0.0,-1.0,16.0,-14.0,-2.0,22.0,25.0,16.0,-9.0,4.0,14.0,5.0,9.0,6.0,11.0,7.0,-54.0,-17.0,-20.0,18.0,-9.0,80.0,-12.0,-18.0,0.0,38.0,-5.0,81.0,-53.0,36.0,53.0,-58.0,-17.0,5.0,-84.0,-5.0,-10884.0
dflux,26.0,28.0,29.0,88.0,17.0,20.0,17.0,20.0,26.0,33.0,32.0,36.0,13.0,15.0,14.0,16.0,16.0,13.0,17.0,12.0,12.0,10.0,11.0,10.0,13.0,13.0,11.0,13.0,12.0,12.0,13.0,16.0,16.0,15.0,22.0,12.0,13.0,12.0,14.0,12.0,13.0,12.0,12.0,16.0,16.0,15.0,16.0,15.0,14.0,13.0,13.0,16.0,14.0,15.0,12.0,13.0,12.0,14.0,12.0,11.0,10.0,12.0,12.0,14.0,13.0,11.0,12.0,16.0,15.0,15.0,18.0,15.0,13.0,12.0,14.0,15.0,14.0,14.0,13.0,17.0,14.0,12.0,19.0,15.0,17.0,20.0,16.0,19.0,20.0,17.0,21.0,20.0,21.0,22.0,22.0,23.0,21.0,55.0,59.0,37.0,28.0,39.0,44.0,27.0,35.0,37.0,29.0,1772.0
mag,-22.353,21.106,20.235,-19.646,-20.602,-20.003,-20.617,-21.571,-19.86,24.43,-22.338,19.958,22.557,-21.19,-21.099,-21.348,-21.071,23.932,-21.508,-21.644,21.879,-25.352,-23.247,22.551,21.404,20.575,24.08,22.169,-22.348,20.822,-24.093,20.885,-20.949,21.984,-20.642,20.941,-20.244,20.689,20.823,-21.782,20.396,-21.407,-20.404,-21.42,23.228,21.693,20.627,22.145,-21.498,23.501,-20.753,20.686,21.415,19.715,23.057,-21.15,-21.983,-21.307,20.207,21.502,-21.54,21.789,22.352,22.924,20.84,-21.895,-20.839,21.865,20.079,-21.184,-20.433,-25.377,-24.09,20.855,-21.059,-23.171,20.531,20.411,20.926,-21.526,22.27,21.045,22.158,21.556,21.966,21.341,21.73,-19.57,-20.827,-20.639,20.79,-21.523,19.138,-21.201,-20.781,-26.228,19.945,-22.063,19.127,-19.588,19.998,19.595,-19.497,-20.818,22.074,-19.091,-22.246,-13.808
dmag,6.219,2.098,0.977,1.748,0.808,0.567,0.842,2.367,0.63,53.4,7.71,0.965,3.844,1.239,1.067,1.517,1.188,13.286,1.873,1.475,1.939,39.0,6.071,2.793,1.274,0.61,12.714,2.634,2.914,0.697,15.714,1.0,1.038,2.629,1.085,0.782,0.457,0.61,0.798,1.755,0.53,1.181,0.476,1.684,8.429,1.983,0.792,2.952,1.485,9.167,0.702,0.804,1.458,0.308,5.722,1.022,2.044,1.243,0.382,1.257,1.143,1.792,2.92,5.591,0.753,1.778,0.703,2.537,0.451,1.214,0.716,59.0,16.0,0.744,1.0,7.571,0.644,0.557,0.852,1.952,3.024,0.865,3.756,1.776,2.815,1.844,2.221,0.344,1.181,0.856,1.174,2.22,0.259,1.872,1.213,197.0,0.56,10.065,0.726,0.693,0.769,0.735,0.757,1.589,6.571,0.441,6.292,0.163
