atlas-norm,2024xhf,47.704837,-0.356931,0.04,nan,60586.46969000017
++++++++++++++++++++++++++++++++++++++++++++++++++++++++++++++++
++++++++++++++++++++++++++++++++++++++++++++++++++++++++++++++++
++++++++++++++++++++++++++++++++++++++++++++++++++++++++++++++++
zp,nan,nan,nan,nan,nan,nan,nan,nan,nan,nan,nan,nan,nan,nan,nan,nan,nan,nan,nan,nan,nan,nan,nan,nan,nan,nan,nan,nan,nan,nan,nan,nan,nan,nan,nan,nan,nan,nan,nan,nan,nan,nan,nan,nan,nan,nan,nan,nan,nan,nan,nan,nan,nan,nan,nan,nan,nan,nan,nan,nan,nan,nan,nan,nan,nan,nan,nan,nan,nan,nan,nan,nan,nan,nan,nan,nan,nan,nan,nan,nan,nan,nan,nan,nan,nan,nan,nan,nan,nan,nan,nan,nan,nan,nan,nan,nan,nan
filter,o,o,o,o,o,o,o,o,o,o,o,o,o,o,o,o,o,o,o,o,o,o,o,o,c,c,c,c,o,o,o,o,o,o,o,o,o,o,o,o,c,c,c,c,o,o,o,o,o,o,o,o,c,c,c,c,o,o,o,o,o,o,o,o,o,o,o,o,o,o,o,o,o,o,o,o,o,o,o,o,o,o,o,o,o,o,o,o,o,o,o,o,o,o,o,o,o
mjd,60659.144454,60659.148084,60659.154923,60659.165482,60660.378823,60660.38199,60660.387917,60660.398437,60660.888748,60660.891903,60660.898719,60660.912881,60662.478421,60662.481666,60662.489503,60662.499292,60663.138831,60663.142023,60663.147535,60663.165833,60664.373843,60664.377022,60664.383381,60664.39348,60664.798885,60664.802049,60664.807462,60664.832708,60666.38183,60666.394079,60666.407672,60666.421159,60667.091015,60667.094731,60667.100184,60667.120216,60668.341791,60668.344978,60668.350459,60668.361437,60668.835937,60668.839119,60668.846828,60668.858597,60671.105033,60671.108215,60671.115689,60671.12718,60672.340346,60672.346713,60672.349481,60672.368148,60672.846603,60672.850682,60672.856781,60672.870202,60674.329425,60674.332624,60674.338245,60674.349246,60675.084879,60675.088065,60675.093983,60675.105011,60676.415834,60676.419584,60676.425508,60676.435658,60678.307757,60678.310959,60678.321057,60678.326568,60679.098193,60679.101364,60679.10727,60679.127242,60680.306414,60680.309596,60680.316888,60680.331445,60680.806167,60680.809325,60680.841924,60680.847362,60682.282505,60682.285722,60682.292609,60682.304623,60683.045345,60683.048985,60683.055358,60683.070174,60687.061051,60687.072893,60687.076527,60687.090345,60688.342805
flux,13.0,72.0,11.0,24.0,68.0,24.0,57.0,28.0,55.0,76.0,63.0,9.0,70.0,59.0,52.0,38.0,23.0,50.0,29.0,84.0,36.0,11.0,25.0,42.0,-4.0,13.0,19.0,38.0,11.0,40.0,30.0,-42.0,90.0,68.0,128.0,72.0,46.0,75.0,54.0,84.0,45.0,18.0,42.0,16.0,64.0,69.0,38.0,65.0,49.0,35.0,58.0,38.0,24.0,31.0,30.0,102.0,46.0,73.0,58.0,80.0,61.0,55.0,46.0,45.0,21.0,13.0,-8.0,20.0,49.0,24.0,50.0,32.0,5.0,80.0,53.0,10.0,306.0,65.0,86.0,36.0,88.0,51.0,64.0,-20.0,68.0,67.0,57.0,41.0,14.0,58.0,58.0,9.0,52.0,9.0,29.0,76.0,47.0
dflux,51.0,40.0,39.0,40.0,25.0,25.0,26.0,24.0,23.0,27.0,20.0,23.0,24.0,22.0,26.0,25.0,17.0,17.0,16.0,20.0,14.0,16.0,14.0,12.0,12.0,12.0,11.0,11.0,12.0,14.0,16.0,17.0,23.0,21.0,27.0,24.0,13.0,16.0,13.0,13.0,10.0,10.0,10.0,11.0,11.0,11.0,11.0,13.0,11.0,12.0,11.0,12.0,10.0,10.0,10.0,22.0,12.0,12.0,11.0,13.0,14.0,16.0,14.0,12.0,13.0,14.0,14.0,16.0,11.0,11.0,10.0,11.0,17.0,12.0,14.0,14.0,27.0,15.0,17.0,14.0,16.0,17.0,19.0,20.0,14.0,15.0,13.0,13.0,30.0,26.0,26.0,28.0,31.0,52.0,30.0,46.0,37.0
mag,21.149,19.264,21.297,20.435,19.324,20.441,19.504,20.303,19.546,19.205,19.406,21.563,19.285,19.473,19.615,19.945,20.505,19.656,20.254,19.085,20.004,21.276,20.413,19.84,-22.262,21.101,20.713,19.953,21.254,19.903,20.225,-19.846,19.011,19.316,18.629,19.26,19.731,19.211,19.566,19.088,19.772,20.767,19.835,20.861,19.388,19.301,19.965,19.362,19.677,20.044,19.495,19.958,20.459,20.174,20.206,18.876,19.749,19.244,19.499,19.143,19.433,19.556,19.748,19.775,20.591,21.126,-21.65,20.624,19.675,20.458,19.656,20.149,22.08,19.135,19.585,21.416,17.684,19.373,19.058,20.023,19.036,19.633,19.385,-20.631,19.32,19.34,19.507,19.872,21.007,19.493,19.486,21.471,19.611,21.567,20.234,19.194,19.721
dmag,4.065,0.562,3.527,1.652,0.375,1.046,0.46,0.886,0.425,0.361,0.321,2.639,0.348,0.371,0.5,0.657,0.754,0.337,0.573,0.234,0.387,1.44,0.578,0.274,2.696,0.903,0.571,0.289,1.044,0.344,0.53,0.407,0.256,0.309,0.212,0.328,0.276,0.214,0.238,0.15,0.214,0.573,0.231,0.663,0.179,0.165,0.299,0.198,0.222,0.349,0.193,0.316,0.432,0.324,0.341,0.219,0.254,0.163,0.191,0.159,0.221,0.286,0.303,0.263,0.635,1.071,1.814,0.776,0.227,0.475,0.208,0.359,3.129,0.152,0.256,1.438,0.089,0.228,0.198,0.381,0.184,0.342,0.303,0.971,0.21,0.219,0.225,0.329,2.058,0.453,0.441,3.0,0.589,6.063,1.028,0.607,0.793
