atlas-norm,2024zvq,55.4296442857,-74.7579757143,0.05,nan,60613.927720000036
++++++++++++++++++++++++++++++++++++++++++++++++++++++++++++++++
++++++++++++++++++++++++++++++++++++++++++++++++++++++++++++++++
++++++++++++++++++++++++++++++++++++++++++++++++++++++++++++++++
zp,nan,nan,nan,nan,nan,nan,nan,nan,nan,nan,nan,nan,nan,nan,nan,nan,nan,nan,nan,nan,nan,nan,nan,nan,nan,nan,nan,nan,nan,nan,nan,nan,nan,nan,nan,nan,nan,nan,nan,nan,nan,nan,nan,nan,nan,nan,nan,nan,nan,nan,nan,nan,nan,nan,nan,nan,nan,nan,nan,nan,nan,nan,nan,nan,nan,nan,nan,nan,nan,nan,nan,nan
filter,o,o,o,o,o,o,o,o,o,o,o,o,o,o,o,o,o,o,o,o,c,c,c,c,o,o,o,o,c,c,c,c,o,o,o,o,c,c,c,c,o,o,o,o,c,c,c,c,c,c,c,c,o,o,o,o,o,o,o,o,o,o,o,o,o,o,o,o,o,o,o,o
mjd,60656.140695,60656.143889,60656.149423,60656.159873,60657.885518,60657.888756,60657.894671,60657.906052,60660.124385,60660.128078,60660.133577,60660.145413,60661.878554,60661.881758,60661.888504,60661.90046,60664.132489,60664.135599,60664.141607,60664.151804,60665.882461,60665.885679,60665.891155,60665.901719,60668.133872,60668.136663,60668.142718,60668.152936,60669.87202,60669.874778,60669.880706,60669.890681,60672.120577,60672.124267,60672.139732,60672.145629,60673.864079,60673.867727,60673.873679,60673.883785,60676.125028,60676.128691,60676.134514,60676.144662,60677.846754,60677.852614,60677.855852,60677.868115,60677.87362,60677.876848,60677.88282,60677.892981,60680.139488,60680.142709,60680.14818,60680.158195,60681.842612,60681.845806,60681.851721,60681.862591,60681.869362,60681.872544,60681.878484,60681.888632,60684.098263,60684.101194,60684.107813,60684.116145,60684.119767,60684.120242,60684.127141,60684.136915
flux,74.0,76.0,85.0,86.0,37.0,72.0,26.0,77.0,35.0,57.0,42.0,73.0,13.0,14.0,-3.0,44.0,51.0,10.0,42.0,10.0,10.0,-4.0,25.0,9.0,14.0,21.0,17.0,8.0,20.0,44.0,16.0,29.0,15.0,16.0,13.0,17.0,17.0,25.0,15.0,12.0,21.0,54.0,35.0,18.0,8.0,17.0,17.0,23.0,-2.0,16.0,-1.0,29.0,55.0,29.0,42.0,59.0,-4.0,33.0,-10.0,-2.0,42.0,-9.0,64.0,38.0,2.0,26.0,23.0,13.0,-25.0,32.0,24.0,7.0
dflux,23.0,21.0,26.0,22.0,28.0,27.0,23.0,24.0,30.0,29.0,30.0,28.0,22.0,23.0,26.0,22.0,15.0,14.0,14.0,13.0,10.0,11.0,12.0,11.0,11.0,13.0,12.0,13.0,10.0,10.0,10.0,9.0,16.0,16.0,14.0,18.0,11.0,10.0,9.0,10.0,15.0,14.0,14.0,14.0,10.0,11.0,10.0,10.0,12.0,11.0,12.0,11.0,14.0,11.0,13.0,14.0,14.0,19.0,16.0,18.0,18.0,17.0,21.0,18.0,24.0,22.0,28.0,20.0,24.0,23.0,19.0,20.0
mag,19.224,19.191,19.073,19.069,19.976,19.256,20.366,19.18,20.04,19.516,19.839,19.237,21.091,21.067,-22.628,19.778,19.63,21.459,19.836,21.432,21.437,-22.364,20.408,21.493,20.996,20.599,20.826,21.653,20.618,19.799,20.915,20.247,20.929,20.916,21.11,20.812,20.816,20.387,20.932,21.175,20.602,19.57,20.041,20.756,21.708,20.833,20.847,20.508,-22.978,20.872,-24.366,20.25,19.558,20.237,19.831,19.474,-22.266,20.098,-21.46,-22.934,19.842,-21.484,19.378,19.953,23.428,20.349,20.487,21.145,-20.423,20.156,20.444,21.823
dmag,0.312,0.27,0.309,0.261,0.742,0.369,0.877,0.307,0.866,0.51,0.718,0.381,1.629,1.687,8.187,0.498,0.298,1.484,0.335,1.3,1.07,2.667,0.495,1.235,0.785,0.636,0.725,1.662,0.488,0.23,0.616,0.299,1.009,1.03,1.032,1.017,0.656,0.397,0.568,0.836,0.707,0.254,0.401,0.743,1.271,0.657,0.63,0.434,5.214,0.697,18.75,0.376,0.252,0.39,0.303,0.233,3.08,0.563,1.692,7.286,0.441,1.824,0.32,0.483,15.333,0.847,1.216,1.608,0.957,0.72,0.77,3.0
