atlas-norm,2024hud,210.51198125,-31.88369375,0.05,nan,60431.9696800001
++++++++++++++++++++++++++++++++++++++++++++++++++++++++++++++++
++++++++++++++++++++++++++++++++++++++++++++++++++++++++++++++++
++++++++++++++++++++++++++++++++++++++++++++++++++++++++++++++++
zp,nan,nan,nan,nan,nan,nan,nan,nan,nan,nan,nan,nan,nan,nan,nan,nan,nan,nan,nan,nan,nan,nan,nan,nan,nan,nan,nan,nan,nan,nan,nan,nan,nan,nan,nan,nan,nan,nan,nan,nan,nan,nan,nan,nan,nan,nan,nan,nan,nan,nan,nan,nan,nan
filter,o,o,o,o,c,c,c,c,o,c,c,c,c,c,c,c,c,c,o,o,o,o,o,o,o,o,c,c,c,c,c,c,c,c,c,c,c,c,o,o,o,o,o,o,o,o,o,o,o,o,o,o,o
mjd,60669.292776,60669.295682,60669.301421,60669.326732,60676.080327,60676.08589,60676.089868,60676.099907,60677.335171,60679.068088,60679.071813,60679.089753,60679.099188,60680.081295,60680.085425,60680.092813,60680.098275,60680.107332,60681.334406,60681.353259,60681.359128,60681.365603,60682.342523,60682.346641,60682.351874,60682.356933,60683.078201,60683.089314,60683.093492,60683.102867,60684.07834,60684.081966,60684.083346,60684.086536,60684.088806,60684.096668,60684.098955,60684.100331,60685.329824,60685.333218,60685.344976,60685.349699,60685.350677,60685.355057,60685.358306,60685.366533,60686.338425,60686.341633,60686.348494,60686.362241,60687.065914,60687.089228,60687.094721
flux,20.0,-15.0,48.0,-11.0,-26.0,22.0,32.0,92.0,24.0,17.0,-16.0,35.0,102.0,0.0,-1.0,16.0,64.0,-21.0,40.0,-17.0,-31.0,8.0,3.0,-1.0,13.0,-21.0,13.0,7.0,-8.0,-14.0,2.0,-16.0,21.0,42.0,-17.0,3.0,-14.0,4.0,3.0,23.0,-2.0,48.0,1.0,2.0,6.0,-21.0,30.0,23.0,27.0,14.0,33.0,11.0,17.0
dflux,29.0,25.0,26.0,19.0,15.0,17.0,17.0,30.0,18.0,10.0,12.0,12.0,22.0,12.0,14.0,16.0,18.0,37.0,16.0,16.0,18.0,24.0,10.0,14.0,15.0,16.0,11.0,11.0,12.0,18.0,16.0,15.0,11.0,11.0,10.0,13.0,11.0,12.0,13.0,16.0,16.0,14.0,19.0,19.0,14.0,26.0,12.0,16.0,13.0,19.0,21.0,13.0,14.0
mag,20.669,-20.985,19.708,-21.254,-20.383,20.535,20.153,18.985,20.47,20.824,-20.917,20.031,18.879,24.898,-23.513,20.88,19.391,-20.608,19.894,-20.815,-20.175,21.58,22.79,-23.959,21.125,-20.603,21.128,21.845,-21.604,-21.005,23.393,-20.879,20.592,19.852,-20.81,22.869,-21.028,22.4,22.771,20.515,-22.934,19.685,23.959,22.963,21.949,-20.603,20.189,20.485,20.329,21.03,20.092,21.312,20.841
dmag,1.495,1.682,0.546,1.667,0.602,0.75,0.534,0.326,0.744,0.569,0.736,0.343,0.219,29.0,9.429,0.976,0.289,1.778,0.404,0.927,0.593,2.889,3.583,14.75,1.148,0.783,0.845,1.594,1.409,1.262,10.167,0.94,0.504,0.263,0.569,5.118,0.796,2.926,4.636,0.722,6.571,0.278,19.8,7.833,2.327,1.245,0.382,0.667,0.488,1.379,0.628,1.176,0.816
