atlas-norm,2024aceh,224.0826293,47.4057779,0.024,nan,60639.631889999844
++++++++++++++++++++++++++++++++++++++++++++++++++++++++++++++++
++++++++++++++++++++++++++++++++++++++++++++++++++++++++++++++++
++++++++++++++++++++++++++++++++++++++++++++++++++++++++++++++++
zp,nan,nan,nan,nan,nan,nan,nan,nan,nan,nan,nan,nan,nan,nan,nan,nan,nan,nan,nan,nan,nan,nan,nan,nan,nan,nan,nan,nan,nan,nan,nan,nan,nan,nan,nan,nan
filter,o,o,o,o,o,o,o,o,o,o,o,o,o,o,o,o,o,o,o,o,o,o,o,o,o,o,o,o,o,o,o,o,o,o,o,o
mjd,60663.634051,60663.636817,60663.642303,60663.657003,60663.659719,60663.665663,60663.666579,60663.669805,60665.636385,60667.636538,60667.643413,60667.65464,60667.663483,60671.573738,60671.591082,60671.594853,60671.609588,60673.602593,60673.612796,60673.616095,60673.621638,60677.607188,60677.618389,60677.621632,60677.622547,60677.636612,60679.622058,60679.625268,60679.633622,60679.65479,60681.63448,60681.637722,60683.605204,60683.60887,60683.629052,60683.634706
flux,187.0,164.0,175.0,154.0,230.0,230.0,217.0,256.0,142.0,150.0,154.0,139.0,123.0,122.0,124.0,91.0,143.0,99.0,119.0,117.0,116.0,112.0,70.0,83.0,-8.0,92.0,113.0,110.0,108.0,111.0,90.0,90.0,99.0,92.0,103.0,88.0
dflux,18.0,16.0,16.0,22.0,18.0,49.0,40.0,136.0,17.0,15.0,17.0,14.0,16.0,15.0,15.0,14.0,13.0,12.0,12.0,12.0,12.0,14.0,14.0,11.0,11.0,12.0,14.0,15.0,14.0,13.0,12.0,12.0,10.0,12.0,10.0,11.0
mag,18.222,18.364,18.294,18.43,17.997,17.997,18.06,17.88,18.518,18.457,18.432,18.543,18.679,18.689,18.665,19.004,18.512,18.911,18.713,18.732,18.739,18.778,19.295,19.099,-21.615,18.993,18.764,18.8,18.816,18.787,19.016,19.016,18.909,18.99,18.869,19.04
dmag,0.096,0.095,0.093,0.14,0.077,0.215,0.185,0.533,0.116,0.097,0.111,0.1,0.13,0.125,0.12,0.156,0.092,0.119,0.101,0.107,0.106,0.122,0.195,0.132,1.375,0.128,0.123,0.136,0.127,0.116,0.134,0.132,0.099,0.132,0.098,0.125
