atlas-norm,2024dz,230.875292,20.441481,0.04216,nan,60311.63542999979
++++++++++++++++++++++++++++++++++++++++++++++++++++++++++++++++
++++++++++++++++++++++++++++++++++++++++++++++++++++++++++++++++
++++++++++++++++++++++++++++++++++++++++++++++++++++++++++++++++
zp,nan,nan,nan,nan,nan,nan,nan,nan,nan,nan,nan,nan,nan,nan,nan,nan,nan,nan,nan,nan,nan,nan,nan,nan,nan,nan,nan,nan,nan,nan,nan,nan,nan,nan,nan,nan,nan,nan,nan,nan,nan,nan,nan,nan,nan,nan,nan,nan,nan,nan,nan,nan,nan,nan,nan,nan,nan,nan,nan,nan,nan,nan,nan,nan,nan
filter,o,o,o,o,o,o,o,o,o,o,o,o,o,o,o,o,o,o,o,o,o,o,o,o,o,o,o,o,o,o,o,o,o,o,o,o,o,o,o,o,o,o,o,o,o,o,o,o,o,o,o,o,o,o,o,o,o,o,o,o,o,o,o,o,o
mjd,60659.637237,60659.641382,60659.650177,60661.639128,60661.653135,60661.6611,60661.665357,60662.641725,60662.645899,60662.655069,60662.660584,60665.640891,60665.646061,60665.662473,60665.669546,60666.62399,60666.626792,60666.632795,60666.650898,60669.628931,60669.632229,60669.642406,60669.652754,60670.637152,60670.642682,60670.654931,60670.660232,60670.670436,60673.639787,60673.653336,60673.657558,60673.669098,60674.636712,60674.655625,60674.660734,60677.638997,60677.656816,60677.661954,60677.668518,60678.628075,60678.63134,60678.636982,60678.652918,60678.6534,60678.666435,60678.673392,60679.59261,60679.595899,60679.601582,60679.617374,60680.633576,60681.63395,60681.63766,60681.655355,60681.664175,60682.646425,60682.650565,60682.65846,60682.674284,60684.565483,60684.568328,60684.573913,60684.58419,60684.620182,60684.622975
flux,61.0,-68.0,16.0,40.0,-94.0,-8.0,-29.0,-40.0,15.0,6.0,67.0,-14.0,-38.0,8.0,-23.0,-29.0,2.0,-25.0,6.0,-4.0,-30.0,-25.0,9.0,22.0,17.0,-31.0,-35.0,-108.0,-3.0,-16.0,-13.0,11.0,-66.0,-10.0,4.0,-1.0,-53.0,-64.0,-8.0,-6.0,-42.0,-27.0,19.0,-28.0,59.0,-40.0,-11.0,-16.0,-11.0,-9.0,-38.0,-2.0,12.0,-22.0,-26.0,-24.0,13.0,7.0,-30.0,-45.0,-45.0,-11.0,-14.0,-37.0,-10.0
dflux,47.0,42.0,41.0,27.0,25.0,27.0,37.0,26.0,26.0,26.0,35.0,13.0,14.0,22.0,65.0,24.0,23.0,19.0,21.0,18.0,20.0,17.0,13.0,14.0,13.0,15.0,12.0,40.0,12.0,12.0,15.0,25.0,18.0,18.0,15.0,15.0,15.0,19.0,24.0,14.0,14.0,12.0,14.0,14.0,15.0,34.0,12.0,12.0,13.0,11.0,13.0,13.0,14.0,12.0,11.0,11.0,11.0,12.0,46.0,17.0,13.0,14.0,11.0,12.0,10.0
mag,19.444,-19.317,20.899,19.882,-18.965,-21.623,-20.25,-19.885,20.952,21.886,19.339,-21.036,-19.949,21.691,-20.496,-20.23,22.991,-20.387,21.875,-22.296,-20.222,-20.393,21.559,20.522,20.8,-20.164,-20.03,-18.821,-22.828,-20.897,-21.136,21.255,-19.347,-21.402,22.386,-23.831,-19.592,-19.376,-21.574,-21.902,-19.856,-20.307,20.699,-20.276,19.481,-19.895,-21.326,-20.866,-21.325,-21.488,-19.941,-23.463,21.166,-20.57,-20.35,-20.426,21.113,21.741,-20.199,-19.762,-19.758,-21.325,-21.032,-19.974,-21.44
dmag,0.773,0.611,2.593,0.678,0.263,3.275,1.28,0.645,1.7,4.0,0.531,0.951,0.377,2.904,2.839,0.808,10.0,0.763,3.244,4.036,0.661,0.675,1.493,0.606,0.742,0.478,0.339,0.368,4.333,0.789,1.158,2.194,0.264,1.78,3.826,14.167,0.282,0.293,2.852,2.271,0.342,0.427,0.76,0.511,0.254,0.855,1.171,0.709,1.173,1.239,0.328,8.571,1.164,0.578,0.429,0.461,0.827,1.587,1.523,0.369,0.281,1.319,0.788,0.321,1.08
