atlas-norm,2024mzx,163.552042,-6.209161,0.0675,nan,60488.71916999994
++++++++++++++++++++++++++++++++++++++++++++++++++++++++++++++++
++++++++++++++++++++++++++++++++++++++++++++++++++++++++++++++++
++++++++++++++++++++++++++++++++++++++++++++++++++++++++++++++++
zp,nan,nan,nan,nan,nan,nan,nan,nan,nan,nan,nan,nan,nan,nan,nan,nan,nan,nan,nan,nan,nan,nan,nan,nan,nan,nan,nan,nan,nan,nan,nan,nan,nan,nan,nan,nan,nan,nan,nan,nan,nan,nan,nan,nan,nan,nan,nan,nan,nan,nan,nan,nan,nan,nan,nan,nan,nan,nan,nan,nan,nan,nan,nan,nan,nan,nan,nan,nan,nan,nan,nan,nan,nan,nan,nan,nan
filter,o,o,o,o,o,o,o,o,o,o,o,o,o,o,o,o,o,o,o,o,o,o,o,o,o,o,o,o,o,o,o,o,o,o,o,o,o,o,o,o,o,o,o,o,o,o,o,c,c,c,c,o,o,o,o,o,o,o,o,o,o,o,o,o,o,o,o,o,o,c,c,c,c,o,o,o
mjd,60659.331134,60659.335208,60659.342971,60659.348426,60659.356604,60660.556318,60660.558126,60660.565409,60660.579063,60661.029711,60661.033795,60661.056069,60661.071072,60668.585108,60668.588673,60668.592753,60668.598663,60669.075706,60669.082524,60669.085682,60669.09777,60669.310443,60669.313621,60669.318739,60671.309635,60671.313258,60671.318701,60671.330084,60672.550858,60672.553703,60672.556415,60672.55777,60672.572417,60672.573773,60672.579561,60674.573647,60674.590923,60674.593681,60674.606344,60675.316918,60675.320087,60675.344187,60675.360099,60676.648819,60676.652949,60676.658112,60676.668297,60677.009245,60677.011048,60677.015126,60677.02511,60678.579957,60678.581784,60678.58453,60678.600349,60679.322843,60679.32648,60679.343432,60680.523796,60680.525605,60680.535609,60680.540592,60683.285101,60683.293305,60683.300582,60684.520964,60684.524601,60684.536431,60684.539601,60685.034282,60685.037442,60685.040608,60685.047852,60687.232876,60687.234682,60687.256581
flux,354.0,50.0,54.0,28.0,-121.0,-42.0,-12.0,58.0,89.0,16.0,62.0,24.0,12.0,-5.0,6.0,2.0,-19.0,14.0,28.0,17.0,18.0,9.0,13.0,16.0,-10.0,8.0,3.0,25.0,7.0,7.0,-61.0,12.0,-45.0,36.0,13.0,10.0,21.0,-12.0,6.0,40.0,-19.0,9.0,-4.0,7.0,24.0,8.0,4.0,12.0,6.0,-15.0,10.0,43.0,21.0,34.0,1.0,23.0,-3.0,-28.0,23.0,-10.0,-17.0,6.0,14.0,-3.0,-22.0,-56.0,12.0,-25.0,29.0,19.0,21.0,23.0,14.0,376.0,193.0,-538.0
dflux,345.0,152.0,95.0,35.0,77.0,21.0,23.0,22.0,22.0,32.0,30.0,27.0,22.0,11.0,13.0,12.0,12.0,15.0,17.0,16.0,21.0,13.0,15.0,15.0,12.0,16.0,15.0,12.0,12.0,12.0,242.0,9.0,14.0,10.0,13.0,10.0,10.0,9.0,10.0,11.0,11.0,11.0,17.0,12.0,10.0,12.0,16.0,11.0,10.0,8.0,10.0,12.0,9.0,12.0,11.0,19.0,21.0,13.0,12.0,12.0,12.0,9.0,14.0,11.0,12.0,32.0,27.0,17.0,24.0,8.0,8.0,8.0,9.0,276.0,124.0,215.0
mag,17.527,19.649,19.561,20.286,-18.695,-19.853,-21.196,19.485,19.029,20.855,19.412,20.451,21.16,-22.172,22.018,22.905,-20.683,21.018,20.291,20.822,20.748,21.542,21.152,20.896,-21.383,21.6,22.761,20.403,21.727,21.855,-19.44,21.198,-19.771,19.998,21.102,21.366,20.582,-21.241,21.984,19.885,-20.683,21.541,-22.337,21.754,20.475,21.661,22.455,21.234,21.919,-20.989,21.381,19.809,20.6,20.064,24.538,20.508,-22.747,-20.27,20.478,-21.378,-20.824,22.052,21.017,-22.62,-20.555,-19.536,21.195,-20.409,20.239,20.729,20.588,20.49,20.994,17.461,18.187,-17.073
dmag,0.975,3.027,1.748,1.248,0.634,0.512,1.903,0.368,0.247,1.919,0.479,1.144,1.723,2.163,2.277,4.81,0.646,1.03,0.597,0.932,1.149,1.521,1.18,0.928,1.23,1.959,5.118,0.486,1.694,1.845,3.978,0.772,0.304,0.289,1.011,0.966,0.453,0.785,1.68,0.277,0.586,1.302,4.034,1.643,0.429,1.471,4.312,0.972,1.65,0.548,1.0,0.27,0.438,0.346,20.25,0.841,7.111,0.462,0.492,1.171,0.735,1.615,0.982,3.44,0.556,0.575,2.25,0.669,0.816,0.429,0.386,0.355,0.625,0.732,0.646,0.4
