atlas-norm,2024jxa,144.8077401,20.5042119,0.044857,nan,60460.25137000019
++++++++++++++++++++++++++++++++++++++++++++++++++++++++++++++++
++++++++++++++++++++++++++++++++++++++++++++++++++++++++++++++++
++++++++++++++++++++++++++++++++++++++++++++++++++++++++++++++++
zp,nan,nan,nan,nan,nan,nan,nan,nan,nan,nan,nan,nan,nan,nan,nan,nan,nan,nan,nan,nan,nan,nan,nan,nan,nan,nan,nan,nan,nan,nan,nan,nan,nan,nan,nan,nan,nan,nan,nan,nan,nan,nan,nan,nan,nan,nan,nan,nan,nan,nan,nan,nan,nan,nan,nan,nan,nan,nan,nan,nan,nan,nan,nan,nan,nan,nan,nan,nan,nan,nan,nan,nan,nan,nan,nan
filter,o,o,o,o,o,o,o,o,o,o,o,o,o,o,o,o,o,o,o,o,o,o,o,o,o,o,o,o,o,o,o,o,o,o,o,o,o,o,o,o,o,o,o,o,o,o,o,o,o,o,o,o,o,o,o,o,o,o,o,o,o,o,o,o,o,o,o,o,o,o,o,o,o,o,o
mjd,60659.486996,60659.489793,60659.494532,60659.499677,60665.518997,60665.520807,60665.541387,60665.545913,60666.505719,60666.527098,60666.530463,60666.533714,60667.508319,60667.510261,60667.513974,60667.519152,60668.515399,60668.517228,60668.520505,60668.531081,60669.499981,60669.501788,60669.505405,60669.51303,60670.507989,60670.50986,60670.514439,60670.519724,60673.501205,60673.503023,60673.506659,60673.513693,60674.49912,60674.502295,60674.505946,60674.512364,60675.516131,60675.517959,60675.522197,60675.557567,60676.437003,60676.440263,60676.445416,60676.481002,60677.483309,60677.485152,60677.49198,60677.497475,60678.48359,60678.485853,60678.509397,60678.513677,60679.477886,60679.480699,60679.485893,60679.514691,60680.467858,60680.470637,60680.473845,60680.478999,60681.473281,60681.483348,60681.485159,60681.48845,60682.495669,60682.497476,60682.50064,60682.506078,60684.454637,60684.45695,60684.460924,60684.467534,60686.531977,60686.558816,60686.562004
flux,-4.0,34.0,37.0,40.0,9.0,-4.0,43.0,19.0,24.0,30.0,-16.0,8.0,33.0,16.0,39.0,29.0,-20.0,10.0,13.0,24.0,8.0,-12.0,-24.0,-11.0,-22.0,-24.0,37.0,12.0,46.0,40.0,29.0,12.0,-57.0,5.0,-17.0,4.0,-37.0,-7.0,-6.0,26.0,14.0,9.0,17.0,17.0,-20.0,-12.0,10.0,-28.0,-26.0,14.0,32.0,4.0,-49.0,-23.0,-238.0,32.0,-22.0,-14.0,-3.0,4.0,28.0,26.0,-10.0,-11.0,-1.0,58.0,-3.0,26.0,-26.0,28.0,17.0,-34.0,27.0,41.0,40.0
dflux,26.0,24.0,26.0,28.0,16.0,20.0,16.0,18.0,17.0,14.0,13.0,15.0,15.0,12.0,14.0,14.0,12.0,12.0,11.0,13.0,12.0,9.0,11.0,14.0,11.0,12.0,12.0,11.0,12.0,11.0,11.0,10.0,14.0,12.0,13.0,14.0,9.0,11.0,10.0,9.0,10.0,11.0,9.0,8.0,12.0,11.0,14.0,13.0,10.0,10.0,11.0,12.0,32.0,12.0,131.0,10.0,11.0,11.0,12.0,10.0,11.0,10.0,9.0,13.0,9.0,13.0,10.0,10.0,12.0,16.0,15.0,12.0,21.0,18.0,24.0
mag,-22.403,20.056,19.992,19.898,21.462,-22.511,19.812,20.712,20.428,20.215,-20.893,21.68,20.099,20.923,19.924,20.247,-20.653,21.355,21.093,20.47,21.679,-21.167,-20.436,-21.334,-20.565,-20.45,19.98,21.231,19.743,19.885,20.228,21.232,-19.51,22.177,-20.802,22.466,-19.981,-21.771,-21.945,20.356,20.993,21.542,20.81,20.822,-20.628,-21.208,21.349,-20.267,-20.35,21.058,20.128,22.324,-19.67,-20.488,-17.96,20.12,-20.552,-21.034,-22.872,22.276,20.282,20.343,-21.455,-21.331,-24.377,19.483,-22.659,20.352,-20.348,20.292,20.802,-20.057,20.324,19.866,19.892
dmag,6.424,0.681,0.714,0.71,1.64,5.594,0.367,0.964,0.679,0.452,0.817,1.952,0.449,0.775,0.367,0.495,0.594,1.145,0.852,0.56,1.521,0.697,0.442,1.295,0.509,0.495,0.319,0.947,0.266,0.271,0.38,0.892,0.251,2.537,0.73,3.667,0.232,1.517,1.733,0.356,0.667,1.233,0.541,0.496,0.605,0.953,1.378,0.447,0.373,0.765,0.337,2.697,0.648,0.527,0.55,0.321,0.522,0.776,4.647,2.3,0.407,0.39,0.941,1.2,14.0,0.219,3.067,0.368,0.444,0.566,0.866,0.354,0.771,0.43,0.601
