#expname,ra,dec,mag,dm,snr,filter,zp,mjd,x,y,peakval,skyval,peakfit,dpeak,skyfit,flux,dflux,chin,major,minor,snrdet,snrlimit,apfit,uJy,duJy,mag5sig,texp
04a59785o0850o,28.936133333333334,-25.24876666666667,>20.57,0.0,3.0,o,22.092,59785.40044675,5126.54,9879.78,182.0,181.5,-1.0,7.7,182.1,220.7,416.8,0.96,2.53,2.08,1.0,3.0,-0.3857,-1.3229474740505858,10.186695550189512,19.6,30.0
04a59785o0856o,28.936133333333334,-25.24876666666667,>19.45,0.0,3.0,o,20.995,59785.40468755,5109.73,9840.34,176.0,179.3,-9.1,7.5,180.7,494.5,603.2,0.86,2.6,2.13,1.0,3.0,-0.3747,-34.44713356737477,28.39049469838579,18.4,30.0
04a59785o0888o,28.936133333333334,-25.24876666666667,>20.35,0.0,3.0,o,22.058,59785.42324015,5186.52,9917.75,181.0,181.1,3.4,6.9,180.2,-373.5,459.5,1.06,2.85,2.46,1.0,3.0,-0.3667,6.0759981007012955,12.330702027893809,19.34,30.0
04a59785o0912o,28.936133333333334,-25.24876666666667,>19.69,0.0,3.0,o,22.053,59785.43734395,5539.22,831.89,219.0,180.8,5.0,14.2,181.8,197.9,897.7,0.86,2.74,2.26,1.0,3.0,-0.3567,7.855751763563362,22.310335008519946,18.76,30.0
04a59786o0761o,28.936133333333334,-25.24876666666667,>20.23,0.0,3.0,o,22.082,59786.36443605,5099.37,9882.96,162.0,181.5,-1.9,8.6,185.1,174.2,563.6,1.35,2.77,2.32,1.0,3.0,-0.3747,-3.066762189804065,13.881134122271032,19.24,30.0
04a59786o0766o,28.936133333333334,-25.24876666666667,>20.26,0.0,3.0,o,22.084,59786.36710815,5081.34,9843.47,178.0,181.1,-4.5,8.9,181.5,380.5,583.9,0.99,2.7,2.23,1.0,3.0,-0.3777,-6.811454913283597,13.471544161827557,19.28,30.0
04a59786o0773o,28.936133333333334,-25.24876666666667,>20.24,0.0,3.0,o,22.087,59786.37062005,5142.97,9921.72,166.0,182.0,-13.2,9.7,184.6,325.9,490.6,0.91,2.62,2.15,1.0,3.0,-0.3817,-18.709941418976165,13.748972103338545,19.32,30.0
04a59786o0787o,28.936133333333334,-25.24876666666667,>20.39,0.0,3.0,o,22.089,59786.37695935,5164.97,9804.65,188.0,181.1,-13.5,9.0,182.4,970.6,609.2,1.17,2.54,2.1,1.0,3.0,-0.3857,-18.15287951432372,12.101919676215813,19.38,30.0
04a59789o0616c,28.936133333333334,-25.24876666666667,>20.51,0.0,3.0,c,22.027,59789.31673645,5082.17,9883.99,180.0,181.3,1.0,5.5,180.5,-43.5,404.7,1.26,2.94,2.51,1.0,3.0,-0.3527,1.9106440982442112,10.50854254034316,19.46,30.0
04a59789o0621c,28.936133333333334,-25.24876666666667,>20.27804555017294,0.0,1.28,c,22.112,59789.32042465,5060.71,9844.97,184.0,181.8,7.7,6.0,181.7,253.7,382.5,1.15,2.77,2.31,1.0,3.0,-0.3687,11.971297383508507,9.328283675461174,19.64,30.0
04a59789o0632c,28.936133333333334,-25.24876666666667,>20.72,0.0,3.0,c,22.117,59789.32704275,5122.76,9923.56,180.0,181.5,-12.6,6.1,180.5,-67.6,359.3,1.06,2.69,2.21,1.0,3.0,-0.3717,-18.166607959130882,8.7949451230713,19.64,30.0
04a59789o0651c,28.936133333333334,-25.24876666666667,>20.59,0.0,3.0,c,21.925,59789.33744465,5146.98,9806.34,188.0,182.8,-1.2,6.4,183.4,-134.2,362.3,1.08,2.56,2.08,1.0,3.0,-0.3787,-1.8614153527398427,9.927548547945829,19.52,30.0
03a59792o0628c,28.936133333333334,-25.24876666666667,>20.69,0.0,3.0,c,22.16,59792.04342695,394.67,6947.3,163.0,182.1,-6.0,6.0,183.0,561.6,344.6,0.98,2.71,2.39,1.0,3.0,-0.4227,-9.49461124832426,9.49461124832426,19.71,30.0
03a59792o0635c,28.936133333333334,-25.24876666666667,>20.30259763496289,0.0,1.01,c,22.164,59792.04805405,368.58,6911.86,178.0,181.9,7.1,7.0,182.3,180.3,385.7,1.01,2.41,2.27,1.0,3.0,-0.4077,9.32523948205215,9.193898080896487,19.82,30.0
03a59792o0646c,28.936133333333334,-25.24876666666667,>20.61,0.0,3.0,c,22.168,59792.05440915,429.64,6987.96,178.0,181.4,-10.7,6.4,182.5,610.6,370.0,0.98,2.73,2.4,1.0,3.0,-0.4197,-16.95572685298046,10.14174316439953,19.72,30.0
03a59792o0665c,28.936133333333334,-25.24876666666667,>20.82,0.0,3.0,c,22.175,59792.06520175,444.76,6875.53,188.0,181.8,-3.3,6.4,181.0,-208.8,382.2,1.0,2.41,2.26,1.0,3.0,-0.4117,-4.287441100380807,8.315037285587021,19.82,30.0
03a59792o0726c,28.936133333333334,-25.24876666666667,>20.83,0.0,3.0,c,22.184,59792.10384105,10392.1,7181.85,180.0,181.6,0.3,5.9,182.6,874.7,331.7,1.16,2.52,2.35,1.0,3.0,-0.4077,0.41874381273421113,8.23529498377282,19.82,30.0
03a59792o0731c,28.936133333333334,-25.24876666666667,>20.85,0.0,3.0,c,22.186,59792.10675645,10370.5,7145.04,146.0,181.6,-23.4,6.0,182.9,789.5,400.0,1.22,2.47,2.32,1.0,3.0,-0.4117,-31.663545340849883,8.118857779705097,19.83,30.0
03a59792o0738c,28.936133333333334,-25.24876666666667,>20.75,0.0,3.0,c,22.188,59792.11022225,10428.0,7223.93,183.0,181.4,4.1,6.3,180.5,-58.0,362.5,0.95,2.54,2.36,1.0,3.0,-0.4057,5.760873270565752,8.85207356208884,19.82,30.0
03a59792o0748c,28.936133333333334,-25.24876666666667,>20.384009056582308,0.0,1.78,c,22.191,59792.11645145,10448.2,7109.2,201.0,181.7,11.4,6.4,180.5,108.3,334.0,0.98,2.37,2.37,1.0,3.0,-0.4157,15.106375947320888,8.48077246165383,19.86,30.0
04a59793o0756c,28.936133333333334,-25.24876666666667,>20.78,0.0,3.0,c,22.133,59793.35326255,8454.97,5304.78,173.0,181.6,-10.3,6.2,182.6,-99.1,399.4,0.81,2.64,2.12,1.0,3.0,-0.3727,-13.78909481276905,8.300231829045448,19.71,30.0
04a59793o0762c,28.936133333333334,-25.24876666666667,>20.76,0.0,3.0,c,22.134,59793.35597715,8436.37,5266.73,174.0,181.6,0.1,6.2,182.2,388.1,471.9,1.05,2.64,2.17,1.0,3.0,-0.3697,0.1365282130500969,8.464749209106008,19.72,30.0
04a59793o0773c,28.936133333333334,-25.24876666666667,>20.75,0.0,3.0,c,22.135,59793.36094085,8498.56,5343.26,192.0,181.8,-4.5,6.3,183.0,410.8,340.8,0.93,2.64,2.15,1.0,3.0,-0.3697,-6.081541096126365,8.514157534576912,19.72,30.0
04a59793o0808c,28.936133333333334,-25.24876666666667,>20.8,0.0,3.0,c,22.14,59793.37828465,8531.77,5223.89,175.0,181.8,3.2,6.5,180.4,306.9,409.9,1.04,2.57,2.05,1.0,3.0,-0.3787,4.0289855332822295,8.18387686447953,19.78,30.0
03a59796o0788c,28.936133333333334,-25.24876666666667,>20.79,0.0,3.0,c,22.2,59796.09784525,366.94,6943.79,174.0,181.3,-5.3,6.2,181.5,79.0,385.1,0.71,2.51,2.35,1.0,3.0,-0.3997,-7.207359725894321,8.43125100010279,19.9,30.0
03a59796o0794c,28.936133333333334,-25.24876666666667,>20.72,0.0,3.0,c,22.2,59796.10120325,344.97,6904.99,185.0,183.6,1.9,4.9,184.0,850.8,409.0,1.16,3.09,2.57,1.0,3.0,-0.3847,3.430867524087683,8.848026772647184,19.71,30.0
03a59796o0806c,28.936133333333334,-25.24876666666667,>20.67,0.0,3.0,c,22.2,59796.10822045,400.38,6986.25,189.0,182.2,4.5,4.7,182.2,64.0,326.4,1.07,3.31,2.63,1.0,3.0,-0.3767,8.842091429732504,9.235073271053949,19.65,30.0
03a59796o0816c,28.936133333333334,-25.24876666666667,>20.41788671926855,0.0,1.62,c,22.198,59796.11350395,10378.9,7181.89,162.0,181.3,8.4,5.2,181.7,741.6,318.9,1.33,2.72,2.53,1.0,3.0,-0.3937,13.277840780373987,8.219615721183896,19.81,30.0
03a59796o0835c,28.936133333333334,-25.24876666666667,>20.67,0.0,3.0,c,22.202,59796.12446905,420.03,6871.61,189.0,180.6,-1.8,5.4,179.4,-579.0,448.8,0.88,3.0,2.52,1.0,3.0,-0.4017,-3.137278302285676,9.41183490685703,19.76,30.0
03a59796o0836c,28.936133333333334,-25.24876666666667,>20.47,0.0,3.0,c,22.201,59796.12491935,10357.3,7144.33,182.0,181.6,3.3,4.6,180.1,-365.9,365.5,0.73,4.06,2.63,1.0,3.0,-0.3567,7.801075250950783,10.87422610738594,19.59,30.0
03a59796o0842c,28.936133333333334,-25.24876666666667,>20.7,0.0,3.0,c,22.2,59796.12794305,10413.3,7223.56,187.0,180.1,5.2,5.7,180.0,103.7,344.8,0.8,2.74,2.54,1.0,3.0,-0.3937,8.297482943878238,9.095317842328072,19.8,30.0
03a59796o0855c,28.936133333333334,-25.24876666666667,>20.75,0.0,3.0,c,22.202,59796.13623615,10433.0,7110.14,184.0,180.2,-3.7,5.9,178.6,-505.2,436.2,1.05,2.62,2.47,1.0,3.0,-0.3967,-5.494886344041579,8.762116062120358,19.85,30.0
03a59800o0655o,28.936133333333334,-25.24876666666667,>20.11,0.0,3.0,o,22.116,59800.04214635,5559.61,3440.9,205.0,183.4,3.6,13.5,183.0,747.1,690.8,1.02,2.26,2.08,1.0,3.0,-0.4217,4.301629681704991,16.13111130639372,19.15,30.0
03a59800o0660o,28.936133333333334,-25.24876666666667,>20.06,0.0,3.0,o,22.116,59800.04453435,5539.77,3402.43,162.0,177.1,3.4,14.8,175.0,265.1,876.7,0.97,2.22,2.03,1.0,3.0,-0.4297,3.923617606543923,17.079276640250015,19.16,30.0
03a59800o0668o,28.936133333333334,-25.24876666666667,>20.09,0.0,3.0,o,22.117,59800.04852825,5595.41,3481.06,206.0,183.0,9.9,14.7,184.3,2576.8,733.1,1.25,2.21,2.0,1.0,3.0,-0.4247,11.143361233213621,16.546203043256583,19.2,30.0
03a59800o0686o,28.936133333333334,-25.24876666666667,>20.11,0.0,3.0,o,22.123,59800.05761935,5616.13,3366.36,185.0,182.1,-15.8,12.9,186.2,1324.4,817.5,1.02,2.31,2.14,1.0,3.0,-0.4167,-19.635482856282685,16.031501825699152,19.17,30.0
04a59801o0785o,28.936133333333334,-25.24876666666667,>19.215122280757868,0.0,1.55,o,21.968,59801.32687825,1338.97,1173.42,185.0,173.5,33.7,21.7,172.3,-13.7,1239.4,1.27,2.17,1.81,1.0,3.0,-0.4217,38.55910588632866,24.828860466864448,18.69,30.0
04a59802o0607o,28.936133333333334,-25.24876666666667,>17.9,0.0,3.0,o,21.381,59802.24282855,1332.63,1219.12,33.0,163.0,-19.1,46.7,162.7,4164.8,3138.8,0.92,2.52,2.1,1.0,3.0,-0.3897,-49.09213818949054,120.03156300781195,16.95,30.0
04a59802o0652o,28.936133333333334,-25.24876666666667,>17.07,0.0,3.0,o,20.851,59802.26416625,1316.3,1178.73,36.0,140.1,-15.8,67.1,156.3,8187.7,4115.4,1.07,2.44,1.99,1.0,3.0,-0.4047,-61.55434792561571,261.4111864435958,16.18,30.0
04a59802o0659o,28.936133333333334,-25.24876666666667,>17.14,0.0,3.0,o,20.855,59802.26736935,1375.48,1258.26,28.0,109.7,-76.6,61.8,134.2,20219.8,3512.9,1.23,2.46,2.02,1.0,3.0,-0.4047,-304.2804090844381,245.48993839971635,16.19,30.0
04a59802o0670o,28.936133333333334,-25.24876666666667,>17.584561141947372,0.0,1.11,o,21.33,59802.27248875,1393.49,1140.99,156.0,169.3,48.8,43.8,180.2,6293.5,3506.4,1.1,2.5,2.0,1.0,3.0,-0.3967,125.0110985530472,112.20258435703828,16.96,30.0
04a59805o0580o,28.936133333333334,-25.24876666666667,>19.41,0.0,3.0,o,22.053,59805.23994875,1338.21,1217.38,132.0,187.5,-0.4,23.2,187.0,3076.3,1627.4,1.35,2.5,1.97,1.0,3.0,-0.3617,-0.5021401771326366,29.124130273692927,18.3,30.0
04a59805o0586o,28.936133333333334,-25.24876666666667,>18.857060980087358,0.0,1.39,o,22.031,59805.24270155,1319.0,1178.17,145.0,191.2,39.7,28.5,180.8,-165.9,2072.7,1.09,2.36,1.89,1.0,3.0,-0.4097,48.141881460966985,34.560292736462436,18.35,30.0
04a59805o0599o,28.936133333333334,-25.24876666666667,>18.96794641883578,0.0,2.91,o,22.058,59805.24914155,1378.15,1257.26,190.0,181.7,80.1,27.5,182.6,3687.4,1397.1,0.81,2.34,1.87,1.0,3.0,-0.3877,91.08539065574955,31.271513645856587,18.42,30.0
04a59805o0620o,28.936133333333334,-25.24876666666667,>18.99238614763412,0.0,1.23,o,22.066,59805.25878195,1397.84,1139.26,212.0,191.6,33.1,26.9,191.0,2157.2,1596.9,1.04,2.33,1.89,1.0,3.0,-0.3887,37.63608704105281,30.586427232758925,18.43,30.0
03a59808o0603o,28.936133333333334,-25.24876666666667,>19.485980949191074,0.0,1.83,o,22.119,59808.02444525,8838.21,9684.53,198.0,181.9,26.6,14.5,182.2,1518.0,897.8,0.82,2.35,2.2,1.0,3.0,-0.4497,35.77098712796441,19.49922230659714,19.05,30.0
03a59808o0609o,28.936133333333334,-25.24876666666667,>19.99,0.0,3.0,o,22.123,59808.02862955,8817.83,9645.98,208.0,182.7,7.0,13.6,185.3,-308.8,921.1,1.02,2.37,2.21,1.0,3.0,-0.4497,9.501614473037225,18.46027954761518,19.05,30.0
03a59808o0632o,28.936133333333334,-25.24876666666667,19.59,0.31,3.01,o,22.13,59808.04205275,8871.43,9729.53,209.0,183.3,42.5,14.1,179.4,-220.3,897.5,1.47,2.36,2.11,1.0,3.0,-0.4207,53.056932020108285,17.602417446671218,19.12,30.0
03a59808o0641o,28.936133333333334,-25.24876666666667,>19.598005159349388,0.0,1.17,o,22.13,59808.04735535,8889.53,9614.31,233.0,182.0,15.8,13.5,184.0,944.8,776.0,1.2,2.39,2.16,1.0,3.0,-0.4217,20.467626552331712,17.488161927625196,19.05,30.0
04a59809o0709o,28.936133333333334,-25.24876666666667,>19.92041407662817,0.0,2.92,o,22.094,59809.30078655,2325.47,5113.3,223.0,183.5,36.2,12.4,185.0,811.5,668.3,1.43,2.3,1.81,1.0,3.0,-0.3957,38.165743454951965,13.073348586779126,19.33,30.0
04a59809o0715o,28.936133333333334,-25.24876666666667,19.58,0.26,3.77,o,22.093,59809.30440545,2308.08,5074.73,-96.0,-111.0,50.1,13.3,-113.6,8553.3,759.1,1.31,2.28,1.83,1.0,3.0,-0.4017,53.282231838029354,14.14478410071438,19.3,30.0
04a59809o0727o,28.936133333333334,-25.24876666666667,>19.87934758238491,0.0,2.76,o,22.097,59809.30981855,2367.99,5152.97,214.0,181.6,35.6,12.9,180.6,-168.1,608.4,1.19,2.29,1.81,1.0,3.0,-0.3987,37.36997441053933,13.541367131908912,19.34,30.0
04a59809o0779o,28.936133333333334,-25.24876666666667,>19.840492713318437,0.0,2.84,o,22.101,59809.33727365,2412.66,5032.7,237.0,180.1,35.5,12.5,183.8,1719.5,677.4,1.0,2.38,1.87,1.0,3.0,-0.4007,39.93977941218985,14.063302609926005,19.31,30.0
04a59810o0570o,28.936133333333334,-25.24876666666667,19.66,0.24,3.99,o,22.073,59810.28369695,2310.46,5113.71,215.0,182.5,47.1,11.8,183.3,178.7,704.2,1.06,2.15,1.84,1.0,3.0,-0.4347,49.869605803769055,12.493871517717087,19.5,30.0
04a59810o0574o,28.936133333333334,-25.24876666666667,19.69,0.25,3.83,o,22.074,59810.28549875,2293.03,5073.89,208.0,182.1,46.0,12.0,183.4,371.4,522.6,1.43,2.14,1.84,1.0,3.0,-0.4367,48.52305915496267,12.658189344772868,19.51,30.0
04a59810o0581o,28.936133333333334,-25.24876666666667,19.43,0.2,4.97,o,22.064,59810.28872145,2352.63,5152.39,237.0,179.7,61.6,12.4,178.0,-438.3,622.1,0.8,2.05,1.78,1.0,3.0,-0.4507,61.56208508609999,12.392367777072076,19.51,30.0
04a59810o0602o,28.936133333333334,-25.24876666666667,>19.9233695130714,0.0,2.82,o,22.075,59810.29897825,2376.11,5035.58,191.0,181.9,39.5,14.0,180.7,-223.6,685.3,1.02,1.99,1.72,1.0,3.0,-0.4527,36.72293333203245,13.01572320628998,19.57,30.0
03a59812o0761o,28.936133333333334,-25.24876666666667,19.75,0.28,3.41,o,22.132,59812.06188185,8821.72,9695.61,222.0,180.5,23.9,7.0,181.1,259.6,671.1,0.9,3.06,2.51,1.0,3.0,-0.4107,45.514711493549534,13.330668638278109,19.3,30.0
03a59812o0804o,28.936133333333334,-25.24876666666667,19.77,0.23,4.19,o,22.136,59812.08428915,8797.48,9659.35,220.0,182.6,40.2,9.6,181.3,38.4,499.8,0.97,2.31,1.93,1.0,3.0,-0.4217,44.72538495515988,10.68068894451579,19.6,30.0
03a59812o0809o,28.936133333333334,-25.24876666666667,19.4,0.2,4.87,o,22.137,59812.08668675,8854.52,9739.52,200.0,181.9,36.5,7.5,179.6,452.6,520.6,0.97,3.04,2.34,1.0,3.0,-0.3957,63.20348865157771,12.98701821607761,19.37,30.0
03a59812o0816o,28.936133333333334,-25.24876666666667,>19.591602664034173,0.0,1.41,o,21.953,59812.08984095,8875.8,9623.0,207.0,183.5,9.6,6.8,186.5,1319.3,641.7,0.94,3.28,2.62,1.0,3.0,-0.4457,24.911800273618503,17.645858527146437,19.04,30.0
04a59813o0549c,28.936133333333334,-25.24876666666667,19.62,0.17,5.83,c,22.093,59813.25534735,2300.5,5115.72,218.0,182.0,41.4,7.1,181.7,1041.9,433.0,0.95,2.46,2.0,1.0,3.0,-0.3927,51.490153813159715,8.830437006604685,19.82,30.0
04a59813o0554c,28.936133333333334,-25.24876666666667,19.55,0.16,6.24,c,22.095,59813.25760255,2281.67,5076.37,218.0,181.8,44.3,7.1,181.9,1044.9,343.9,0.93,2.47,1.99,1.0,3.0,-0.3947,55.04431875994463,8.8220014265374,19.8,30.0
04a59813o0562c,28.936133333333334,-25.24876666666667,19.6,0.17,6.01,c,22.098,59813.26123175,2341.53,5154.17,215.0,181.9,42.7,7.1,183.4,881.4,336.2,1.0,2.47,1.98,1.0,3.0,-0.3937,52.59552128226955,8.74539112656004,19.8,30.0
04a59813o0606c,28.936133333333334,-25.24876666666667,19.73,0.18,5.43,c,22.106,59813.28198915,2370.85,5037.92,245.0,183.3,37.5,6.9,183.0,515.9,414.5,1.06,2.47,2.01,1.0,3.0,-0.3927,46.503219798057735,8.556592442842623,19.84,30.0
04a59814o0753c,28.936133333333334,-25.248743333333337,19.52,0.15,6.87,c,22.123,59814.31457245,2340.11,5108.86,219.0,182.2,46.0,6.7,182.2,241.0,317.3,1.26,2.51,2.01,1.0,3.0,-0.3837,56.59608052941923,8.243342164067585,19.85,30.0
04a59814o0757c,28.936133333333334,-25.248743333333337,19.64,0.16,6.45,c,22.123,59814.31637305,2320.68,5069.97,211.0,182.3,41.9,6.5,182.3,1408.5,366.4,1.11,2.45,2.01,1.0,3.0,-0.3887,50.551600478066135,7.842133725714317,19.89,30.0
04a59814o0764c,28.936133333333334,-25.248743333333337,19.53,0.16,6.49,c,22.124,59814.31952715,2381.42,5147.85,239.0,182.2,46.7,7.2,182.2,658.8,382.8,0.9,2.47,1.97,1.0,3.0,-0.3927,55.82629488408386,8.607051887910144,19.87,30.0
04a59814o0817c,28.936133333333334,-25.248743333333337,19.86,0.21,4.68,c,22.127,59814.34577105,2426.65,5031.45,222.0,181.8,35.1,7.5,182.4,157.6,340.5,0.99,2.48,1.94,1.0,3.0,-0.3902,41.278059479184655,8.820098179312962,19.88,30.0
04a59814o0980c,28.936133333333334,-25.248743333333337,>19.782415688107942,0.0,1.05,c,22.112,59814.42591235,8342.47,5482.45,198.0,182.3,12.1,11.5,182.8,579.5,590.8,1.07,2.6,2.04,1.0,3.0,-0.3697,15.608013462913993,14.83406238210834,19.17,30.0
03a59815o0654o,28.936133333333334,-25.248743333333337,19.51,0.22,4.56,o,22.029,59815.03771455,8816.11,9687.15,199.0,180.9,30.1,6.6,181.7,143.2,399.0,1.22,2.93,2.41,1.0,3.0,-0.3897,56.83421996647262,12.461988431186686,19.39,30.0
03a59815o0658o,28.936133333333334,-25.248743333333337,19.97,0.31,3.03,o,22.032,59815.03952185,8795.68,9647.91,202.0,180.5,21.8,7.2,182.2,425.5,437.5,1.35,2.78,2.29,1.0,3.0,-0.3987,37.31603718237907,12.324562739134372,19.42,30.0
03a59815o0666o,28.936133333333334,-25.248743333333337,19.78,0.28,3.4,o,22.033,59815.04314685,8852.55,9727.29,200.0,181.8,25.5,7.5,182.5,253.9,500.9,0.93,2.78,2.36,1.0,3.0,-0.3917,44.65352256574879,13.133388989926113,19.46,30.0
03a59815o0715o,28.936133333333334,-25.248743333333337,19.91,0.26,3.65,o,22.015,59815.06763795,8869.32,9616.3,208.0,181.4,28.5,7.8,182.4,881.6,407.4,1.05,2.37,2.09,1.0,3.0,-0.4237,39.454653840762006,10.798115787998022,19.56,30.0
04a59817o0736c,28.936133333333334,-25.248743333333337,>17.91,0.0,3.0,c,18.997,59817.30251715,5517.56,1543.79,161.0,182.7,-10.3,5.9,182.5,64.5,333.5,1.81,2.38,1.93,1.0,3.0,-0.385,-205.61284203181373,117.77822990171856,16.7,30.0
04a59817o0740c,28.936133333333334,-25.248743333333337,>17.657496819840656,0.0,1.6,c,19.357,59817.30432815,5498.73,1505.45,172.0,164.5,11.2,7.0,161.9,587.5,418.1,0.66,2.42,1.97,1.0,3.0,-0.389,167.17770542762057,104.48606589226283,17.05,30.0
04a59817o0816c,28.936133333333334,-25.248743333333337,19.4,0.25,3.84,c,21.316,59817.34192385,5092.33,9168.17,211.0,182.7,24.2,6.3,183.4,1103.4,390.6,1.04,2.51,2.02,1.0,3.0,-0.386,63.05495240146175,16.415132236744178,18.98,30.0
04a59818o0654c,28.936145,-25.248832,19.79,0.2,4.83,c,22.112,59818.27589965,5507.4,1547.43,220.0,181.2,31.9,6.6,179.4,103.9,375.0,0.79,2.61,2.14,1.0,3.0,-0.383,43.86556312812705,9.075633750646977,19.76,30.0
04a59818o0675c,28.936145,-25.248832,19.58,0.16,6.2,c,22.117,59818.28683195,5494.57,1508.11,210.0,182.1,37.2,6.0,182.8,1000.3,375.6,0.89,2.67,2.2,1.0,3.0,-0.377,53.254416107131604,8.589421952763162,19.76,30.0
04a59818o0681c,28.936145,-25.248832,19.76,0.18,5.39,c,22.117,59818.28968575,5553.76,1586.62,210.0,181.7,31.8,5.9,179.9,-236.7,387.9,1.4,2.65,2.2,1.0,3.0,-0.38,45.307950777703475,8.406192125422974,19.75,30.0
04a59818o0688c,28.936145,-25.248832,19.4,0.13,7.58,c,22.119,59818.29310525,5572.65,1469.79,237.0,182.3,47.0,6.2,182.2,1040.6,317.0,0.83,2.58,2.14,1.0,3.0,-0.381,63.35925799096672,8.358029777531781,19.79,30.0
03a59819o0612o,28.936119166666668,-25.248800833333334,19.82,0.23,4.26,o,22.126,59819.00743735,4869.64,9802.94,210.0,181.5,37.5,8.8,183.4,147.6,421.3,1.1,2.24,2.01,1.0,3.0,-0.4287,42.79904601573412,10.043509465025608,19.7,30.0
03a59819o0617o,28.936119166666668,-25.248800833333334,19.43,0.18,5.49,o,22.126,59819.00969005,4849.76,9764.59,219.0,182.0,50.0,9.1,181.1,1120.7,514.8,0.97,2.3,2.1,1.0,3.0,-0.4267,61.10487786352777,11.121087771162054,19.66,30.0
03a59819o0624o,28.936119166666668,-25.248800833333334,19.8,0.23,4.14,o,22.128,59819.01284835,4906.69,9844.77,218.0,180.9,38.1,9.2,182.2,412.0,494.9,1.01,2.24,2.02,1.0,3.0,-0.4317,43.7404361019732,10.56199506924287,19.68,30.0
03a59819o0635o,28.936119166666668,-25.248800833333334,19.71,0.21,4.77,o,22.128,59819.01804005,4928.43,9728.88,212.0,181.5,40.1,8.4,183.6,1758.8,443.9,0.99,2.28,2.06,1.0,3.0,-0.4267,47.56693685513496,9.964146373644232,19.68,30.0
04a59821o0578c,28.936165000000003,-25.248769375,19.99,0.21,4.64,c,22.111,59821.27469535,5505.86,1546.56,217.0,182.0,29.7,6.4,182.2,967.8,336.7,1.13,2.47,2.01,1.0,3.0,-0.39,36.57027324290689,7.880462921030441,19.85,30.0
04a59821o0584c,28.936165000000003,-25.248769375,19.68,0.18,5.48,c,22.111,59821.27748575,5488.0,1507.32,238.0,195.5,40.0,7.3,195.9,344.7,384.4,0.76,2.44,2.0,1.0,3.0,-0.396,48.68089549992572,8.884263428736443,19.85,30.0
04a59821o0597c,28.936165000000003,-25.248769375,20.01,0.23,4.21,c,22.114,59821.28449565,5551.76,1584.07,211.0,181.7,29.9,7.1,182.0,696.3,359.5,0.98,2.46,1.96,1.0,3.0,-0.396,35.85428877837646,8.513894659748255,19.85,30.0
04a59821o0607c,28.936165000000003,-25.248769375,19.36,0.13,7.6,c,22.082,59821.28988565,5574.82,1466.12,221.0,182.0,53.2,7.0,182.2,276.1,319.5,0.85,2.44,1.98,1.0,3.0,-0.394,65.71210722655839,8.646329898231366,19.82,30.0
04a59822o0679c,28.936161764705883,-25.248771176470587,19.65,0.16,6.16,c,22.111,59822.38611865,5163.13,9034.09,214.0,181.3,38.2,6.2,181.8,1222.0,336.2,0.92,2.56,2.08,1.0,3.0,-0.3827,50.11011604314378,8.133055483442185,19.8,30.0
04a59822o0688c,28.936161764705883,-25.248771176470587,19.85,0.21,4.65,c,22.109,59822.39017385,5180.59,9070.23,207.0,181.3,28.8,6.2,179.9,491.4,400.2,0.97,2.69,2.21,1.0,3.0,-0.3717,41.83076304540472,9.005233711163518,19.7,30.0
04a59822o0716c,28.936161764705883,-25.248771176470587,20.29,0.29,3.27,c,22.104,59822.40378005,5125.0,8982.02,188.0,181.8,23.2,7.1,181.7,413.8,362.7,0.91,2.43,1.98,1.0,3.0,-0.3917,27.907323969519457,8.540603456189144,19.79,30.0
04a59822o0728c,28.936161764705883,-25.248771176470587,20.15,0.28,3.41,c,22.1,59822.41014185,5103.48,9095.24,195.0,181.1,25.2,7.4,179.7,543.6,439.1,0.82,2.49,2.02,1.0,3.0,-0.3847,31.601667740887216,9.279854812800215,19.76,30.0
03a59824o0504o,28.936175555555558,-25.248750555555556,19.77,0.25,3.9,o,21.949,59824.00153895,8320.74,5315.79,217.0,181.2,28.1,7.2,180.7,299.1,396.6,1.21,2.49,2.19,1.0,3.0,-0.4077,44.84443194976842,11.490388257591908,19.49,30.0
03a59824o0511o,28.936175555555558,-25.248750555555556,>19.969830933421747,0.0,2.71,o,21.962,59824.00504615,8301.59,5277.63,207.0,180.8,20.6,7.6,180.4,135.2,497.8,1.01,2.53,2.24,1.0,3.0,-0.4032,33.619751974285265,12.403403640998445,19.45,30.0
03a59824o0517o,28.936175555555558,-25.248750555555556,>20.051094480551257,0.0,2.26,o,21.962,59824.00799125,8359.65,5355.89,208.0,182.0,15.8,7.0,181.4,-1.2,336.9,1.11,2.39,2.39,1.0,3.0,-0.4057,26.050234321801188,11.541243053962553,19.45,30.0
03a59824o0542o,28.936175555555558,-25.248750555555556,19.67,0.23,4.24,o,21.973,59824.01995585,8381.82,5241.0,239.0,181.5,30.1,7.1,183.7,1325.8,410.9,1.23,2.52,2.26,1.0,3.0,-0.4067,49.02687599839616,11.564479056100089,19.47,30.0
04a59825o0587c,28.93617,-25.248754736842105,20.35,0.3,3.1,c,22.102,59825.27371215,6638.39,7350.33,182.0,181.1,18.3,5.9,181.2,214.5,386.1,1.08,2.66,2.2,1.0,3.0,-0.374,26.389681728519797,8.508148754003651,19.7,30.0
04a59825o0591c,28.93617,-25.248754736842105,20.17,0.28,3.41,c,22.102,59825.27551395,6619.07,7312.21,202.0,181.8,23.2,6.8,181.2,214.7,381.0,0.84,2.59,2.1,1.0,3.0,-0.377,31.18069484550259,9.139169178854207,19.7,30.0
04a59825o0603c,28.93617,-25.248754736842105,19.66,0.18,5.38,c,22.103,59825.28091995,6683.22,7389.49,223.0,182.0,35.0,6.5,182.4,504.1,343.2,0.91,2.64,2.18,1.0,3.0,-0.374,49.59149605574262,9.20984926749506,19.7,30.0
04a59825o0613c,28.93617,-25.248754736842105,19.84,0.22,4.55,c,22.102,59825.28607495,6702.98,7272.3,202.0,182.4,30.0,6.6,183.0,525.0,414.9,0.81,2.62,2.18,1.0,3.0,-0.375,42.26275312652549,9.297805687835604,19.69,30.0
04a59826o0488o,28.93617,-25.248754736842105,19.83,0.3,3.14,o,22.059,59826.19779635,6607.3,7349.37,210.0,182.0,35.8,11.4,183.2,344.9,720.1,0.93,2.33,1.93,1.0,3.0,-0.4077,42.575033852947016,13.557413014625586,19.36,30.0
04a59826o0493o,28.93617,-25.248754736842105,>19.89621353641724,0.0,2.83,o,22.061,59826.20004995,6588.09,7310.87,190.0,182.2,31.4,11.1,183.3,711.0,661.4,1.03,2.34,1.95,1.0,3.0,-0.403,37.65813969336849,13.312272311986947,19.37,30.0
04a59826o0500o,28.93617,-25.248754736842105,19.64,0.24,4.08,o,22.062,59826.20323435,6646.6,7388.47,221.0,181.9,43.7,10.7,181.4,103.3,633.7,1.16,2.3,1.91,1.0,3.0,-0.403,50.41054416368092,12.343085184242238,19.41,30.0
04a59826o0519o,28.93617,-25.248754736842105,19.63,0.25,3.86,o,22.068,59826.21300715,6667.37,7272.21,205.0,181.9,39.0,10.1,181.0,527.6,547.6,0.75,2.46,2.05,1.0,3.0,-0.3977,51.11075784023813,13.236375748369362,19.33,30.0
03a59828o0219o,28.93617,-25.248754736842105,19.73,0.25,3.88,o,22.122,59828.07896035,2135.13,5209.54,243.0,180.9,41.1,10.6,180.2,-14.6,525.9,1.13,2.23,1.99,1.0,3.0,-0.4287,46.40433000411428,11.96802671638957,19.61,30.0
03a59828o0226o,28.93617,-25.248754736842105,19.49,0.19,5.22,o,22.122,59828.08239315,2077.16,5132.11,228.0,181.6,47.5,9.1,183.6,1834.2,480.4,1.23,2.32,2.08,1.0,3.0,-0.4217,57.94335992516603,11.10072790145286,19.58,30.0
03a59828o0298o,28.93617,-25.248754736842105,20.14,0.31,3.04,o,22.119,59828.11635315,2046.21,5253.25,196.0,182.5,28.3,9.3,183.3,1064.7,504.0,1.18,2.23,1.98,1.0,3.0,-0.4317,31.967982890939833,10.505379536598602,19.7,30.0
04a59829o0496o,28.93617,-25.248754736842105,>19.56786603077364,0.0,1.43,o,22.077,59829.20135075,6607.04,7347.62,195.0,183.2,18.2,12.7,184.3,521.4,848.8,1.02,2.58,2.16,1.0,3.0,-0.38,25.71719455438476,17.945514881356402,18.89,30.0
04a59829o0503o,28.93617,-25.248754736842105,>19.529254845987346,0.0,1.2,o,22.078,59829.20458145,6587.5,7308.96,175.0,182.0,15.9,13.2,181.2,1690.7,979.0,0.89,2.58,2.17,1.0,3.0,-0.377,22.488231812969108,18.669475467370575,18.9,30.0
04a59829o0528o,28.93617,-25.248754736842105,>19.60227250261811,0.0,2.16,o,22.083,59829.21591555,6649.68,7387.51,252.0,183.9,28.7,13.3,184.8,1131.4,814.3,1.1,2.47,2.09,1.0,3.0,-0.389,37.67071656834368,17.457161336549508,18.97,30.0
04a59829o0536o,28.93617,-25.248754736842105,>19.99,0.0,3.0,o,22.086,59829.21955595,6670.04,7271.3,170.0,182.6,7.7,14.0,184.7,869.2,854.7,0.86,2.45,2.01,1.0,3.0,-0.391,9.632335751166682,17.513337729393964,18.98,30.0
03a59831o0602o,28.93617,-25.248754736842105,>19.67,0.0,3.0,o,22.115,59830.99906895,8326.04,5318.0,157.0,181.5,-5.0,19.0,187.8,1026.5,1167.6,1.42,2.39,2.09,1.0,3.0,-0.3987,-6.22118242844609,23.640493228095146,18.74,30.0
03a59831o0606o,28.93617,-25.248754736842105,>19.72,0.0,3.0,o,22.117,59831.00088685,8307.03,5279.3,179.0,181.8,-5.5,18.6,187.1,-582.1,980.3,1.17,2.38,2.06,1.0,3.0,-0.3947,-6.679833111087929,22.58998106658827,18.76,30.0
03a59831o0613o,28.93617,-25.248754736842105,>19.73,0.0,3.0,o,22.12,59831.00406945,8362.72,5357.37,209.0,182.3,13.3,18.9,181.0,1943.4,1136.6,0.85,2.37,2.02,1.0,3.0,-0.4007,15.816489657879362,22.476064250670664,18.74,30.0
03a59831o0642o,28.93617,-25.248754736842105,>19.42,0.0,3.0,o,22.041,59831.02171235,8379.14,5246.78,220.0,167.7,13.2,23.6,167.3,2014.5,1575.9,1.01,2.36,2.0,1.0,3.0,-0.3987,16.61401794133233,29.703850258745685,18.51,30.0
03a59832o0397o,28.93617,-25.248754736842105,>18.63624717127981,0.0,1.6,o,22.074,59831.90402565,1359.84,1068.69,232.0,181.2,52.1,32.6,175.6,-1379.1,1758.3,0.82,2.42,2.08,1.0,3.0,-0.4047,68.214259580732,42.68301079331792,18.12,30.0
03a59832o0401o,28.93617,-25.248754736842105,>19.04,0.0,3.0,o,22.077,59831.90582825,1341.56,1027.94,208.0,180.5,-23.1,34.2,179.6,77.6,1844.5,0.96,2.37,2.03,1.0,3.0,-0.4147,-29.094782108209674,43.075391692674074,18.16,30.0
03a59832o0409o,28.93617,-25.248754736842105,>19.14,0.0,3.0,o,22.078,59831.90943755,1398.0,1109.03,116.0,182.3,-5.7,30.4,185.1,3920.9,1720.1,1.19,2.41,2.04,1.0,3.0,-0.4127,-7.316119843894253,39.01930583410268,18.15,30.0
03a59832o0422o,28.93617,-25.248754736842105,>18.69638879456042,0.0,1.74,o,22.084,59831.91531875,1419.46,991.51,221.0,178.8,54.7,31.5,174.7,-166.9,1938.0,1.11,2.4,2.06,1.0,3.0,-0.4087,69.95592986828925,40.28540751098923,18.15,30.0
04a59834o0459o,28.93617,-25.248754736842105,>18.909400954778512,0.0,2.66,o,22.024,59834.18129265,8570.12,7234.31,280.0,177.0,79.8,30.0,181.5,2622.1,1771.1,1.16,2.07,1.9,1.0,3.0,-0.431,87.5801295033221,32.92486071553462,18.43,30.0
04a59834o0466o,28.93617,-25.248754736842105,18.87,0.31,3.02,o,22.072,59834.18447895,8547.66,7196.28,274.0,179.5,87.4,28.9,177.5,1116.2,1546.1,1.07,2.39,1.91,1.0,3.0,-0.389,102.47583036628329,33.88502857649413,18.43,30.0
04a59834o0478o,28.93617,-25.248754736842105,>19.37,0.0,3.0,o,22.075,59834.18996265,8608.73,7273.32,211.0,182.2,-16.0,27.3,184.1,-50.9,1603.8,0.86,2.34,1.89,1.0,3.0,-0.391,-18.158350280261995,30.98268516569703,18.46,30.0
04a59834o0490o,28.93617,-25.248754736842105,>19.019829920350187,0.0,1.69,o,22.077,59834.19545945,8628.22,7156.88,221.0,179.4,46.6,27.5,178.1,1536.0,1540.4,0.84,2.27,1.85,1.0,3.0,-0.399,50.49661279705202,29.799503260062888,18.48,30.0
03a59835o0543o,28.93617,-25.248754736842105,>19.32,0.0,3.0,o,22.08,59834.97007595,1359.72,1066.01,162.0,179.9,-8.2,28.5,190.7,-525.5,1826.4,0.85,2.25,1.98,1.0,3.0,-0.4117,-9.510871325072483,33.056077166410454,18.34,30.0
03a59835o0605o,28.93617,-25.248754736842105,>19.33,0.0,3.0,o,22.089,59835.00075495,1336.44,1026.17,240.0,181.0,-11.7,26.4,176.0,231.0,1387.4,1.1,2.31,2.09,1.0,3.0,-0.4097,-14.558038816930273,32.8489080997401,18.35,30.0
03a59835o0609o,28.93617,-25.248754736842105,>19.33,0.0,3.0,o,22.088,59835.00282575,1393.06,1107.28,90.0,180.9,7.0,27.0,176.1,219.2,1451.1,1.35,2.3,2.05,1.0,3.0,-0.3987,8.42827082607427,32.50904461485789,18.36,30.0
03a59835o0651o,28.93617,-25.248754736842105,>18.908412930638885,0.0,1.84,o,22.091,59835.02319575,1409.68,994.81,236.0,179.2,52.4,28.5,171.3,-974.1,1525.5,0.95,2.27,1.98,1.0,3.0,-0.4147,60.86688547592046,33.105080840910944,18.41,30.0
03a59836o0716o,28.93617,-25.248754736842105,>19.26251695239644,0.0,1.4,o,22.095,59836.04699635,9074.06,9431.76,195.0,182.5,30.1,21.5,179.5,106.6,1276.3,1.33,2.18,1.97,1.0,3.0,-0.4167,33.34632362274136,23.818802587672398,18.74,30.0
03a59836o0764o,28.93617,-25.248754736842105,>19.26619731495212,0.0,1.6,o,22.092,59836.07096055,9087.71,9478.97,182.0,179.1,33.4,20.9,178.8,2155.1,1185.3,1.08,2.22,2.0,1.0,3.0,-0.4107,38.149441311247394,23.87195579057097,18.69,30.0
03a59836o0773o,28.93617,-25.248754736842105,>19.65,0.0,3.0,o,22.091,59836.07506985,9028.8,9398.26,157.0,181.3,-5.5,21.5,178.6,422.5,1067.5,0.96,2.2,2.0,1.0,3.0,-0.4137,-6.2484760747637935,24.425861019531194,18.7,30.0
03a59836o0831o,28.93617,-25.248754736842105,>19.71,0.0,3.0,o,22.083,59836.10283355,9003.53,9518.1,156.0,181.3,17.9,20.2,182.1,419.4,1336.9,1.0,2.26,1.95,1.0,3.0,-0.4077,20.40585643092566,23.0278379835027,18.67,30.0
04a59842o0498o,28.93617,-25.248754736842105,>20.31,0.0,3.0,o,22.04,59842.21068235,371.44,5182.23,176.0,181.7,0.3,7.5,181.8,279.7,474.5,1.0,2.8,2.34,1.0,3.0,-0.377,0.5142495126058151,12.85623781514538,19.31,30.0
04a59842o0504o,28.93617,-25.248754736842105,>19.959909419999228,0.0,2.79,o,22.039,59842.21338535,353.61,5143.14,206.0,181.5,20.9,7.5,181.0,1256.8,505.4,1.21,2.77,2.31,1.0,3.0,-0.377,35.02005149457068,12.567004124845939,19.32,30.0
04a59842o0531o,28.93617,-25.248754736842105,>20.3,0.0,3.0,o,22.051,59842.22958215,424.84,5219.41,175.0,181.8,6.8,7.6,181.9,991.9,511.1,0.97,2.82,2.35,1.0,3.0,-0.383,11.735581898486563,13.116238592426159,19.39,30.0
04a59842o0540o,28.93617,-25.248754736842105,>20.31,0.0,3.0,o,22.025,59842.23363605,10410.4,5169.11,175.0,179.0,0.6,7.5,179.1,24.1,538.8,1.08,2.73,2.37,1.0,3.0,-0.382,1.0345249965813408,12.931562457266763,19.35,30.0
04a59842o0542o,28.93617,-25.248754736842105,19.92,0.31,3.04,o,22.049,59842.23453745,447.43,5101.5,210.0,182.0,22.8,7.5,181.7,2584.0,534.0,1.34,2.81,2.35,1.0,3.0,-0.378,39.10099189051631,12.86216838503826,19.36,30.0
04a59842o0544o,28.93617,-25.248754736842105,>19.913539749659076,0.0,1.41,o,22.031,59842.23543755,10391.6,5130.78,182.0,178.9,9.9,7.0,178.9,319.3,617.4,0.79,2.88,2.49,1.0,3.0,-0.368,18.574014264096633,13.133141398856205,19.27,30.0
04a59842o0551o,28.93617,-25.248754736842105,>19.92728562771011,0.0,2.01,o,22.04,59842.23858985,10452.6,5207.05,190.0,179.5,14.5,7.2,179.0,386.3,530.9,1.0,2.85,2.42,1.0,3.0,-0.374,26.091976187907793,12.956015762271456,19.33,30.0
04a59842o0562o,28.93617,-25.248754736842105,>20.15,0.0,3.0,o,22.045,59842.24354665,10475.0,5089.95,186.0,180.0,0.0,8.5,183.0,1130.1,523.7,0.61,2.82,2.39,1.0,3.0,-0.376,0.0,14.9054358671084,19.3,30.0
03a59843o0174o,28.93617,-25.248754736842105,>20.61,0.0,3.0,o,22.103,59842.90108595,2226.07,4981.91,173.0,181.1,-0.6,7.7,181.7,-389.4,472.8,1.05,2.47,2.08,1.0,3.0,-0.4127,-0.7864484917602408,10.092755644256426,19.6,30.0
03a59843o0180o,28.93617,-25.248754736842105,>20.136085308091626,0.0,2.25,o,22.104,59842.90379025,2206.51,4943.37,219.0,181.8,17.3,7.7,179.5,632.2,496.1,0.95,2.52,2.17,1.0,3.0,-0.4077,24.00297777691845,10.683406293772949,19.58,30.0
03a59843o0192o,28.93617,-25.248754736842105,>20.182953608616547,0.0,1.38,o,22.107,59842.90941305,2262.96,5021.48,246.0,182.0,9.9,7.2,183.8,1126.9,399.9,1.24,2.58,2.17,1.0,3.0,-0.4057,13.998238209958997,10.180536879970179,19.59,30.0
03a59843o0212o,28.93617,-25.248754736842105,>20.63,0.0,3.0,o,22.112,59842.91881965,2284.3,4904.64,183.0,181.1,3.5,6.9,181.3,193.4,450.5,1.01,2.6,2.19,1.0,3.0,-0.4007,4.987056085810471,9.831624854883499,19.58,30.0

