#expname,ra,dec,mag,dm,snr,filter,zp,mjd,x,y,peakval,skyval,peakfit,dpeak,skyfit,flux,dflux,chin,major,minor,snrdet,snrlimit,apfit,uJy,duJy,mag5sig,texp
03a60369o0624o,186.07865999999999,10.446342,>19.39,0.0,3.0,o,21.979,60369.03198305,5210.72,937.0,223.0,178.3,19.9,22.5,181.9,167.8,1426.8,1.12,2.34,2.06,1.0,3.0,-0.4167,27.535622526076917,31.133241549584458,18.39,30.0
03a60369o0632o,186.07865999999999,10.446342,>19.38,0.0,3.0,o,21.98,60369.03563015,5227.01,977.13,109.0,178.7,-21.7,22.1,175.9,340.9,1289.4,1.04,2.38,2.08,1.0,3.0,-0.4127,-30.69437333642652,31.260168236637146,18.39,30.0
03a60369o0644o,186.07865999999999,10.446342,>19.37,0.0,3.0,o,21.98,60369.04112105,5171.69,898.91,117.0,178.2,-49.9,22.2,177.4,-509.9,1467.3,1.28,2.4,2.08,1.0,3.0,-0.4067,-70.78379897728777,31.490988723362495,18.39,30.0
03a60369o0710o,186.07865999999999,10.446342,>19.4,0.0,3.0,o,21.975,60369.07194605,5153.47,1018.31,150.0,179.5,13.6,23.3,178.3,2113.8,1323.4,1.31,2.33,1.98,1.0,3.0,-0.4147,18.04341611731799,30.91261731864038,18.41,30.0
02a60372o0627o,186.07865999999999,10.446342,>20.39,0.0,3.0,o,22.075,60372.53232325,7647.08,5205.2,174.0,179.9,1.1,9.7,177.9,-349.4,588.0,1.32,2.3,2.11,1.0,3.0,-0.4017,1.3834444383007476,12.19946459228841,19.39,30.0
02a60372o0635o,186.07865999999999,10.446342,>20.38,0.0,3.0,o,22.069,60372.53603655,7629.55,5168.42,189.0,182.0,5.9,10.4,179.2,-519.8,680.0,1.98,2.28,1.99,1.0,3.0,-0.4347,7.1911555064132,12.67593512994869,19.4,30.0
02a60372o0647o,186.07865999999999,10.446342,>20.28,0.0,3.0,o,21.981,60372.54158895,7687.78,5246.98,167.0,178.9,-1.0,11.2,177.5,248.5,603.6,1.1,2.23,1.91,1.0,3.0,-0.4367,-1.2430739790558643,13.92242856542568,19.23,30.0
02a60372o0722o,186.07865999999999,10.446342,>19.25,0.0,3.0,o,21.395,60372.57667405,7712.52,5132.88,163.0,177.9,13.3,17.7,178.2,-559.5,1056.4,1.53,2.17,1.88,1.0,3.0,-0.4457,27.392266568173714,36.45436979373494,18.25,30.0
03a60373o0524o,186.07865999999999,10.446342,>19.58,0.0,3.0,o,21.681,60373.03813825,2876.02,5327.32,182.0,181.0,-1.5,12.8,181.4,915.1,800.9,1.19,2.49,2.17,1.0,3.0,-0.3937,-2.9971541850106647,25.575715712091004,18.62,30.0
03a60373o0531o,186.07865999999999,10.446342,>19.34,0.0,3.0,o,21.477,60373.04135445,2895.18,5367.29,214.0,182.2,9.2,13.7,181.4,-483.9,813.1,1.1,2.5,2.09,1.0,3.0,-0.3987,21.54928512195155,32.089696322906114,18.35,30.0
03a60373o0607o,186.07865999999999,10.446342,>17.7,0.0,3.0,o,20.201,60373.07672145,2840.02,5288.64,115.0,183.2,-25.2,16.9,188.0,2549.2,1171.2,1.17,2.58,2.29,1.0,3.0,-0.3807,-212.62507233376022,142.5937985095455,16.7,30.0
03a60373o0637o,186.07865999999999,10.446342,>18.6,0.0,3.0,o,21.015,60373.09044115,2820.19,5407.96,189.0,186.0,4.3,16.7,190.0,706.1,974.8,1.07,2.54,2.18,1.0,3.0,-0.3837,16.110811305009975,62.56989506829456,17.66,30.0
03a60377o0038c,186.07865999999999,10.446342,>20.44,0.0,3.0,c,22.042,60376.99203645,9151.92,7626.99,174.0,181.9,0.6,6.0,181.1,-284.7,354.1,0.87,2.85,2.55,1.0,3.0,-0.3787,1.1404993342679346,11.404993342679349,19.5,30.0
03a60377o0050c,186.07865999999999,10.446342,>20.56,0.0,3.0,c,22.042,60376.99748935,9133.73,7587.77,171.0,182.9,-10.7,5.5,181.9,314.4,464.8,1.43,2.84,2.5,1.0,3.0,-0.3787,-19.87013746688109,10.213622062415512,19.5,30.0
03a60377o0108c,186.07865999999999,10.446342,>20.48,0.0,3.0,c,22.043,60377.02409445,1363.14,2923.77,194.0,180.4,1.1,6.5,180.1,206.0,428.6,1.27,2.75,2.35,1.0,3.0,-0.3867,1.871336922489422,11.0578999965284,19.51,30.0
03a60377o0114c,186.07865999999999,10.446342,>20.37,0.0,3.0,c,22.041,60377.02710735,1340.76,3039.9,180.0,181.2,-3.8,6.9,179.5,-851.2,414.8,0.99,2.77,2.43,1.0,3.0,-0.3827,-6.720914716562036,12.203766195862645,19.49,30.0
04a60379o0488o,186.07865999999999,10.446342,>20.41,0.0,3.0,o,21.864,60379.21207365,7516.32,1380.84,178.0,180.9,5.7,9.5,177.9,-721.5,589.9,1.62,2.15,1.87,1.0,3.0,-0.4537,7.566824605653963,12.611374342756609,19.3,30.0
04a60379o0492o,186.07865999999999,10.446342,>20.35,0.0,3.0,o,21.885,60379.21388055,7496.34,1342.41,170.0,180.8,-7.7,10.0,181.6,-122.0,529.1,1.21,2.18,1.88,1.0,3.0,-0.4437,-10.126603674931099,13.151433344066362,19.31,30.0
04a60379o0553o,186.07865999999999,10.446342,>19.92115665834542,0.0,1.42,o,21.9,60379.24240635,7571.1,1416.69,182.0,180.8,14.1,9.9,177.3,-246.1,591.5,0.92,2.22,1.89,1.0,3.0,-0.4347,18.56917617281733,13.037932206446209,19.34,30.0
04a60379o0566o,186.07865999999999,10.446342,>20.38,0.0,3.0,o,21.871,60379.24832085,7592.23,1298.05,182.0,181.7,6.8,10.4,177.8,-467.7,470.8,1.48,2.09,1.81,1.0,3.0,-0.4617,8.501440487217911,13.002203098097983,19.33,30.0
03a60381o0486c,186.07865999999999,10.446342,>20.6,0.0,3.0,c,22.037,60380.96435475,7259.91,9607.68,200.0,181.6,-9.1,6.4,180.9,384.1,399.2,1.79,2.59,2.27,1.0,3.0,-0.3927,-14.240517075012258,10.015308712096536,19.61,30.0
03a60381o0491c,186.07865999999999,10.446342,>20.25583983438761,0.0,1.94,c,22.039,60380.96669735,7241.2,9568.5,195.0,181.7,12.6,6.5,181.3,415.5,364.2,1.41,2.52,2.2,1.0,3.0,-0.3937,18.576013242775858,9.582863974447864,19.63,30.0
03a60381o0497c,186.07865999999999,10.446342,>20.62,0.0,3.0,c,22.039,60380.96942935,7296.7,9648.71,187.0,181.7,-2.7,6.5,180.2,-698.4,382.8,1.22,2.56,2.23,1.0,3.0,-0.3947,-4.102677104793634,9.87681525228097,19.64,30.0
03a60381o0535c,186.07865999999999,10.446342,>20.66,0.0,3.0,c,22.039,60380.98761275,7321.8,9533.43,171.0,180.7,-12.1,6.1,181.8,1157.6,457.1,1.4,2.59,2.25,1.0,3.0,-0.3937,-18.751084796155194,9.453026219549312,19.57,30.0
04a60383o0476o,186.07865999999999,10.446342,>20.16,0.0,3.0,o,21.905,60383.20313205,9332.75,9531.29,148.0,181.9,-32.2,10.2,182.3,1109.2,556.2,1.31,2.38,2.06,1.0,3.0,-0.4287,-49.052234343015186,15.538285413004806,19.29,30.0
04a60383o0481o,186.07865999999999,10.446342,>19.98,0.0,3.0,o,21.825,60383.20538515,9312.93,9492.04,147.0,182.0,-1.2,9.7,175.9,-922.9,520.5,1.49,2.56,2.2,1.0,3.0,-0.4137,-2.2294751574349307,18.021590855932356,19.13,30.0
04a60383o0530o,186.07865999999999,10.446342,>20.19,0.0,3.0,o,21.895,60383.22828105,9381.87,9568.44,186.0,181.2,2.3,12.4,178.5,-870.9,563.1,1.34,2.1,1.84,1.0,3.0,-0.4577,2.862356340882759,15.43183418562879,19.38,30.0
04a60383o0539o,186.07865999999999,10.446342,>20.17,0.0,3.0,o,21.871,60383.23233525,9403.28,9451.13,180.0,183.0,-17.2,11.3,183.6,1232.8,643.3,1.51,2.21,1.92,1.0,3.0,-0.4497,-23.855069961098827,15.672226195373067,19.33,30.0
02a60384o0003o,186.07865999999999,10.446342,>20.42,0.0,3.0,o,22.038,60384.40645165,4933.07,7192.23,195.0,188.5,5.0,9.6,186.6,271.7,686.8,0.84,2.31,2.01,1.0,3.0,-0.4227,6.346536570643432,12.185350215635388,19.52,30.0
02a60384o0007o,186.07865999999999,10.446342,>20.009045280124482,0.0,2.19,o,22.039,60384.40826055,4952.43,7231.76,192.0,188.4,20.6,9.4,186.0,269.0,639.0,1.94,2.28,2.08,1.0,3.0,-0.4117,26.413390227443596,12.052712045532516,19.51,30.0
02a60384o0014o,186.07865999999999,10.446342,>20.42,0.0,3.0,o,22.044,60384.41142355,4892.52,7154.69,172.0,186.6,1.1,8.5,185.4,-258.9,625.8,1.86,2.37,2.22,1.0,3.0,-0.3857,1.5207322318746468,11.751112700849541,19.44,30.0
02a60384o0026o,186.07865999999999,10.446342,>20.45,0.0,3.0,o,22.044,60384.41684955,4875.12,7271.19,179.0,187.6,-1.1,8.1,186.5,-132.9,627.0,1.56,2.4,2.24,1.0,3.0,-0.3847,-1.5524252235987253,11.431494828317884,19.43,30.0
03a60385o0565c,186.07865999999999,10.446342,>20.56,0.0,3.0,c,22.039,60384.99625395,4849.23,7211.54,189.0,185.4,-6.1,6.8,184.5,192.6,532.3,1.51,2.56,2.24,1.0,3.0,-0.3957,-9.319155617564453,10.388566917940704,19.58,30.0
03a60385o0623c,186.07865999999999,10.446342,>20.44,0.0,3.0,c,21.978,60385.02392775,4868.39,7252.46,190.0,184.1,6.2,7.2,184.4,372.7,496.2,1.41,2.55,2.24,1.0,3.0,-0.3937,9.961818700358682,11.568563652029438,19.46,30.0
03a60385o0634c,186.07865999999999,10.446342,>20.5,0.0,3.0,c,21.939,60385.02918305,4810.88,7174.86,191.0,183.3,-11.3,6.8,184.4,684.8,438.9,1.55,2.52,2.19,1.0,3.0,-0.3917,-18.150217946723746,10.922255047585969,19.41,30.0
03a60385o0645c,186.07865999999999,10.446342,>20.53,0.0,3.0,c,22.021,60385.03444915,4790.81,7290.83,180.0,182.8,-3.3,7.1,183.8,1109.3,461.3,2.0,2.53,2.2,1.0,3.0,-0.3897,-4.947842733159346,10.645358607706473,19.47,30.0
04a60387o0601o,186.07865999999999,10.446342,>19.928287346669656,0.0,1.84,o,21.944,60387.25746105,5274.19,2826.27,188.0,181.3,18.2,9.9,178.5,-197.7,540.1,1.08,2.27,1.92,1.0,3.0,-0.4267,23.733250281871737,12.909844933545617,19.32,30.0
04a60387o0608o,186.07865999999999,10.446342,>20.4,0.0,3.0,o,21.933,60387.26064485,5297.18,2862.43,182.0,182.0,2.3,10.2,183.6,232.1,509.2,1.36,2.17,1.85,1.0,3.0,-0.4417,2.829554371382357,12.548458516565237,19.36,30.0
04a60387o0623o,186.07865999999999,10.446342,>20.37,0.0,3.0,o,21.947,60387.26752745,5239.9,2780.36,202.0,179.5,7.2,10.0,181.7,1018.5,537.8,1.2,2.27,1.88,1.0,3.0,-0.4277,9.176455188828182,12.745076651150251,19.34,30.0
04a60387o0645o,186.07865999999999,10.446342,>20.35,0.0,3.0,o,21.929,60387.27759645,5228.46,2889.62,173.0,180.1,2.2,10.8,178.9,-430.3,632.0,1.54,2.17,1.83,1.0,3.0,-0.4417,2.6871521019966655,13.19147395525636,19.35,30.0
02a60388o0382o,186.07865999999999,10.446342,>19.64588646546784,0.0,1.32,o,22.048,60388.40046375,9271.34,9429.87,174.0,180.9,15.8,12.0,178.1,253.0,709.7,1.37,2.46,2.06,1.0,3.0,-0.4407,22.05048568541057,16.747204318033344,19.1,30.0
02a60388o0388o,186.07865999999999,10.446342,>19.67966301492803,0.0,1.12,o,22.049,60388.40340315,9297.42,9470.52,199.0,181.5,15.0,13.4,184.3,1091.9,765.6,1.15,2.24,1.96,1.0,3.0,-0.4447,18.186708002768277,16.246792482473,19.21,30.0
02a60388o0401o,186.07865999999999,10.446342,>19.728726190671118,0.0,2.73,o,22.048,60388.40928025,9238.33,9392.35,219.0,182.5,35.8,13.1,178.7,-67.4,662.8,1.57,2.21,1.94,1.0,3.0,-0.4477,42.543750743606765,15.56768532796784,19.2,30.0
02a60388o0414o,186.07865999999999,10.446342,>19.614102918211707,0.0,1.54,o,22.049,60388.41515395,9221.0,9511.0,195.0,181.3,20.6,13.4,179.8,701.6,732.3,0.74,2.3,2.02,1.0,3.0,-0.4447,26.430487348848175,17.192647110415802,19.16,30.0
03a60389o0409o,186.07865999999999,10.446342,>19.81,0.0,3.0,o,21.958,60388.91944475,1405.36,1057.36,186.0,182.5,-12.1,12.2,182.3,-1089.3,793.5,1.3,2.59,2.28,1.0,3.0,-0.3997,-20.586320349877052,20.756455228801656,18.82,30.0
03a60389o0416o,186.07865999999999,10.446342,>19.563614148381216,0.0,1.44,o,21.96,60388.92263055,1386.12,1017.32,193.0,180.4,17.0,11.8,180.2,588.1,833.7,1.53,2.49,2.15,1.0,3.0,-0.3987,26.148421301377677,18.150080668015093,18.88,30.0
03a60389o0463o,186.07865999999999,10.446342,>17.86422903640639,0.0,1.03,o,21.311,60388.94457135,1452.89,1095.54,277.0,241.4,24.4,23.8,242.7,1867.1,1812.7,1.04,2.81,2.47,1.0,3.0,-0.3977,88.37956197372678,86.20629405634006,17.61,30.0
03a60389o0477o,186.07865999999999,10.446342,>19.505462839138676,0.0,2.11,o,21.935,60388.95094475,1475.89,977.79,195.0,181.5,24.0,11.4,176.1,-174.5,816.8,1.31,2.59,2.22,1.0,3.0,-0.3927,40.348066275262106,19.165331480749504,18.86,30.0
02a60390o0805o,186.07865999999999,10.446342,>19.54,0.0,3.0,o,21.965,60390.59062505,1024.64,7448.01,175.0,183.9,-18.4,19.8,183.9,344.5,1222.9,1.1,2.32,2.04,1.0,3.0,-0.4287,-25.60322781885123,27.551299500720354,18.51,30.0
02a60390o0812o,186.07865999999999,10.446342,>19.14789385814903,0.0,1.01,o,21.961,60390.59382235,1008.71,7408.22,195.0,183.8,20.4,20.2,186.9,2542.9,1082.3,1.19,2.24,1.97,1.0,3.0,-0.4367,26.761050476797063,26.49868723682847,18.63,30.0
02a60390o0823o,186.07865999999999,10.446342,>19.62,0.0,3.0,o,21.955,60390.59965235,1072.37,7483.86,193.0,177.3,13.3,18.3,179.9,263.5,979.3,0.88,2.29,2.05,1.0,3.0,-0.4337,18.612286526158062,25.609386723961848,18.64,30.0
02a60390o0847o,186.07865999999999,10.446342,>19.586226045157783,0.0,1.25,o,21.937,60390.61224665,1095.27,7367.7,214.0,181.8,16.7,13.4,182.9,1089.3,677.9,0.94,2.21,1.96,1.0,3.0,-0.4407,22.06599733898265,17.70565055942321,19.04,30.0
04a60391o0396o,186.07865999999999,10.446342,>19.41,0.0,3.0,o,21.854,60391.16241985,1060.15,7508.73,176.0,178.5,-1.6,25.1,167.8,-2659.6,1559.1,0.79,2.11,1.8,1.0,3.0,-0.4647,-2.0456611074254836,32.09130862273728,18.42,30.0
04a60391o0400o,186.07865999999999,10.446342,>19.26,0.0,3.0,o,21.864,60391.16422855,1040.74,7470.09,190.0,178.4,10.0,28.0,181.6,1728.5,1543.7,0.85,2.16,1.82,1.0,3.0,-0.4587,13.040188953773344,36.51252907056536,18.32,30.0
04a60391o0406o,186.07865999999999,10.446342,>19.3,0.0,3.0,o,21.869,60391.16696095,1099.16,7546.1,158.0,175.0,-12.2,26.1,178.4,1576.1,1624.0,1.13,2.2,1.85,1.0,3.0,-0.4487,-16.24474824424175,34.75310894874671,18.32,30.0
04a60391o0457o,186.07865999999999,10.446342,>19.3,0.0,3.0,o,21.904,60391.19157495,1129.0,7425.63,182.0,185.2,-5.5,26.0,182.1,983.2,1330.5,1.2,2.25,1.88,1.0,3.0,-0.4247,-7.208780504115406,34.077871474000105,18.4,30.0
02a60396o0571o,186.07865999999999,10.446342,>19.285761814008403,0.0,2.78,o,22.038,60396.47914005,3682.17,3462.08,238.0,180.5,53.3,19.2,180.0,-46.3,1026.8,1.22,2.25,1.94,1.0,3.0,-0.4437,64.84406050521432,23.358460819889583,18.72,30.0
02a60396o0578o,186.07865999999999,10.446342,18.5,0.17,5.77,o,22.033,60396.48231675,3662.03,3426.94,303.0,178.9,115.4,20.0,179.9,2351.1,1086.5,1.18,2.24,1.97,1.0,3.0,-0.4542,143.97225223153654,24.95186347167011,18.68,30.0
01a60396o0304o,186.07865999999999,10.446342,18.98,0.23,4.21,o,22.307,60396.50987685,6872.02,7089.09,312.0,185.1,77.1,18.3,180.9,826.7,1097.0,1.57,2.48,2.25,1.0,3.0,-0.4327,92.65040504076143,21.990952169207965,18.79,30.0
02a60396o0651o,186.07865999999999,10.446342,>19.061497522678998,0.0,1.79,o,22.01,60396.51791415,3724.0,3505.53,234.0,184.2,39.1,21.8,189.6,961.0,1438.1,1.19,2.32,2.06,1.0,3.0,-0.4057,51.60487232864202,28.7720260042045,18.42,30.0
01a60396o0321o,186.07865999999999,10.446342,19.22,0.3,3.12,o,22.306,60396.51879415,6888.76,7126.76,194.0,183.4,59.9,19.2,181.3,1102.1,1225.1,1.48,2.53,2.3,1.0,3.0,-0.4247,74.5819827560862,23.906077945189562,18.74,30.0
02a60396o0710o,186.07865999999999,10.446342,>19.056150397538666,0.0,2.19,o,22.014,60396.54666695,3753.92,3386.91,234.0,181.0,51.8,23.7,181.7,2481.0,1130.8,0.6,2.19,1.93,1.0,3.0,-0.4517,62.84777817041612,28.75467842932166,18.49,30.0
01a60396o0382o,186.07865999999999,10.446342,>19.182974724413764,0.0,1.8,o,22.294,60396.54958645,6820.82,7049.79,301.0,183.6,36.1,20.1,187.9,2509.1,1236.0,1.16,2.52,2.34,1.0,3.0,-0.4277,46.18302175287045,25.714092444119004,18.63,30.0
01a60396o0400o,186.07865999999999,10.446342,18.82,0.25,3.92,o,22.289,60396.55924015,6797.22,7164.24,201.0,183.3,76.9,19.6,178.4,-884.3,1379.2,1.26,2.63,2.44,1.0,3.0,-0.4247,107.25823840975947,27.33760042693479,18.55,30.0
01a60398o0439o,186.07865999999999,10.446342,18.83,0.15,6.9,o,22.316,60398.43038555,7071.04,805.11,273.0,181.2,88.3,12.8,179.1,749.8,738.0,1.57,2.57,2.24,1.0,3.0,-0.4157,106.88102018703567,15.493511420091243,19.2,30.0
01a60398o0445o,186.07865999999999,10.446342,18.86,0.14,7.04,o,22.316,60398.43321815,7089.96,843.0,221.0,180.7,86.6,12.3,178.3,735.3,743.8,1.75,2.56,2.23,1.0,3.0,-0.4107,103.47167170079108,14.69632288590913,19.2,30.0
01a60398o0459o,186.07865999999999,10.446342,18.61,0.12,8.27,o,22.316,60398.44045425,7030.29,763.35,306.0,181.4,109.2,13.2,177.8,1206.9,778.4,1.06,2.53,2.23,1.0,3.0,-0.4197,130.01898395184276,15.716580477695274,19.22,30.0
01a60398o0516o,186.07865999999999,10.446342,18.71,0.14,7.42,o,22.314,60398.47013495,7002.23,869.38,311.0,182.4,102.4,13.8,179.2,438.0,809.4,1.22,2.47,2.2,1.0,3.0,-0.4307,118.84429426228037,16.01612559394013,19.21,30.0
04a60399o0534o,186.07860125,10.446285,19.42,0.3,3.14,o,21.869,60399.21650505,7108.58,783.82,240.0,181.2,50.6,16.1,182.1,-377.0,869.9,1.22,2.07,1.79,1.0,3.0,-0.4617,62.077274152420756,19.751859957588422,18.92,30.0
04a60399o0542o,186.07860125,10.446285,18.85,0.19,5.28,o,21.877,60399.22013915,7130.25,819.44,235.0,181.5,83.4,15.8,179.0,558.6,858.1,1.18,2.14,1.81,1.0,3.0,-0.4437,104.42804415698556,19.78373018801405,18.93,30.0
04a60399o0619o,186.07860125,10.446285,18.77,0.19,5.23,o,21.873,60399.25565965,7094.06,716.72,249.0,182.2,85.8,16.4,183.3,205.8,757.7,1.05,2.23,1.82,1.0,3.0,-0.4437,112.98538873215017,21.596274769315414,18.9,30.0
04a60399o0636o,186.07860125,10.446285,18.61,0.15,6.57,o,21.877,60399.26337465,7076.13,830.22,292.0,181.6,103.1,15.7,177.4,-215.0,789.9,1.56,2.18,1.81,1.0,3.0,-0.4397,131.02449033442144,19.95232297042111,18.87,30.0
02a60400o0525o,186.07858999999996,10.446272727272728,18.72,0.13,7.64,o,22.04,60400.46540135,3779.59,5396.66,257.0,181.5,97.8,12.8,180.4,172.9,621.4,1.23,2.23,1.96,1.0,3.0,-0.4367,118.15674935697268,15.464278034450412,19.25,30.0
02a60400o0532o,186.07858999999996,10.446272727272728,18.58,0.12,8.67,o,22.035,60400.46887235,3761.42,5356.72,294.0,180.2,114.4,13.2,175.1,148.2,587.3,1.07,2.19,1.91,1.0,3.0,-0.4497,134.48140935394633,15.517085694686113,19.28,30.0
02a60400o0609o,186.07858999999996,10.446272727272728,18.76,0.14,7.07,o,22.033,60400.50455315,3824.84,5437.52,247.0,178.5,96.8,13.7,175.9,1018.7,650.2,1.08,2.19,1.91,1.0,3.0,-0.4477,113.79196176103149,16.1048540922121,19.2,30.0
02a60400o0668o,186.07858916666666,10.446270833333335,18.67,0.15,6.95,o,22.024,60400.53213085,3853.1,5323.64,264.0,180.7,95.9,13.8,178.0,457.7,714.6,0.98,2.29,2.01,1.0,3.0,-0.4387,124.05346298197462,17.85128038739572,19.12,30.0
03a60401o0390o,186.07853466666668,10.446257333333335,19.33,0.28,3.38,o,21.833,60400.90218285,3800.99,5366.81,195.0,198.4,36.5,10.8,176.5,-7626.1,650.6,4.23,2.56,2.25,1.0,3.0,-0.3927,67.52647714243925,19.980437072283394,18.95,30.0
03a60401o0394o,186.07853466666668,10.446257333333335,18.85,0.15,6.76,o,21.949,60400.90401455,3781.84,5327.96,272.0,181.1,64.9,9.6,181.7,1639.9,527.7,1.48,2.54,2.2,1.0,3.0,-0.3927,104.67906612883739,15.484114558348827,19.14,30.0
03a60401o0406o,186.07853466666668,10.446257333333335,18.49,0.16,6.19,o,21.743,60400.90947285,3837.42,5405.7,280.0,183.8,74.3,12.0,183.5,1259.9,678.4,1.24,2.56,2.2,1.0,3.0,-0.3887,145.4823156661407,23.496470901664715,18.75,30.0
03a60401o0428o,186.07853466666668,10.446257333333335,18.56,0.22,4.4,o,21.537,60400.91958165,3861.9,5289.83,226.0,182.7,60.3,13.7,182.9,1847.4,736.4,1.09,2.51,2.15,1.0,3.0,-0.3887,136.76917864629826,31.07359448514571,18.42,30.0
02a60402o0098o,186.0785627777778,10.446255555555558,18.85,0.07,14.25,o,21.993,60402.47547125,9273.06,9507.84,373.0,175.5,266.5,18.7,177.6,4257.6,1172.4,1.35,2.24,2.24,1.0,3.0,-0.4337,104.9737144678119,7.365885405433707,20.02,110.0
02a60402o0111o,186.0785627777778,10.446255555555558,18.88,0.09,12.03,o,22.027,60402.49368815,9261.2,9471.86,368.0,173.7,270.6,22.5,175.5,972.7,1461.2,1.01,2.36,2.09,1.0,3.0,-0.4367,101.82944955843199,8.46697196993614,19.98,110.0
02a60402o0121o,186.0785627777778,10.446255555555558,18.75,0.08,12.55,o,21.972,60402.50749355,9323.52,9552.86,472.0,175.1,301.3,24.0,167.3,1003.6,1513.2,1.08,2.32,2.05,1.0,3.0,-0.4347,114.79640623923453,9.14408811729714,19.86,110.0
02a60405o0116o,186.07856842105264,10.446248421052633,18.87,0.09,11.28,o,22.038,60405.42178875,9270.2,9501.69,316.0,177.1,155.7,13.8,179.1,3076.6,1009.1,1.17,3.11,2.88,1.0,3.0,-0.4107,102.83212351124256,9.114215185967549,19.83,110.0
02a60405o0130o,186.0785819047619,10.446248095238095,18.59,0.07,15.03,o,22.036,60405.44168655,9252.71,9466.16,343.0,176.6,223.9,14.9,176.5,3076.1,1121.7,1.02,2.97,2.72,1.0,3.0,-0.4107,133.61855221522003,8.891989406015089,19.9,110.0
02a60405o0176o,186.0785819047619,10.446248095238095,18.7,0.09,11.35,o,21.979,60405.57659155,9342.79,9556.9,300.0,174.0,177.0,15.6,173.2,2717.1,1402.7,1.38,3.11,2.83,1.0,3.0,-0.3997,120.06250651020173,10.581780234797439,19.64,110.0
02a60409o0101o,186.07859208333332,10.446242916666668,18.97,0.08,13.21,o,22.015,60409.34119295,4936.53,7181.46,436.0,177.4,282.6,21.4,174.0,903.3,1288.8,1.85,2.18,1.93,1.0,3.0,-0.4627,93.94491438412427,7.114016871267726,20.23,110.0
02a60409o0110o,186.07859208333332,10.446242916666668,18.76,0.07,15.58,o,22.03,60409.35406645,4960.33,7222.43,483.0,178.5,321.0,20.6,168.8,425.3,1076.6,2.05,2.28,2.01,1.0,3.0,-0.4507,113.37655370891838,7.275878524622177,20.19,110.0
02a60409o0124o,186.07859208333332,10.446242916666668,18.95,0.07,14.5,o,22.032,60409.37442995,4906.96,7146.22,362.0,176.3,281.3,19.4,170.0,346.7,1101.0,1.51,2.23,1.98,1.0,3.0,-0.4537,95.81358723003711,6.607833602071525,20.21,110.0
02a60416o0368o,186.07859208333332,10.446242916666668,19.66,0.3,3.11,o,22.044,60416.39787135,1364.29,3081.63,214.0,178.5,41.4,13.3,179.4,648.4,695.8,1.04,2.23,1.93,1.0,3.0,-0.4487,49.61594397013112,15.93942161359285,19.21,30.0
02a60416o0374o,186.07859208333332,10.446242916666668,19.28,0.22,4.54,o,22.046,60416.40068245,1348.2,3044.42,213.0,180.3,56.7,12.5,179.7,1510.2,575.1,1.53,2.28,1.98,1.0,3.0,-0.4407,70.62229740494104,15.569289551353844,19.16,30.0
02a60416o0390o,186.07859208333332,10.446242916666668,19.34,0.22,4.34,o,22.045,60416.40802565,1407.92,3120.58,250.0,179.3,55.6,12.8,175.5,-637.3,743.2,1.18,2.23,1.94,1.0,3.0,-0.4467,66.79441181367652,15.37713077724927,19.23,30.0
02a60416o0462o,186.07859208333332,10.446242916666668,19.47,0.25,3.89,o,22.039,60416.44235735,1431.5,3001.54,230.0,179.7,50.2,12.9,178.5,-123.3,731.7,1.41,2.21,1.92,1.0,3.0,-0.4447,59.368484771596584,15.256044891505892,19.17,30.0
03a60417o0227o,186.07858846153843,10.446249230769231,19.08,0.17,6.06,o,21.954,60416.95927325,9096.05,7609.21,221.0,182.2,60.0,9.9,179.3,-143.0,529.9,1.51,2.41,2.02,1.0,3.0,-0.4047,84.85518950288065,14.001106267975304,19.29,30.0
03a60417o0234o,186.07858846153843,10.446249230769231,19.49,0.22,4.53,o,21.953,60416.96244315,9113.14,7649.16,215.0,181.8,38.5,8.5,180.5,-264.8,457.0,1.66,2.49,2.1,1.0,3.0,-0.4007,58.32276654865127,12.876454952299632,19.26,30.0
03a60417o0246o,186.07858846153843,10.446249230769231,19.61,0.27,3.59,o,21.951,60416.96787295,9058.62,7571.18,204.0,181.9,34.8,9.7,180.0,-717.7,512.2,1.42,2.46,2.09,1.0,3.0,-0.4037,52.0738133912774,14.514827295844565,19.28,30.0
03a60417o0268o,186.07858846153843,10.446249230769231,19.11,0.18,5.47,o,21.942,60416.97808965,9037.19,7687.25,212.0,181.1,49.8,9.1,178.9,822.4,506.1,1.07,2.55,2.22,1.0,3.0,-0.3947,82.05050208203649,14.993164035070926,19.22,30.0
02a60424o0395o,186.07858846153843,10.446249230769231,>19.38,0.0,3.0,o,22.042,60424.40662675,9513.62,3186.8,206.0,179.0,21.7,25.0,173.7,1612.1,1356.5,1.0,2.29,2.02,1.0,3.0,-0.4477,27.97726979424401,32.231877643138255,18.51,30.0
02a60424o0402o,186.07858846153843,10.446249230769231,>18.91471163476324,0.0,1.04,o,22.041,60424.40980045,9494.63,3148.07,152.0,180.2,26.5,25.6,173.8,-1201.0,1401.3,0.99,2.29,2.0,1.0,3.0,-0.4517,33.983655865796955,32.829493968468,18.43,30.0
02a60424o0415o,186.07858846153843,10.446249230769231,>19.34,0.0,3.0,o,22.039,60424.41569065,9551.63,3226.07,117.0,179.7,21.4,25.7,171.0,-664.4,1399.9,1.04,2.3,2.03,1.0,3.0,-0.4457,27.873813670204402,33.47462669739501,18.45,30.0
02a60424o0437o,186.07858846153843,10.446249230769231,>18.956316532417492,0.0,1.8,o,22.036,60424.42567095,9576.14,3112.42,272.0,188.3,46.3,25.7,192.5,1652.5,1684.2,1.32,2.26,1.94,1.0,3.0,-0.4527,57.154430984081245,31.725029725505145,18.47,30.0
03a60425o0500o,186.07858846153843,10.446249230769231,>19.44,0.0,3.0,o,21.996,60424.92682385,966.36,7311.21,190.0,178.6,6.2,21.2,180.1,2260.1,1296.8,1.02,2.44,2.04,1.0,3.0,-0.4047,8.62522491111343,29.492704534774944,18.46,30.0
03a60425o0522o,186.07858846153843,10.446249230769231,>19.32,0.0,3.0,o,21.995,60424.93699985,986.18,7351.03,185.0,178.4,0.3,23.5,178.9,4.0,1561.0,0.95,2.42,2.07,1.0,3.0,-0.3977,0.4177011889395229,32.719926466929294,18.39,30.0
03a60425o0529o,186.07858846153843,10.446249230769231,>19.29,0.0,3.0,o,21.993,60424.94018235,931.67,7272.61,202.0,178.3,-13.6,23.4,176.2,-891.1,1467.8,1.12,2.45,2.1,1.0,3.0,-0.3967,-19.46628299591748,33.49345750768154,18.4,30.0
03a60425o0543o,186.07858846153843,10.446249230769231,>18.893872325776137,0.0,1.47,o,21.989,60424.94655185,909.94,7389.11,146.0,174.0,34.2,23.3,173.8,816.3,1267.2,0.75,2.46,2.1,1.0,3.0,-0.3957,49.28777953386579,33.5791012613764,18.36,30.0
04a60427o0423o,186.07858846153843,10.446249230769231,>18.55,0.0,3.0,o,21.243,60427.14404945,1406.73,3014.44,215.0,184.1,-9.8,27.7,182.4,-705.6,1540.8,1.18,2.29,1.89,1.0,3.0,-0.4027,-23.674570425602937,66.91689803971441,17.57,30.0
04a60427o0430o,186.07858846153843,10.446249230769231,>17.9,0.0,3.0,o,20.786,60427.14721875,1429.6,3050.23,150.0,198.9,-9.8,31.7,205.9,4107.5,1864.7,0.94,2.36,1.91,1.0,3.0,-0.4137,-37.94287116598944,122.73357305733319,16.94,30.0
04a60427o0443o,186.07858846153843,10.446249230769231,>19.269771852360797,0.0,2.0,o,21.861,60427.15310255,1375.2,2968.06,149.0,178.6,35.6,17.8,177.8,260.7,946.5,0.93,2.2,1.87,1.0,3.0,-0.4307,47.475880783132546,23.737940391566273,18.72,30.0
04a60427o0466o,186.07858846153843,10.446249230769231,>19.392536267574155,0.0,1.56,o,21.929,60427.16366095,1362.26,3075.43,240.0,186.5,25.8,16.5,184.5,435.1,1076.2,1.17,2.24,1.89,1.0,3.0,-0.4227,33.01324947216756,21.113124662432735,18.8,30.0
02a60428o0335o,186.07858846153843,10.446249230769231,>19.74352721313283,0.0,1.67,o,22.032,60428.38144075,7492.76,1338.12,216.0,181.6,21.2,12.7,178.8,-188.1,667.3,0.87,2.18,1.95,1.0,3.0,-0.4547,25.51442063939751,15.284582175488127,19.3,30.0
02a60428o0341o,186.07858846153843,10.446249230769231,>19.743046707635756,0.0,2.43,o,22.031,60428.38425765,7474.81,1300.94,237.0,180.9,31.4,12.9,183.0,897.6,622.9,0.87,2.17,1.93,1.0,3.0,-0.4587,37.40291378614114,15.366165217873272,19.32,30.0
02a60428o0359o,186.07858846153843,10.446249230769231,19.29,0.23,4.34,o,22.03,60428.39262975,7537.45,1376.25,247.0,180.8,53.8,12.4,179.2,1920.3,616.1,1.07,2.27,2.03,1.0,3.0,-0.4457,69.73694466990852,16.073199143250292,19.23,30.0
02a60428o0380o,186.07858846153843,10.446249230769231,19.62,0.29,3.23,o,22.028,60428.40249645,7558.8,1260.43,212.0,181.4,43.9,13.6,180.1,250.2,689.8,1.13,2.15,1.92,1.0,3.0,-0.4537,51.44734342873245,15.938129171543538,19.21,30.0
03a60429o0409o,186.07858846153843,10.446249230769231,>19.86,0.0,3.0,o,21.967,60428.96597515,2954.28,9209.42,172.0,180.8,9.0,13.5,179.8,-265.1,897.5,0.94,2.46,2.1,1.0,3.0,-0.3997,13.284819454181934,19.9272291812729,18.89,30.0
03a60429o0416o,186.07858846153843,10.446249230769231,>19.91,0.0,3.0,o,21.965,60428.96916495,2974.18,9248.61,206.0,180.3,12.5,13.4,181.6,781.9,786.0,1.04,2.43,2.03,1.0,3.0,-0.3927,17.53763672303325,18.800346567091637,18.91,30.0
03a60429o0428o,186.07858846153843,10.446249230769231,>19.352055313840307,0.0,2.39,o,21.958,60428.97461665,2917.01,9168.97,252.0,181.8,38.2,16.0,180.3,1291.3,945.0,0.96,2.38,2.01,1.0,3.0,-0.3967,52.50433021588367,21.991342498799447,18.88,30.0
03a60429o0454o,186.07858846153843,10.446249230769231,>19.344200894188287,0.0,2.24,o,21.944,60428.98674345,2897.88,9284.84,192.0,181.9,31.4,14.0,178.7,-273.4,798.4,1.04,2.56,2.15,1.0,3.0,-0.3857,49.7928309474226,22.200625263182054,18.75,30.0
02a60432o0299o,186.07858846153843,10.446249230769231,19.7,0.27,3.49,o,22.024,60432.36828735,9271.67,9512.32,187.0,180.5,38.7,11.1,176.5,-432.6,544.1,1.06,2.2,1.96,1.0,3.0,-0.4567,47.68134115208281,13.676043586256306,19.41,30.0
02a60432o0320o,186.07858846153843,10.446249230769231,19.73,0.29,3.29,o,22.023,60432.37826845,9251.57,9472.09,199.0,180.6,39.2,11.9,179.3,804.5,604.0,1.48,2.18,1.9,1.0,3.0,-0.4577,46.478800004577835,14.109635715675411,19.4,30.0
02a60432o0328o,186.07858846153843,10.446249230769231,>20.34,0.0,3.0,o,22.022,60432.38217765,9310.41,9552.38,211.0,180.9,4.1,10.8,181.7,744.3,621.6,0.98,2.23,1.96,1.0,3.0,-0.4547,5.120395843945184,13.48787197917268,19.39,30.0
02a60432o0340o,186.07858846153843,10.446249230769231,>19.817507060320054,0.0,2.86,o,22.022,60432.38760375,9331.25,9433.09,233.0,181.0,32.3,11.3,183.2,965.8,615.6,1.09,2.27,1.98,1.0,3.0,-0.4417,40.98758356059481,14.339309419031625,19.33,30.0
03a60433o0370c,186.07858846153843,10.446249230769231,>18.27,0.0,3.0,c,19.704,60432.86323855,1351.78,1017.86,196.0,181.8,1.3,5.5,180.4,-322.0,325.4,1.13,2.79,2.44,1.0,3.0,-0.3817,19.9938360794284,84.58930648988937,17.23,30.0
03a60433o0378c,186.07858846153843,10.446249230769231,>20.54,0.0,3.0,c,21.919,60432.86692525,1370.54,1056.92,175.0,181.2,2.7,6.3,181.4,610.4,379.3,1.27,2.53,2.23,1.0,3.0,-0.3977,4.540962272283328,10.595578635327762,19.57,30.0
03a60433o0389c,186.07858846153843,10.446249230769231,>20.054422773983596,0.0,1.95,c,21.899,60432.87202255,1315.31,978.09,173.0,181.7,12.7,6.5,181.2,-251.0,337.7,1.64,2.59,2.26,1.0,3.0,-0.3927,22.468323563273948,11.499535681990606,19.49,30.0
03a60433o0412c,186.07858846153843,10.446249230769231,>19.7,0.0,3.0,c,21.059,60432.88264425,1293.88,1095.21,176.0,178.1,-6.7,6.4,181.4,936.0,370.9,1.41,2.5,2.18,1.0,3.0,-0.3947,-23.96790365447668,22.89471393860459,18.68,30.0
04a60435o0361o,186.07858846153843,10.446249230769231,>17.867837980883266,0.0,1.25,o,20.185,60435.11173495,4957.67,7186.31,205.0,177.2,16.6,13.3,175.8,-481.0,696.2,0.89,2.23,1.92,1.0,3.0,-0.4327,108.06198106924798,86.57978001331314,17.36,30.0
04a60435o0383o,186.07858846153843,10.446249230769231,>16.15,0.0,3.0,o,17.759,60435.12186535,4984.57,7216.09,172.0,181.2,-22.5,11.4,181.6,454.2,550.0,1.33,2.06,1.87,1.0,3.0,-0.4307,-1228.7119732413128,622.5473997755985,15.1,30.0
04a60435o0390o,186.07858846153843,10.446249230769231,>18.83,0.0,3.0,o,20.601,60435.12504515,4927.65,7135.97,190.0,182.1,5.9,12.2,182.1,375.6,670.9,1.1,2.23,1.88,1.0,3.0,-0.4217,25.378939429480294,52.478484921976204,17.86,30.0
04a60435o0402o,186.07858846153843,10.446249230769231,>18.29,0.0,3.0,o,19.995,60435.13049545,4913.13,7248.11,161.0,187.3,2.8,11.2,182.5,-47.7,767.9,1.47,2.22,1.93,1.0,3.0,-0.4277,21.628532828917844,86.51413131567138,17.28,30.0
02a60436o0261o,186.07858846153843,10.446249230769231,>19.929131172032626,0.0,1.59,o,22.054,60436.35267565,5317.7,7725.97,188.0,177.7,18.1,11.4,176.0,-434.4,611.1,1.05,2.18,1.89,1.0,3.0,-0.4487,20.575747319718857,12.959310466563258,19.41,30.0
02a60436o0269o,186.07858846153843,10.446249230769231,>19.77917813467411,0.0,2.76,o,21.856,60436.35647645,5298.63,7683.41,198.0,181.4,29.8,10.8,182.0,382.8,654.8,1.46,2.2,1.9,1.0,3.0,-0.4447,41.09143340298365,14.892197340678639,19.22,30.0
02a60436o0281o,186.07858846153843,10.446249230769231,>20.1,0.0,3.0,o,21.784,60436.36190035,5359.81,7763.53,201.0,180.9,-0.2,11.4,181.2,-589.5,672.7,0.86,2.19,1.89,1.0,3.0,-0.4457,-0.2920751846708347,16.64828552623758,19.13,30.0
02a60436o0305o,186.07858846153843,10.446249230769231,>19.916677118008828,0.0,2.17,o,22.062,60436.37326275,5378.55,7650.06,207.0,179.7,24.7,11.4,174.9,-911.6,572.5,1.9,2.19,1.91,1.0,3.0,-0.4447,28.19247348342748,13.011910838504992,19.41,30.0
03a60437o0334c,186.07858846153843,10.446249230769231,>20.56,0.0,3.0,c,21.94,60436.84510025,5261.26,2885.48,182.0,182.3,2.1,6.2,179.0,-21.5,367.3,2.54,2.55,2.25,1.0,3.0,-0.3847,3.4809736720497937,10.277160365099391,19.45,30.0
03a60437o0347c,186.07858846153843,10.446249230769231,>20.059119814088085,0.0,2.94,c,21.952,60436.85111905,5280.32,2925.57,202.0,182.4,20.6,7.0,181.8,371.8,428.4,1.17,2.53,2.25,1.0,3.0,-0.3887,33.63016552917189,11.427726150689475,19.47,30.0
03a60437o0354c,186.07858846153843,10.446249230769231,>20.108748072907346,0.0,1.62,c,21.957,60436.85429115,5222.3,2847.62,181.0,182.1,9.7,6.0,182.1,632.2,350.9,1.27,2.68,2.4,1.0,3.0,-0.3817,17.6960572759789,10.94601480988386,19.4,30.0
03a60437o0376c,186.07858846153843,10.446249230769231,>20.125629599700567,0.0,1.74,c,21.953,60436.86439785,5203.55,2964.28,193.0,182.0,11.8,6.8,180.7,650.0,391.6,1.95,2.51,2.2,1.0,3.0,-0.3917,18.721349668213193,10.78857438507201,19.47,30.0
02a60438o0248o,186.07858846153843,10.446249230769231,>20.0555967362325,0.0,1.66,o,22.074,60438.34289465,1287.76,1124.83,186.0,181.2,17.4,10.5,178.8,-27.6,562.3,1.39,2.12,1.91,1.0,3.0,-0.4497,19.101928790529218,11.527025994284873,19.5,30.0
02a60438o0255o,186.07858846153843,10.446249230769231,>20.44,0.0,3.0,o,22.075,60438.34605855,1268.47,1085.65,196.0,181.3,6.9,10.1,180.0,973.8,563.5,1.38,2.18,2.04,1.0,3.0,-0.4327,8.182659830219293,11.977516563074616,19.46,30.0
02a60438o0267o,186.07858846153843,10.446249230769231,>20.34,0.0,3.0,o,22.019,60438.35148405,1330.42,1163.93,201.0,180.2,8.3,10.4,182.6,840.5,575.7,1.4,2.23,2.03,1.0,3.0,-0.4357,10.578832447286883,13.25540451226308,19.42,30.0
02a60438o0292o,186.07858846153843,10.446249230769231,>20.5,0.0,3.0,o,22.079,60438.36392625,1351.98,1047.64,164.0,180.9,7.3,11.2,180.2,-423.0,633.9,1.2,2.07,1.84,1.0,3.0,-0.4517,7.517436596536025,11.533601353589518,19.56,30.0
04a60439o0343o,186.07858846153843,10.446249230769231,>20.07,0.0,3.0,o,21.964,60439.10120145,9298.0,9407.68,143.0,180.1,-20.2,12.5,184.4,854.5,707.0,1.19,2.33,1.97,1.0,3.0,-0.4197,-27.060278496358492,16.745221841805996,19.17,30.0
04a60439o0364o,186.07858846153843,10.446249230769231,>20.02,0.0,3.0,o,21.969,60439.11096835,9325.04,9439.07,169.0,180.2,9.5,11.9,178.5,-462.0,634.5,1.02,2.44,2.07,1.0,3.0,-0.4177,13.91369638858059,17.428735476222002,19.16,30.0
04a60439o0371o,186.07858846153843,10.446249230769231,>19.643082659920328,0.0,2.18,o,21.96,60439.11412885,9265.53,9358.6,256.0,182.5,25.5,11.7,180.8,835.3,659.1,1.28,2.4,2.05,1.0,3.0,-0.4197,36.75056569426721,16.862024259722602,19.2,30.0
04a60439o0403o,186.07858846153843,10.446249230769231,>20.0,0.0,3.0,o,21.953,60439.12871415,9254.69,9465.99,178.0,180.6,-2.2,12.1,182.1,1231.2,713.5,1.38,2.44,2.05,1.0,3.0,-0.4087,-3.211627097204329,17.663949034623805,19.15,30.0
04a60443o0298o,186.07858846153843,10.446249230769231,>15.7,0.0,3.0,o,17.614,60443.07841175,9138.43,5536.41,182.0,181.4,3.3,11.4,180.8,-168.5,597.1,0.88,2.42,2.11,1.0,3.0,-0.4037,266.2995953009668,919.9440564942491,14.8,30.0
04a60443o0316o,186.07858846153843,10.446249230769231,>16.54445298337172,0.0,1.19,o,18.543,60443.08665565,9104.62,5490.71,220.0,180.7,10.1,8.5,179.9,480.7,524.7,1.39,2.26,2.26,1.0,3.0,-0.4037,346.49502020979,291.60471997853614,15.76,30.0
04a60443o0339o,186.07858846153843,10.446249230769231,>18.25,0.0,3.0,o,20.011,60443.09706705,9091.47,5598.84,182.0,180.8,-3.2,8.8,179.7,-630.8,507.3,0.98,2.58,2.23,1.0,3.0,-0.3967,-31.785810698795387,87.41097942168734,17.19,30.0
03a60445o0470c,186.07858846153843,10.446249230769231,>20.28,0.0,3.0,c,21.958,60444.91242805,6854.52,9112.86,185.0,181.7,4.8,6.6,180.9,368.3,488.1,1.22,2.79,2.55,1.0,3.0,-0.3717,9.588360770122652,13.183996058918645,19.27,30.0
03a60445o0477c,186.07858846153843,10.446249230769231,19.79,0.29,3.28,c,21.958,60444.91561425,6874.1,9150.92,197.0,182.2,22.0,6.7,181.5,388.8,424.6,1.12,2.82,2.54,1.0,3.0,-0.3677,44.08230053119548,13.425064252682258,19.23,30.0
03a60445o0499c,186.07858846153843,10.446249230769231,>20.27,0.0,3.0,c,21.938,60444.92571545,6817.79,9071.71,206.0,183.2,-0.7,6.7,181.6,-616.2,516.4,1.26,2.75,2.52,1.0,3.0,-0.3687,-1.3835345849613034,13.242402456058189,19.25,30.0
03a60445o0520c,186.07858846153843,10.446249230769231,>20.05,0.0,3.0,c,21.911,60444.93532355,6797.42,9187.98,178.0,187.0,-12.8,5.5,185.8,-372.2,550.1,1.56,3.43,2.94,1.0,3.0,-0.3417,-36.813759041297494,15.818412088057517,18.98,30.0
02a60452o0230o,186.07858846153843,10.446249230769231,>19.099010187292482,0.0,1.16,o,22.105,60452.34301585,9475.74,1243.35,183.0,176.1,19.5,16.8,174.9,-371.3,1424.8,1.04,2.8,2.63,1.0,3.0,-0.2707,32.08537625385746,27.642785695631048,18.45,30.0
02a60452o0237o,186.07858846153843,10.446249230769231,>19.26,0.0,3.0,o,22.08,60452.34622075,9456.63,1204.53,148.0,180.3,16.2,21.6,177.7,-2209.7,1332.9,1.01,2.59,2.39,1.0,3.0,-0.3027,23.61410145789923,31.48546861053231,18.54,30.0
02a60452o0251o,186.07858846153843,10.446249230769231,>19.140850889358486,0.0,2.02,o,22.087,60452.35258245,9515.08,1282.08,231.0,182.3,39.4,19.5,178.4,340.5,1191.5,1.12,2.46,2.27,1.0,3.0,-0.3557,54.05251816516833,26.751880817786358,18.58,30.0
02a60452o0276o,186.07858846153843,10.446249230769231,>19.039255822513425,0.0,1.06,o,22.06,60452.36392645,9539.87,1166.92,131.0,176.9,27.0,25.5,168.6,249.6,1550.3,1.24,2.22,1.96,1.0,3.0,-0.4087,31.06930619942577,29.343233632791005,18.62,30.0
03a60453o0370o,186.07858846153843,10.446249230769231,>17.92,0.0,3.0,o,21.108,60452.85536925,986.61,9263.12,72.0,152.9,-35.8,37.8,124.5,-7845.2,2220.9,1.28,2.4,2.08,1.0,3.0,-0.4397,-116.87358035304513,123.4028306520979,16.65,30.0
03a60453o0378o,186.07858846153843,10.446249230769231,>18.97,0.0,3.0,o,21.881,60452.85902625,1005.63,9302.96,170.0,179.9,-34.5,28.8,183.7,2516.3,1838.8,1.2,2.46,2.07,1.0,3.0,-0.4007,-54.38552094868576,45.400087052815934,17.91,30.0
03a60453o0399o,186.07858846153843,10.446249230769231,>17.28,0.0,3.0,o,21.015,60452.86896235,951.28,9223.74,8.0,99.6,-17.4,57.5,84.0,-14252.9,3646.5,1.1,2.57,2.11,1.0,3.0,-0.4127,-65.57277636762096,216.69164604242562,16.5,30.0
03a60453o0415o,186.07858846153843,10.446249230769231,>18.53,0.0,3.0,o,21.79,60452.87636285,930.7,9341.3,98.0,215.2,-77.0,35.1,235.9,12383.9,2072.6,0.96,2.58,2.22,1.0,3.0,-0.3847,-146.29253005127387,66.68659486752874,17.67,30.0
01a60454o0251o,186.07858846153843,10.446249230769231,>19.67,0.0,3.0,o,22.258,60454.36421555,951.42,5450.21,170.0,183.0,-15.9,20.0,178.4,-2160.0,1357.4,1.2,2.45,2.21,1.0,3.0,-0.4377,-19.485619945002792,24.510213767299106,18.74,30.0
01a60454o0257o,186.07858846153843,10.446249230769231,>19.54,0.0,3.0,o,22.195,60454.36707525,971.28,5488.42,189.0,177.7,10.8,21.8,179.5,-26.5,1258.6,0.99,2.42,2.18,1.0,3.0,-0.4467,13.780163179457286,27.815514565941562,18.56,30.0
01a60454o0268o,186.07858846153843,10.446249230769231,>19.19093659778064,0.0,1.14,o,22.255,60454.37232685,911.81,5409.07,213.0,188.1,25.0,21.9,188.4,297.5,1307.4,0.9,2.37,2.15,1.0,3.0,-0.4417,29.019208300418253,25.42082647116639,18.75,30.0
01a60454o0296o,186.07858846153843,10.446249230769231,>19.36,0.0,3.0,o,22.204,60454.38570775,887.09,5524.33,159.0,184.6,-9.4,24.7,185.6,-111.0,1513.7,1.19,2.47,2.26,1.0,3.0,-0.4277,-12.367786833041908,32.49833348682288,18.54,30.0
02a60456o0204o,186.07858846153843,10.446249230769231,>19.97792076007973,0.0,1.28,o,22.071,60456.33341675,5550.48,1428.23,198.0,179.6,14.5,11.3,180.2,611.7,615.2,1.5,2.15,1.87,1.0,3.0,-0.4497,15.849180592179822,12.351430392526346,19.39,30.0
02a60456o0211o,186.07858846153843,10.446249230769231,>19.801385117454966,0.0,1.64,o,22.075,60456.33660875,5530.83,1389.92,191.0,180.3,19.3,11.8,181.6,250.4,712.7,1.52,2.26,2.07,1.0,3.0,-0.4167,23.724378211487128,14.505060253655342,19.28,30.0
02a60456o0224o,186.07858846153843,10.446249230769231,>20.3,0.0,3.0,o,22.069,60456.34249585,5592.06,1468.26,194.0,180.4,2.0,13.1,178.1,-617.7,619.9,1.26,2.1,1.85,1.0,3.0,-0.4527,2.1221680123379802,13.900200480813771,19.35,30.0
02a60456o0246o,186.07858846153843,10.446249230769231,>19.79170757245187,0.0,2.06,o,22.068,60456.35250395,5616.91,1352.48,249.0,183.3,27.6,13.4,179.9,-113.6,692.0,1.17,2.14,1.88,1.0,3.0,-0.4487,30.244015360240365,14.683688616928292,19.26,30.0
03a60457o0321o,186.07858846153843,10.446249230769231,>20.04,0.0,3.0,o,21.997,60456.83167935,4903.76,9164.58,170.0,181.5,-10.6,13.4,177.5,-177.7,661.6,1.61,2.31,1.96,1.0,3.0,-0.4097,-13.462715301781646,17.018904249422082,19.03,30.0
03a60457o0328o,186.07858846153843,10.446249230769231,>19.94,0.0,3.0,o,21.996,60456.83487105,4921.51,9203.46,202.0,180.4,10.2,13.9,177.9,703.7,736.4,1.2,2.41,1.98,1.0,3.0,-0.3997,13.54070104955088,18.452523979289925,18.97,30.0
03a60457o0342o,186.07858846153843,10.446249230769231,>20.0,0.0,3.0,o,21.996,60456.84122635,4865.07,9124.69,205.0,181.0,1.4,13.2,181.0,1013.9,770.5,0.99,2.42,1.97,1.0,3.0,-0.3987,1.855104475193572,17.490985051825106,18.99,30.0
03a60457o0364o,186.07858846153843,10.446249230769231,>19.89,0.0,3.0,o,21.988,60456.85141125,4843.17,9241.48,223.0,182.1,7.7,13.8,180.8,775.7,829.2,1.41,2.45,2.05,1.0,3.0,-0.4017,10.858489503629498,19.460669500011306,18.93,30.0
01a60458o0190o,186.07858846153843,10.446249230769231,>19.97,0.0,3.0,o,21.695,60458.32613815,3301.46,2943.6,199.0,180.0,5.2,9.1,180.0,639.4,567.6,1.47,2.45,2.19,1.0,3.0,-0.4337,10.567500769364951,18.493126346388664,18.92,30.0
01a60458o0196o,186.07858846153843,10.446249230769231,>19.35485758630675,0.0,1.35,o,21.48,60458.32906135,3317.98,2981.36,186.0,179.7,11.9,8.8,177.7,264.6,659.2,1.37,2.43,2.22,1.0,3.0,-0.4337,29.63909608907371,21.917987023852827,18.7,30.0
04a60459o0282c,186.07858846153843,10.446249230769231,>20.41,0.0,3.0,c,21.883,60459.09604905,3359.94,2901.71,182.0,181.3,-1.7,6.7,181.2,355.7,388.3,1.45,2.72,2.14,1.0,3.0,-0.3777,-2.9935763838256237,11.798212806842164,19.36,30.0
04a60459o0289c,186.07858846153843,10.446249230769231,>20.43,0.0,3.0,c,21.946,60459.09923415,3378.56,2938.89,177.0,181.9,0.3,7.2,181.1,10.9,402.2,1.23,2.65,2.11,1.0,3.0,-0.3857,0.48240114420516467,11.577627460923955,19.44,30.0
04a60459o0301c,186.07858846153843,10.446249230769231,>20.53,0.0,3.0,c,21.947,60459.10467605,3323.66,2858.88,175.0,181.3,-15.4,6.8,181.9,351.1,421.7,1.61,2.61,2.07,1.0,3.0,-0.3867,-23.92711400737887,10.565219172089371,19.45,30.0
04a60459o0325c,186.07858846153843,10.446249230769231,>20.41,0.0,3.0,c,21.944,60459.11565635,3307.14,2970.37,187.0,182.1,-2.8,7.3,182.0,158.5,415.3,1.47,2.65,2.12,1.0,3.0,-0.3787,-4.50296437928051,11.739871417409901,19.39,30.0
02a60460o0145o,186.07858846153843,10.446249230769231,>20.38,0.0,3.0,o,22.015,60460.33258345,3394.29,7821.91,163.0,181.1,2.2,11.0,177.8,-65.6,531.2,1.53,2.16,1.9,1.0,3.0,-0.4507,2.5869544279365955,12.934772139682977,19.4,30.0
02a60460o0152o,186.07858846153843,10.446249230769231,>19.87844200719175,0.0,2.86,o,22.026,60460.33574765,3375.21,7785.66,194.0,181.6,32.9,11.5,177.4,5.6,538.7,1.2,2.18,1.91,1.0,3.0,-0.4457,38.67626293715496,13.519058473473619,19.43,30.0
02a60460o0177o,186.07858846153843,10.446249230769231,>20.43,0.0,3.0,o,21.988,60460.34728045,3437.19,7861.2,176.0,180.4,6.1,10.0,179.6,1542.8,647.0,1.98,2.18,1.92,1.0,3.0,-0.4477,7.47904769166702,12.260733920765608,19.36,30.0
02a60460o0188o,186.07858846153843,10.446249230769231,>20.3,0.0,3.0,o,21.925,60460.35238685,3459.42,7747.71,176.0,181.3,2.9,11.2,179.8,64.7,574.9,1.06,2.13,1.88,1.0,3.0,-0.4557,3.631568127744734,14.025366562324491,19.34,30.0
01a60462o0149o,186.07858846153843,10.446249230769231,>19.680420303455815,0.0,1.07,o,22.074,60462.30457085,3002.38,7305.27,212.0,181.3,9.2,8.6,183.2,1189.7,646.7,1.31,2.82,2.56,1.0,3.0,-0.4147,17.4355497840023,16.29844871113259,19.2,30.0
01a60462o0155o,186.07858846153843,10.446249230769231,>20.05161022866083,0.0,2.55,o,22.252,60462.30743955,3021.11,7342.33,211.0,179.1,22.4,8.8,182.0,455.9,573.0,2.09,2.5,2.32,1.0,3.0,-0.4337,29.460136663813696,11.57362511792681,19.48,30.0
01a60462o0169o,186.07858846153843,10.446249230769231,>20.52,0.0,3.0,o,22.293,60462.31405815,2959.75,7263.28,204.0,180.0,-0.1,9.6,182.3,794.9,527.2,1.43,2.4,2.23,1.0,3.0,-0.4427,-0.11783514757143351,11.312174166857616,19.58,30.0
01a60462o0190o,186.07858846153843,10.446249230769231,>19.909119485433695,0.0,2.36,o,22.292,60462.32416965,2938.03,7377.27,180.0,181.7,24.3,10.3,183.3,1340.6,606.9,2.02,2.5,2.33,1.0,3.0,-0.4327,30.907291527957206,13.100621511850175,19.53,30.0
04a60463o0250c,186.07858846153843,10.446249230769231,>18.07,0.0,3.0,c,19.381,60463.05332335,3022.37,7269.61,178.0,182.6,0.4,6.5,182.2,252.2,366.6,1.09,2.52,2.04,1.0,3.0,-0.3837,6.266852092833051,101.83634650853708,16.84,30.0
04a60463o0273c,186.07858846153843,10.446249230769231,>19.61,0.0,3.0,c,21.294,60463.06403635,3048.53,7300.33,192.0,181.4,4.7,9.1,182.2,1607.9,567.7,1.19,2.55,2.04,1.0,3.0,-0.3817,12.771060170727578,24.726946288004463,18.76,30.0
04a60463o0280c,186.07858846153843,10.446249230769231,>18.12,0.0,3.0,c,19.434,60463.06722125,2990.55,7220.62,182.0,179.9,-6.7,6.5,179.9,237.7,411.9,1.33,2.57,2.01,1.0,3.0,-0.3837,-100.45295775855928,97.45436200457245,16.86,30.0
04a60463o0292c,186.07858846153843,10.446249230769231,>17.63,0.0,3.0,c,19.11,60463.07270755,2972.91,7333.18,170.0,181.7,-12.0,7.8,180.5,-558.4,381.7,1.22,2.56,1.95,1.0,3.0,-0.3897,-235.62131095739537,153.153852122307,16.56,30.0
02a60464o0163o,186.07858846153843,10.446249230769231,>20.48,0.0,3.0,o,22.073,60464.31253725,1077.32,9397.22,194.0,181.4,-3.9,10.8,177.3,-453.3,510.6,1.53,2.14,1.88,1.0,3.0,-0.4507,-4.2618187418368585,11.801959592778996,19.49,30.0
02a60464o0170o,186.07858846153843,10.446249230769231,>20.35,0.0,3.0,o,22.071,60464.31571675,1058.29,9359.11,177.0,181.3,6.7,11.9,175.7,-1079.5,532.5,1.16,2.16,1.89,1.0,3.0,-0.4497,7.436166465686631,13.207519543532971,19.5,30.0
02a60464o0182o,186.07858846153843,10.446249230769231,>20.41,0.0,3.0,o,22.07,60464.32114325,1118.15,9435.87,205.0,180.9,10.9,11.7,178.9,392.7,605.7,1.54,2.12,1.86,1.0,3.0,-0.4527,11.728272509680863,12.58906315259322,19.52,30.0
02a60464o0233o,186.07858846153843,10.446249230769231,>19.93269673077168,0.0,1.18,o,22.061,60464.34506175,1145.19,9321.99,167.0,182.3,13.4,11.4,179.3,-484.7,595.2,1.03,2.16,1.91,1.0,3.0,-0.4447,15.09908611490361,12.845491172380685,19.48,30.0
01a60466o0107o,186.07858846153843,10.446249230769231,>20.45,0.0,3.0,o,22.275,60466.28645895,9201.4,7468.74,162.0,182.0,3.8,9.8,180.4,79.8,494.8,1.49,2.48,2.2,1.0,3.0,-0.4317,4.594271998802349,11.84838568112185,19.56,30.0
01a60466o0114o,186.07858846153843,10.446249230769231,>20.41,0.0,3.0,o,22.26,60466.28975045,9217.34,7506.45,171.0,181.0,-1.3,7.9,179.1,137.2,536.8,1.52,2.75,2.52,1.0,3.0,-0.4047,-1.974400863081866,11.998282167959031,19.41,30.0
01a60466o0125o,186.07858846153843,10.446249230769231,>20.48,0.0,3.0,o,22.271,60466.29502285,9157.57,7427.83,152.0,181.0,-7.4,8.9,180.9,512.9,568.7,1.32,2.55,2.3,1.0,3.0,-0.4237,-9.582051075530913,11.52435872597637,19.48,30.0
01a60466o0159o,186.07858846153843,10.446249230769231,>20.55,0.0,3.0,o,22.272,60466.31169515,9134.13,7543.9,168.0,181.5,-5.7,9.5,181.0,-145.4,515.0,1.12,2.39,2.15,1.0,3.0,-0.4347,-6.526344005083809,10.877240008473015,19.56,30.0
02a60468o0118o,186.07858846153843,10.446249230769231,>20.37,0.0,3.0,o,22.073,60468.29497655,5407.35,9671.0,174.0,180.6,7.7,11.5,179.3,106.9,565.4,1.5,2.19,1.9,1.0,3.0,-0.4507,8.702563206659732,12.997334659297003,19.43,30.0
02a60468o0126o,186.07858846153843,10.446249230769231,>20.35,0.0,3.0,o,22.066,60468.29871395,5392.48,9632.69,168.0,179.5,10.8,12.2,174.6,-958.4,764.8,1.21,2.15,1.85,1.0,3.0,-0.4517,11.754189526902337,13.277880761871158,19.48,30.0
02a60468o0138o,186.07858846153843,10.446249230769231,>19.833534083338876,0.0,1.21,o,22.068,60468.30413505,5451.35,9711.61,200.0,180.8,15.6,12.9,180.0,311.6,613.5,0.95,2.15,1.86,1.0,3.0,-0.4507,17.02294703023611,14.0766677365414,19.47,30.0
02a60468o0169o,186.07858846153843,10.446249230769231,>19.89269191520333,0.0,2.08,o,22.059,60468.31853525,5472.59,9596.59,204.0,180.8,25.8,12.4,178.9,-20.9,644.6,1.23,2.13,1.84,1.0,3.0,-0.4507,27.821201242292652,13.371430054435228,19.47,30.0
01a60469o0069o,186.07858846153843,10.446249230769231,>20.019037273454458,0.0,1.52,o,22.279,60469.26882165,9472.32,1145.76,226.0,182.4,14.1,9.3,178.9,-171.9,604.8,1.78,2.58,2.25,1.0,3.0,-0.4287,18.021049600701826,11.886224204718228,19.46,30.0
01a60469o0077o,186.07858846153843,10.446249230769231,>20.02589960282465,0.0,1.06,o,22.28,60469.27258895,9491.12,1184.42,204.0,182.2,9.5,9.0,177.6,164.8,511.7,1.64,2.61,2.29,1.0,3.0,-0.4267,12.46689610562392,11.810743679012134,19.43,30.0
01a60469o0097o,186.07858846153843,10.446249230769231,>20.45,0.0,3.0,o,22.283,60469.28255275,9429.51,1104.08,210.0,182.1,5.4,8.9,178.5,-390.4,535.9,1.35,2.6,2.33,1.0,3.0,-0.4297,7.1826015366617,11.837991421535024,19.45,30.0
01a60469o0111o,186.07858846153843,10.446249230769231,>20.47,0.0,3.0,o,22.284,60469.28921545,9407.28,1222.03,187.0,182.2,4.0,9.3,182.7,715.0,546.3,1.35,2.54,2.25,1.0,3.0,-0.4357,5.042373031330717,11.72351729784392,19.5,30.0
01a60470o0024o,186.07858846153843,10.446249230769231,>20.7,0.0,3.0,o,22.3,60470.30974235,4834.78,5258.41,165.0,181.9,-2.1,7.9,178.5,-1050.7,467.5,1.55,2.49,2.21,1.0,3.0,-0.4217,-2.479531676134372,9.327762019743592,19.59,30.0
01a60470o0031o,186.07858846153843,10.446249230769231,>20.21051302445752,0.0,1.88,o,22.299,60470.31321915,4853.97,5296.21,173.0,182.1,16.7,8.9,179.6,-924.4,550.8,1.36,2.42,2.15,1.0,3.0,-0.4277,18.764156321007963,10.000059356704845,19.66,30.0
01a60470o0055o,186.07858846153843,10.446249230769231,>20.64,0.0,3.0,o,22.295,60470.32468505,4793.4,5216.04,190.0,181.9,-1.1,8.8,178.2,-891.9,485.4,1.27,2.4,2.17,1.0,3.0,-0.4327,-1.2474478705623004,9.979582964498404,19.65,30.0
01a60470o0067o,186.07858846153843,10.446249230769231,>20.69,0.0,3.0,o,22.294,60470.33030715,4769.92,5332.26,188.0,182.0,-3.7,8.4,180.4,-154.9,439.3,1.0,2.4,2.17,1.0,3.0,-0.4367,-4.215328695244881,9.56993541623162,19.63,30.0
01a60474o0076o,186.07858846153843,10.446249230769231,>20.24,0.0,3.0,o,22.304,60474.27199255,1046.19,7404.35,194.0,182.6,7.1,12.8,183.8,1163.4,763.7,1.41,2.4,2.18,1.0,3.0,-0.4557,8.193790003037988,14.771903104068485,19.34,30.0
01a60474o0087o,186.07858846153843,10.446249230769231,>20.28,0.0,3.0,o,22.304,60474.27723985,1064.22,7442.31,145.0,182.1,8.3,12.5,181.8,1341.3,948.0,1.38,2.38,2.16,1.0,3.0,-0.4467,9.333994612190919,14.057220801492347,19.33,30.0
01a60474o0111o,186.07858846153843,10.446249230769231,>20.33,0.0,3.0,o,22.302,60474.28863775,1002.79,7361.66,165.0,183.9,-12.8,11.2,183.4,-80.5,807.7,1.66,2.45,2.25,1.0,3.0,-0.4387,-15.350315899551223,13.431526412107322,19.36,30.0
01a60474o0117o,186.07858846153843,10.446249230769231,>20.32,0.0,3.0,o,22.301,60474.29147315,981.83,7477.71,156.0,183.1,-3.7,11.7,184.8,386.0,676.1,1.24,2.4,2.21,1.0,3.0,-0.4457,-4.300945949362763,13.600288542579547,19.32,30.0
01a60478o0114o,186.07858846153843,10.446249230769231,>18.16,0.0,3.0,o,21.746,60478.29028815,3077.9,9244.43,178.0,190.6,27.2,46.2,195.6,7031.9,3175.6,1.35,2.57,2.3,1.0,3.0,-0.4297,57.88800846187342,98.32448496097616,17.19,30.0
01a60478o0121o,186.07858846153843,10.446249230769231,>17.76,0.0,3.0,o,21.631,60478.29360745,3096.34,9281.6,118.0,191.2,16.1,61.6,189.6,8210.3,3890.3,1.18,2.51,2.29,1.0,3.0,-0.4397,37.38469356177228,143.03708841025914,17.01,30.0
01a60478o0133o,186.07858846153843,10.446249230769231,>16.9,0.0,3.0,o,21.178,60478.29925945,3034.06,9203.78,281.0,233.8,-98.1,94.1,262.4,12082.1,6705.1,0.95,2.42,2.25,1.0,3.0,-0.4567,-332.67919103422815,319.1142902785001,16.16,30.0
01a60478o0154o,186.07858846153843,10.446249230769231,>15.903855119405039,0.0,1.16,o,20.527,60478.31017525,3010.36,9319.62,316.0,194.0,90.8,78.6,196.3,2575.2,5414.9,1.25,2.54,2.29,1.0,3.0,-0.4727,608.0142987633839,526.320747607951,15.32,30.0
04a60479o0176o,186.07858846153843,10.446249230769231,>19.49,0.0,3.0,o,21.901,60479.01800585,3106.89,9206.34,206.0,171.5,-1.1,19.9,166.8,-1122.4,1396.3,1.46,2.36,1.97,1.0,3.0,-0.3967,-1.5485657854135682,28.014962845209094,18.62,30.0
04a60479o0183o,186.07858846153843,10.446249230769231,>19.44,0.0,3.0,o,21.859,60479.02117085,3128.89,9243.21,126.0,166.0,-28.3,21.1,158.2,-2572.9,1334.8,0.87,2.26,1.94,1.0,3.0,-0.4087,-39.48711002895392,29.440919491552215,18.55,30.0
04a60479o0214o,186.07858846153843,10.446249230769231,>19.039771852360797,0.0,2.0,o,21.902,60479.03545205,3078.06,9157.32,213.0,187.2,38.6,19.3,182.0,-1225.0,1184.4,1.11,2.43,2.07,1.0,3.0,-0.3937,58.57639889372742,29.28819944686371,18.48,30.0
04a60479o0240o,186.07858846153843,10.446249230769231,>16.984202073353224,0.0,1.09,o,20.418,60479.04742455,3065.61,9267.48,116.0,119.5,35.1,32.1,113.7,-372.6,2125.6,1.2,2.5,2.07,1.0,3.0,-0.3857,213.39105760972203,195.15250567726716,16.04,30.0
02a60480o0032o,186.07858846153843,10.446249230769231,>19.307425010840046,0.0,1.5,o,22.088,60480.25710685,7339.9,9578.9,193.0,179.7,26.7,17.8,179.7,1553.5,1229.5,1.0,2.35,2.08,1.0,3.0,-0.4327,34.3875475462585,22.92503169750567,18.72,30.0
02a60480o0039o,186.07858846153843,10.446249230769231,>19.85,0.0,3.0,o,22.085,60480.26027135,7322.06,9540.82,167.0,179.1,-0.6,17.5,182.0,231.9,941.4,1.02,2.25,1.99,1.0,3.0,-0.4387,-0.7137491272047444,20.817682876805048,18.9,30.0
02a60480o0085o,186.07858846153843,10.446249230769231,>18.982632900211478,0.0,1.8,o,21.969,60480.28157195,7386.58,9619.51,197.0,186.4,39.5,22.0,183.1,-287.1,1409.7,1.25,2.31,2.04,1.0,3.0,-0.4427,55.232918033601266,30.76263789213235,18.52,30.0
02a60480o0100o,186.07858846153843,10.446249230769231,>19.65,0.0,3.0,o,22.026,60480.28875255,7402.11,9502.79,117.0,182.6,-42.1,16.9,184.9,1149.2,1095.7,1.26,2.44,2.17,1.0,3.0,-0.4317,-62.12843318656063,24.93991735992576,18.62,30.0
03a60481o0220o,186.07858846153843,10.446249230769231,>19.48,0.0,3.0,o,21.988,60480.78341415,3299.32,999.59,148.0,184.9,-7.8,15.6,182.4,-1083.5,1083.9,1.18,2.78,2.32,1.0,3.0,-0.3997,-14.098929171322943,28.197858342645887,18.49,30.0
03a60481o0228o,186.07858846153843,10.446249230769231,>19.49,0.0,3.0,o,21.985,60480.78703325,3318.53,1039.47,200.0,182.3,7.8,16.3,181.8,141.3,1106.1,0.83,2.72,2.24,1.0,3.0,-0.4067,13.442197448597902,28.090745950275103,18.53,30.0
01a60482o0104o,186.07858846153843,10.446249230769231,>19.83,0.0,3.0,o,22.293,60482.28646495,1252.41,1075.87,183.0,182.1,-6.6,15.6,180.3,-1265.3,1056.4,1.17,2.56,2.41,1.0,3.0,-0.4297,-8.85848978497095,20.938248582658606,18.92,30.0
01a60482o0124o,186.07858846153843,10.446249230769231,>19.87,0.0,3.0,o,22.292,60482.29621945,1268.7,1114.2,251.0,183.8,15.5,15.7,175.6,-253.6,1093.1,1.17,2.53,2.35,1.0,3.0,-0.4277,20.02990211370941,20.288352463563726,18.93,30.0
01a60482o0132o,186.07858846153843,10.446249230769231,>19.83,0.0,3.0,o,22.292,60482.30000195,1208.83,1034.55,156.0,185.0,-0.8,15.6,183.2,948.0,1055.6,1.36,2.64,2.35,1.0,3.0,-0.4062,-1.057597757833352,20.623156277750365,18.89,30.0
01a60482o0158o,186.07858846153843,10.446249230769231,>19.82,0.0,3.0,o,22.287,60482.31239045,1184.34,1149.53,200.0,181.7,5.1,17.2,182.8,346.8,1123.3,1.41,2.46,2.29,1.0,3.0,-0.4347,6.313926337594998,21.294026079732152,18.92,30.0
02a60484o0114o,186.07858846153843,10.446249230769231,>19.84,0.0,3.0,o,22.078,60484.29450135,5649.42,3372.46,175.0,176.8,-3.6,12.7,175.9,259.9,737.0,1.31,2.62,2.37,1.0,3.0,-0.4287,-5.9225792861624695,20.893543592850936,18.83,30.0
02a60484o0121o,186.07858846153843,10.446249230769231,>19.408773868926385,0.0,1.47,o,22.078,60484.29766615,5631.88,3333.55,209.0,179.2,20.2,13.7,179.2,81.5,844.0,1.1,2.52,2.27,1.0,3.0,-0.4317,30.699868321865925,20.821197822255602,18.9,30.0
02a60484o0133o,186.07858846153843,10.446249230769231,>19.308464850097288,0.0,1.27,o,22.076,60484.30311385,5692.06,3411.72,199.0,178.1,17.3,13.6,172.2,-830.2,945.4,1.08,2.65,2.41,1.0,3.0,-0.4207,29.11171325781638,22.885508688225595,18.78,30.0
02a60484o0157o,186.07858846153843,10.446249230769231,>19.53,0.0,3.0,o,22.071,60484.31412235,5711.98,3294.99,180.0,178.8,-5.4,13.0,176.4,-502.2,997.0,0.96,2.94,2.71,1.0,3.0,-0.4047,-11.221970595141999,27.015855136452952,18.6,30.0
03a60485o0238o,186.07858846153843,10.446249230769231,>19.19,0.0,3.0,o,21.835,60484.79187985,4858.98,7228.6,171.0,180.6,-8.0,16.6,181.6,154.3,1083.9,0.89,2.82,2.45,1.0,3.0,-0.3877,-17.638592419094117,36.6000792696203,18.2,30.0
03a60485o0245o,186.07858846153843,10.446249230769231,>19.18,0.0,3.0,o,21.831,60484.79511385,4878.69,7267.49,197.0,182.5,-19.7,18.5,183.7,1134.2,1229.8,1.04,2.68,2.31,1.0,3.0,-0.4017,-39.57051890242405,37.16013196420533,18.24,30.0
03a60485o0259o,186.07858846153843,10.446249230769231,>19.21,0.0,3.0,o,21.832,60484.80154605,4821.41,7189.69,190.0,182.1,-9.3,17.9,186.9,1043.1,1203.0,1.03,2.73,2.3,1.0,3.0,-0.4087,-19.05163168301365,36.66926958343487,18.24,30.0
03a60485o0282o,186.07858846153843,10.446249230769231,>19.11,0.0,3.0,o,21.814,60484.81213875,4804.0,7304.16,196.0,180.7,-15.0,18.8,187.8,2464.1,1293.4,1.03,2.72,2.36,1.0,3.0,-0.3957,-31.559557939687025,39.5546459510744,18.16,30.0
01a60486o0129o,186.07858846153843,10.446249230769231,>20.44,0.0,3.0,o,22.282,60486.29927875,5214.71,2838.02,185.0,181.1,2.5,9.4,178.4,-949.1,564.3,0.98,2.55,2.28,1.0,3.0,-0.4137,3.1475582884209063,11.834819164462607,19.48,30.0
01a60486o0135o,186.07858846153843,10.446249230769231,>20.44,0.0,3.0,o,22.28,60486.30205835,5233.3,2877.01,153.0,181.1,-4.2,8.6,182.9,216.9,573.0,1.35,2.64,2.4,1.0,3.0,-0.4087,-5.746761906012371,11.767179140882476,19.44,30.0
01a60486o0148o,186.07858846153843,10.446249230769231,>20.48,0.0,3.0,o,22.278,60486.30829535,5172.07,2798.84,178.0,180.2,-2.6,9.0,175.9,-746.4,657.8,1.22,2.54,2.29,1.0,3.0,-0.4217,-3.311321067401205,11.462265233311864,19.46,30.0
01a60486o0192o,186.07858846153843,10.446249230769231,>20.28,0.0,3.0,o,22.265,60486.32951945,5147.63,2912.47,189.0,181.2,-4.1,8.7,178.9,-144.2,695.2,1.18,2.83,2.52,1.0,3.0,-0.3857,-6.268008522593084,13.300408328429226,19.22,30.0
04a60487o0007o,186.07858846153843,10.446249230769231,>19.86,0.0,3.0,o,21.913,60487.07720665,5302.93,2795.9,204.0,181.3,-0.7,9.3,181.2,-24.7,616.4,0.99,2.83,2.52,1.0,3.0,-0.3627,-1.4489178461189,19.249908527008245,18.84,30.0
04a60487o0018o,186.07858846153843,10.446249230769231,>19.4062985684246,0.0,1.74,o,21.894,60487.08221015,5321.45,2835.35,199.0,179.9,19.1,11.0,178.8,103.0,753.5,1.09,2.66,2.38,1.0,3.0,-0.3767,36.17851246567757,20.835792519500174,18.82,30.0
02a60488o0179o,186.07858846153843,10.446249230769231,>20.09,0.0,3.0,o,22.044,60488.32616525,1319.93,1123.82,159.0,181.0,-12.6,8.6,178.6,-214.2,631.9,0.9,2.76,2.54,1.0,3.0,-0.4077,-23.684929103400325,16.16590399120975,19.14,30.0
02a60488o0203o,186.07858846153843,10.446249230769231,>20.18,0.0,3.0,o,22.032,60488.33779475,1302.1,1083.82,165.0,182.1,2.5,8.6,178.3,146.5,513.5,1.63,2.67,2.4,1.0,3.0,-0.4107,4.355331908224158,14.982341764291101,19.13,30.0
02a60488o0211o,186.07858846153843,10.446249230769231,>20.16,0.0,3.0,o,22.027,60488.34169925,1366.01,1161.85,183.0,181.2,8.5,9.7,182.3,23.8,598.2,1.06,2.53,2.27,1.0,3.0,-0.4257,13.518361296289163,15.426835832235865,19.17,30.0
02a60488o0225o,186.07858846153843,10.446249230769231,>20.11,0.0,3.0,o,22.02,60488.34824135,1385.19,1044.56,170.0,181.3,-10.7,9.3,180.5,-322.2,531.2,1.17,2.62,2.38,1.0,3.0,-0.4127,-18.374721754005133,15.970552552546524,19.11,30.0
03a60489o0190c,186.07858846153843,10.446249230769231,>20.25,0.0,3.0,c,21.844,60488.77466275,9132.93,9562.45,172.0,180.6,-1.0,7.2,181.8,355.7,462.1,1.23,2.59,2.33,1.0,3.0,-0.3877,-1.9099167186879218,13.751400374553036,19.33,30.0
03a60489o0204c,186.07858846153843,10.446249230769231,>20.34,0.0,3.0,c,21.832,60488.78117015,9152.85,9602.04,184.0,182.3,0.0,6.7,181.5,721.3,392.2,1.19,2.6,2.26,1.0,3.0,-0.3867,0.0,12.586800105502144,19.33,30.0
03a60489o0219c,186.07858846153843,10.446249230769231,>19.90970323877542,0.0,1.93,c,21.812,60488.78836375,9095.01,9522.61,206.0,182.9,13.3,6.9,181.5,200.5,403.9,1.26,2.57,2.26,1.0,3.0,-0.3927,25.29600559967217,13.123491626897595,19.33,30.0
03a60489o0225c,186.07858846153843,10.446249230769231,>20.35,0.0,3.0,c,21.799,60488.79115405,9073.56,9639.3,176.0,182.0,-15.2,6.5,184.7,707.2,436.6,1.17,2.6,2.25,1.0,3.0,-0.3897,-29.387199367875898,12.566894466525882,19.31,30.0
04a60491o0120o,186.07858846153843,10.446249230769231,>19.83993360414949,0.0,1.35,o,21.954,60490.99455595,9587.43,3079.72,191.0,182.1,14.0,10.4,179.4,391.5,608.1,1.43,2.38,1.93,1.0,3.0,-0.4167,18.88952542732827,14.03221888887243,19.29,30.0
04a60491o0127o,186.07858846153843,10.446249230769231,>20.38,0.0,3.0,o,21.955,60490.99771585,9608.46,3116.17,169.0,182.4,5.1,9.8,178.9,54.0,485.7,1.4,2.31,1.89,1.0,3.0,-0.4167,6.5343547022249036,12.55621099643217,19.3,30.0
04a60491o0149o,186.07858846153843,10.446249230769231,>20.18,0.0,3.0,o,21.961,60491.00784755,9555.4,3033.76,156.0,180.8,-3.8,11.3,176.3,-510.3,555.5,1.26,2.38,1.92,1.0,3.0,-0.4197,-5.081834621367004,15.11177137406504,19.28,30.0
04a60491o0163o,186.07858846153843,10.446249230769231,>20.34,0.0,3.0,o,21.956,60491.01419165,9537.36,3147.52,182.0,180.1,-12.1,9.7,179.6,-314.3,522.4,1.27,2.36,1.94,1.0,3.0,-0.4327,-16.48381943169745,13.214301527889692,19.28,30.0

