#expname,ra,dec,mag,dm,snr,filter,zp,mjd,x,y,peakval,skyval,peakfit,dpeak,skyfit,flux,dflux,chin,major,minor,snrdet,snrlimit,apfit,uJy,duJy,mag5sig,texp
02a58825o0955o,195.0790225,-33.6296975,>20.27,0.0,3.0,o,22.079,58825.63222475,9507.55,7131.97,177.0,178.6,5.6,11.5,178.6,720.9,649.2,1.16,2.33,1.98,1.0,3.0,-0.4277,6.832315039822243,14.030646956777822,19.43,30.0
02a58825o0962o,195.0790225,-33.6296975,>19.831310272021017,0.0,1.59,o,22.086,58825.63552465,9529.41,7171.98,169.0,180.1,17.5,11.0,180.0,-281.3,596.5,0.8,2.43,2.02,1.0,3.0,-0.4207,22.42613524981331,14.096427871311223,19.37,30.0
02a58825o0976o,195.0790225,-33.6296975,>20.27,0.0,3.0,o,22.094,58825.64210185,9470.88,7093.87,158.0,181.7,-12.5,11.6,184.4,299.7,611.7,1.06,2.34,1.98,1.0,3.0,-0.4257,-15.078210637309983,13.992579471423662,19.43,30.0
02a58825o0997o,195.0790225,-33.6296975,>20.03,0.0,3.0,o,22.107,58825.65191945,9451.2,7209.03,194.0,180.4,7.0,12.9,179.6,-427.0,747.9,0.87,2.53,2.07,1.0,3.0,-0.4107,9.301385663933328,17.14112500924856,19.17,30.0
01a58827o0983o,195.0790225,-33.6296975,>19.87,0.0,3.0,o,22.212,58827.64136105,6001.95,1072.24,216.0,178.4,-0.2,11.3,179.0,383.9,754.8,1.0,3.0,2.54,1.0,3.0,-0.3927,-0.3452579696676378,19.507075286221532,18.91,30.0
01a58827o0994o,195.0790225,-33.6296975,>20.01,0.0,3.0,o,22.218,58827.64688645,5981.87,1033.47,175.0,181.1,6.0,10.6,183.1,769.7,652.0,0.79,2.9,2.49,1.0,3.0,-0.3937,9.770287437543645,17.260841139660442,19.1,30.0
01a58827o1003o,195.0790225,-33.6296975,>19.88,0.0,3.0,o,22.223,58827.65104395,6038.09,1110.71,179.0,177.5,4.8,11.4,176.4,82.5,825.2,0.91,2.99,2.53,1.0,3.0,-0.3877,8.105721764619103,19.251089190970376,18.97,30.0
01a58827o1016o,195.0790225,-33.6296975,>18.61900608044549,0.0,1.4,o,22.227,58827.65705505,6056.89,993.78,230.0,172.7,24.7,17.7,173.8,-1568.4,1539.7,1.1,3.76,2.83,1.0,3.0,-0.4217,60.31564535762101,43.22214262469198,18.12,30.0
01a58831o0925o,195.0790225,-33.6296975,>18.32,0.0,3.0,o,21.898,58831.63147475,6000.27,1070.88,81.0,22.0,-16.4,21.9,24.1,2920.9,2516.2,1.21,3.79,3.25,1.0,3.0,-0.3287,-57.613620058601924,76.93526093191355,17.55,30.0
01a58831o0932o,195.0790225,-33.6296975,>18.31,0.0,3.0,o,21.908,58831.63469945,5980.81,1032.14,-182.0,-75.3,-95.6,27.3,-59.9,8759.4,2123.6,0.94,3.37,2.98,1.0,3.0,-0.3157,-268.07900475181,76.55394173351897,17.63,30.0
01a58831o0944o,195.0790225,-33.6296975,>17.99,0.0,3.0,o,21.665,58831.64022785,6037.22,1110.56,223.0,194.8,-0.5,20.5,198.9,1927.9,2434.0,1.09,3.91,3.67,1.0,3.0,-0.3217,-2.5198319095643864,103.31310829213986,17.03,30.0
01a58831o0972o,195.0790225,-33.6296975,>17.82,0.0,3.0,o,21.6,58831.65334355,6055.4,992.83,162.0,203.2,3.7,24.7,205.4,617.3,2706.4,1.12,4.23,3.11,1.0,3.0,-0.3257,18.21634428466433,121.60640644086729,16.97,30.0
02a58837o0977o,195.0790225,-33.6296975,>19.13,0.0,3.0,o,21.433,58837.64252745,1418.81,5071.76,-207.0,-170.1,-23.7,19.0,-166.8,2989.5,1021.3,0.57,2.26,1.94,1.0,3.0,-0.4367,-50.23625547548613,40.273791309461465,17.55,30.0
02a58837o0984o,195.0790225,-33.6296975,>17.99,0.0,3.0,o,21.108,58837.64578055,1439.78,5109.86,213.0,223.0,-12.7,29.9,219.7,-1126.9,2265.7,1.05,2.43,2.43,1.0,3.0,-0.4277,-48.503716121617686,114.19378834932037,16.95,30.0
02a58837o0998o,195.0790225,-33.6296975,>19.95,0.0,3.0,o,22.135,58837.65228465,1382.05,5030.89,189.0,180.1,14.6,15.3,182.0,674.3,1063.8,0.72,2.44,2.0,1.0,3.0,-0.4277,17.894988476740682,18.752967376310444,19.1,30.0
02a58837o1012o,195.0790225,-33.6296975,>19.245866460354755,0.0,1.17,o,22.14,58837.65905765,1359.99,5147.71,170.0,178.1,13.9,11.9,176.3,89.4,962.1,1.01,3.04,2.74,1.0,3.0,-0.4047,28.339859443917046,24.26218182608726,18.68,30.0
01a58839o0865o,195.0790225,-33.6296975,>17.7146853239545,0.0,1.03,o,21.074,58839.60191845,2754.55,7544.68,234.0,217.6,8.0,7.8,218.3,257.0,933.2,0.74,4.9,4.54,1.0,3.0,-0.2577,101.5548490944966,99.01597786713418,17.26,30.0
01a58839o0871o,195.0790225,-33.6296975,>18.43,0.0,3.0,o,21.15,58839.60469715,2736.34,7506.36,197.0,214.3,-7.4,8.5,213.6,-89.8,791.3,0.96,3.89,3.71,1.0,3.0,-0.3137,-59.82930748121529,68.72285318788242,17.54,30.0
01a58839o0886o,195.0790225,-33.6296975,>17.18,0.0,3.0,o,19.709,58839.61209405,2796.32,7586.63,181.0,202.1,4.7,8.3,200.9,-391.4,952.6,1.15,3.61,3.42,1.0,3.0,-0.3147,122.68456042281504,216.65571308709892,16.19,30.0
01a58839o0907o,195.0790225,-33.6296975,>16.7,0.0,3.0,o,18.92,58839.62230225,2819.78,7472.33,212.0,183.1,6.0,8.8,183.8,794.4,722.1,0.88,3.06,2.87,1.0,3.0,-0.3397,235.78345045756672,345.8157273377646,15.53,30.0
02a58849o0338o,195.0790225,-33.6296975,19.57,0.26,3.69,o,22.146,58849.62279855,9313.22,5188.88,203.0,176.8,49.5,13.4,176.1,1724.8,803.6,0.97,2.25,1.93,1.0,3.0,-0.4357,53.839841331641296,14.57482573422209,19.39,30.0
01a58851o0717o,195.0790225,-33.6296975,19.09,0.17,5.96,o,22.215,58851.59052535,5186.6,3792.58,217.0,177.3,44.1,7.4,177.2,1025.5,626.0,0.87,3.17,2.69,1.0,3.0,-0.3807,84.02506884351996,14.099444658549837,19.31,30.0
01a58851o0724o,195.0790225,-33.6296975,19.03,0.15,6.96,o,22.222,58851.59421575,5167.37,3754.27,233.0,176.7,64.0,9.2,177.0,930.3,597.1,0.82,2.78,2.2,1.0,3.0,-0.4037,88.7577319388594,12.758923966211036,19.46,30.0
01a58851o0744o,195.0790225,-33.6296975,19.16,0.16,6.51,o,22.231,58851.60420955,5225.66,3832.94,230.0,177.3,59.9,9.2,175.8,991.9,540.6,0.84,2.66,2.21,1.0,3.0,-0.3927,78.38978584447345,12.039833552072716,19.51,30.0
01a58851o0756o,195.0790225,-33.6296975,19.41,0.2,4.98,o,22.233,58851.61021215,5243.54,3718.04,205.0,178.5,40.3,8.1,178.0,976.5,576.5,0.71,3.03,2.33,1.0,3.0,-0.3837,62.6992492868386,12.60208236286334,19.44,30.0
01a58855o0643o,195.079032,-33.629734,18.91,0.15,6.79,o,22.227,58855.63457765,5184.2,3795.42,222.0,176.3,49.6,7.3,177.1,1477.1,668.4,1.03,3.28,2.86,1.0,3.0,-0.3427,99.28423608794378,14.612397650040112,19.16,30.0
01a58855o0650o,195.07903625,-33.6297425,19.09,0.19,5.16,o,22.22,58855.63780305,5170.5,3759.1,205.0,179.3,33.0,6.4,179.3,1069.6,605.0,0.76,3.74,3.19,1.0,3.0,-0.3377,84.16566717945021,16.32303848328732,19.1,30.0
01a58855o0666o,195.07903625,-33.6297425,18.97,0.17,6.02,o,22.223,58855.64566395,5222.48,3834.5,213.0,176.6,38.5,6.4,176.8,1514.8,600.4,1.04,3.62,3.12,1.0,3.0,-0.3467,93.47223762128176,15.538242098083206,19.13,30.0
01a58855o0679o,195.07903625,-33.6297425,19.24,0.2,4.95,o,22.228,58855.65210365,5242.17,3719.98,220.0,176.6,31.7,6.4,177.2,1400.0,574.0,1.01,3.68,2.97,1.0,3.0,-0.3307,73.05034569646428,14.748334777835058,19.12,30.0
02a58865o0421o,195.07903625,-33.6297425,>16.692731216467458,0.0,1.04,o,20.681,58865.57830105,3480.37,6871.88,219.0,-5.4,56.0,53.7,11.1,10454.6,3172.7,0.87,2.38,2.07,1.0,3.0,-0.4327,265.6403689730694,254.7301395331041,16.31,30.0
01a58867o0812o,195.079025833333,-33.62976,19.31,0.21,4.68,o,22.237,58867.58884225,3206.09,5334.65,245.0,179.3,55.2,11.8,178.9,-361.1,644.3,0.86,2.73,2.04,1.0,3.0,-0.4027,68.68954466149016,14.683634547202603,19.25,30.0
01a58867o0823o,195.079025833333,-33.62976,18.82,0.16,6.49,o,22.238,58867.59436235,3180.98,5294.26,255.0,180.3,66.8,10.3,181.7,2614.4,618.4,0.98,3.13,2.37,1.0,3.0,-0.3707,107.40583884332888,16.561079941411492,19.11,30.0
01a58867o0831o,195.079025833333,-33.62976,18.98,0.17,6.06,o,22.239,58867.59807435,3245.17,5374.08,224.0,177.9,66.0,10.9,175.0,436.4,725.9,1.2,2.84,2.23,1.0,3.0,-0.3947,92.53923051437845,15.282994130404926,19.2,30.0
01a58867o0856o,195.079025833333,-33.62976,18.78,0.14,7.36,o,22.243,58867.60967975,3265.94,5260.61,245.0,180.0,77.3,10.5,176.3,383.9,714.9,1.05,2.9,2.25,1.0,3.0,-0.3947,111.25479945210698,15.112230197246095,19.21,30.0
02a58869o0839o,195.079012142857,-33.6297664285714,19.06,0.16,6.39,o,22.139,58869.60691255,1939.83,3309.82,253.0,180.4,76.1,11.9,181.1,1648.6,706.5,0.86,2.29,1.97,1.0,3.0,-0.4317,86.22736415479243,13.483648271248752,19.49,30.0
02a58869o0845o,195.079012142857,-33.6297664285714,19.1,0.16,6.3,o,22.138,58869.60972165,1959.34,3348.06,218.0,181.4,66.8,10.6,180.0,152.7,571.0,0.98,2.37,2.09,1.0,3.0,-0.4287,82.95256888983977,13.16313218910631,19.44,30.0
02a58869o0857o,195.07900125,-33.629764375,19.19,0.17,5.84,o,22.142,58869.61527165,1899.73,3269.54,242.0,180.1,70.1,12.0,178.4,206.4,696.3,0.94,2.24,1.93,1.0,3.0,-0.4367,76.25741697801503,13.054051408504716,19.53,30.0
02a58869o0879o,195.07900125,-33.629764375,19.3,0.2,4.88,o,22.143,58869.62551905,1881.56,3383.81,255.0,181.5,61.0,12.5,181.2,22.6,579.6,0.73,2.29,1.98,1.0,3.0,-0.4357,69.46871297195001,14.235392002448775,19.48,30.0
02a58869o0985o,195.07900125,-33.629764375,>18.408154057932006,0.0,1.77,o,22.154,58869.67643155,8632.13,7226.49,185.0,172.2,83.8,47.3,167.0,-1885.2,2561.3,0.9,2.28,1.93,1.0,3.0,-0.4547,93.30285217948631,52.66378171944751,18.34,30.0
01a58871o0724o,195.079025555556,-33.6297666666667,19.32,0.22,4.56,o,22.227,58871.56894345,3202.12,5331.72,221.0,181.4,39.7,8.7,181.9,-430.3,555.5,0.77,2.84,2.62,1.0,3.0,-0.4227,67.85297335061696,14.869543278346791,19.3,30.0
01a58871o0730o,195.079025555556,-33.6297666666667,19.29,0.21,4.65,o,22.227,58871.57181155,3184.71,5294.1,196.0,180.5,38.1,8.2,177.8,-736.7,610.6,0.99,2.96,2.7,1.0,3.0,-0.4187,69.68498263809154,14.997817785626,19.28,30.0
01a58871o0743o,195.079025555556,-33.6297666666667,19.11,0.17,6.05,o,22.232,58871.57833865,3242.78,5372.15,228.0,180.3,50.2,8.3,178.6,-211.7,580.3,0.86,2.79,2.59,1.0,3.0,-0.4157,82.40744130099719,13.625134717097144,19.33,30.0
01a58871o0763o,195.079023684211,-33.6297589473684,19.15,0.18,5.61,o,22.235,58871.58811825,3261.93,5259.23,236.0,178.1,50.5,9.0,180.4,1475.5,548.4,1.0,2.63,2.63,1.0,3.0,-0.4167,79.20664542904568,14.116035819037842,19.32,30.0
02a58873o0708c,195.079023684211,-33.6297589473684,>20.112052060692726,0.0,2.18,c,22.11,58873.53723305,1943.22,3315.62,185.0,182.9,13.5,6.2,182.8,1052.3,408.0,0.9,2.78,2.55,1.0,3.0,-0.3887,23.728893663184355,10.897714126795782,19.51,30.0
02a58873o0719c,195.079023684211,-33.6297589473684,20.04,0.27,3.47,c,22.121,58873.54275215,1959.62,3353.12,203.0,182.3,23.6,6.8,183.6,916.7,442.1,0.67,2.58,2.33,1.0,3.0,-0.3957,35.04663900963611,10.098184121420577,19.59,30.0
02a58873o0727c,195.079023684211,-33.6297589473684,19.97,0.26,3.67,c,22.126,58873.54646965,1902.48,3276.4,209.0,182.2,25.7,7.0,184.8,1291.3,452.5,1.16,2.54,2.31,1.0,3.0,-0.3997,37.21667458792123,10.136837436398778,19.66,30.0
02a58873o0749c,195.079023684211,-33.6297589473684,19.92,0.26,3.62,c,22.141,58873.55667115,1884.44,3390.71,235.0,182.5,25.7,7.1,182.0,766.3,425.4,0.88,2.65,2.38,1.0,3.0,-0.3927,39.202584500515314,10.830285990414735,19.63,30.0
01a58875o0640o,195.079029047619,-33.6297566666667,19.59,0.23,4.15,o,22.204,58875.53593435,4101.53,9211.63,214.0,180.3,36.9,8.9,179.9,824.6,562.8,0.86,2.73,2.29,1.0,3.0,-0.3947,52.7452361178793,12.721750716778477,19.42,30.0
01a58875o0647o,195.079029047619,-33.6297566666667,19.48,0.23,4.19,o,22.205,58875.53918485,4081.67,9173.94,203.0,181.1,35.2,8.4,179.2,467.5,580.6,0.89,3.1,2.37,1.0,3.0,-0.3847,58.53443741159664,13.968445291403743,19.36,30.0
01a58875o0660o,195.079029047619,-33.6297566666667,19.47,0.23,4.15,o,22.209,58875.54518855,4143.59,9253.51,232.0,180.4,36.9,8.9,180.7,206.6,515.4,0.76,2.95,2.39,1.0,3.0,-0.3907,58.9936175487166,14.228812904704006,19.37,30.0
01a58875o0683o,195.079029047619,-33.6297566666667,19.43,0.21,4.72,o,22.217,58875.55624355,4162.55,9134.84,247.0,181.7,40.1,8.5,179.1,-18.4,618.9,1.0,2.83,2.39,1.0,3.0,-0.3927,61.16281343689005,12.964686139989162,19.42,30.0
02a58877o0689c,195.079029047619,-33.6297566666667,>20.14430901322212,0.0,2.85,c,22.12,58877.52977355,7571.83,7168.35,184.0,182.4,17.1,6.0,182.6,-8.9,382.9,1.06,2.82,2.55,1.0,3.0,-0.3887,30.20954223250764,10.599839379827241,19.54,30.0
02a58877o0695c,195.079029047619,-33.6297566666667,>20.13028536768131,0.0,1.27,c,22.125,58877.53253075,7590.2,7208.18,191.0,183.2,7.9,6.2,183.5,441.1,444.8,0.84,2.8,2.54,1.0,3.0,-0.3877,13.727061661825074,10.773137000419677,19.55,30.0
02a58877o0708c,195.079029047619,-33.6297566666667,>20.6,0.0,3.0,c,22.133,58877.53892545,7526.19,7130.1,202.0,182.3,2.6,5.5,183.5,1221.5,429.8,1.28,2.87,2.59,1.0,3.0,-0.3837,4.669966380643299,9.87877503597621,19.52,30.0
02a58877o0729c,195.079029047619,-33.6297566666667,>20.14969935235077,0.0,1.77,c,22.144,58877.54870165,7508.95,7246.23,185.0,182.8,11.0,6.2,184.9,1097.3,395.3,1.12,2.79,2.54,1.0,3.0,-0.3897,18.74948530453529,10.56789171710171,19.59,30.0
01a58879o0692o,195.079032272727,-33.6297627272727,19.21,0.19,5.37,o,22.147,58879.53951175,4098.38,9209.63,239.0,181.8,45.1,8.4,182.4,1219.3,536.0,0.97,2.81,2.5,1.0,3.0,-0.3747,74.95172210568973,13.959965979773695,19.31,30.0
01a58879o0699o,195.079032272727,-33.6297627272727,>19.884786118095377,0.0,1.9,o,22.205,58879.54280745,4080.02,9170.91,210.0,179.5,15.4,8.1,180.1,409.9,567.4,0.92,2.85,2.59,1.0,3.0,-0.3797,25.610855759947043,13.470644912699418,19.36,30.0
01a58879o0710o,195.079032272727,-33.6297627272727,19.2,0.17,5.88,o,22.203,58879.54834125,4142.24,9249.96,240.0,181.3,52.9,9.0,175.4,-1178.9,610.6,0.75,2.64,2.38,1.0,3.0,-0.3937,75.996799200213,12.929512151264973,19.44,30.0
01a58879o0735o,195.079032272727,-33.6297627272727,19.84,0.27,3.49,o,22.056,58879.56065145,4161.12,9133.09,219.0,188.1,28.6,8.2,189.2,376.7,571.3,1.0,2.46,2.27,1.0,3.0,-0.4047,42.23628801262673,12.1097049546692,19.37,30.0
01a58883o0707o,195.079032272727,-33.6297627272727,19.64,0.25,3.81,o,22.236,58883.54462975,7217.1,5610.86,194.0,180.6,35.4,9.3,177.9,-157.7,571.9,1.15,2.7,2.41,1.0,3.0,-0.3797,50.436252937184875,13.25020204281976,19.3,30.0
01a58883o0714o,195.079032272727,-33.6297627272727,19.85,0.3,3.13,o,22.236,58883.54786355,7197.71,5573.04,207.0,181.7,31.3,10.0,183.0,701.6,550.6,1.14,2.62,2.3,1.0,3.0,-0.3947,41.872819995067886,13.377897762002522,19.31,30.0
01a58883o0730o,195.079032272727,-33.6297627272727,>19.814569890248638,0.0,2.75,o,22.241,58883.55568205,7256.21,5649.31,245.0,181.8,28.3,10.3,184.1,817.9,588.6,1.03,2.67,2.38,1.0,3.0,-0.3867,39.44876388067386,14.357677313460805,19.32,30.0
01a58887o0683o,195.079032272727,-33.6297627272727,>18.855258887649768,0.0,1.82,o,22.23,58887.53079095,7216.1,5611.43,183.0,182.1,28.7,15.8,186.4,2552.7,1327.8,1.06,3.51,2.9,1.0,3.0,-0.3547,62.85585761963755,34.603573184330074,18.26,30.0
01a58887o0690o,195.079032272727,-33.6297627272727,>19.31,0.0,3.0,o,22.236,58887.53401515,7196.88,5572.45,151.0,182.1,9.3,16.7,183.6,1764.8,1268.4,1.05,3.33,2.67,1.0,3.0,-0.3617,17.80726364586925,31.97648418129208,18.34,30.0
01a58887o0703o,195.079032272727,-33.6297627272727,>18.93238556310655,0.0,1.53,o,22.239,58887.54007465,7255.46,5649.76,267.0,184.7,26.4,17.2,183.1,-2289.4,1470.3,0.96,3.36,2.62,1.0,3.0,-0.3567,49.682477080055236,32.36888658246023,18.37,30.0
01a58887o0726o,195.079032272727,-33.6297627272727,>18.991564969692085,0.0,1.4,o,22.242,58887.55144415,7275.59,5534.04,146.0,181.8,22.8,16.3,180.6,-538.1,1331.6,1.17,3.37,2.6,1.0,3.0,-0.3647,42.90390685761692,30.672529902594555,18.37,30.0
01a58891o0427o,195.079032272727,-33.6297627272727,>18.56143359745592,0.0,1.28,o,22.158,58891.57653175,8426.22,9300.61,347.0,249.9,41.2,32.3,251.7,2680.9,2172.6,0.94,2.72,2.19,1.0,3.0,-0.3897,58.27321512247512,45.685069137280244,18.01,30.0
01a58891o0439o,195.079032272727,-33.6297627272727,>18.76,0.0,3.0,o,22.12,58891.58272925,8446.57,9339.53,201.0,224.3,-16.7,31.3,228.3,5224.9,2546.6,1.16,2.91,2.43,1.0,3.0,-0.3757,-28.666487291234805,53.728206719499966,17.81,30.0
01a58891o0446o,195.079032272727,-33.6297627272727,>19.0,0.0,3.0,o,22.222,58891.58613435,8388.95,9259.53,159.0,164.1,25.3,31.2,149.8,-8874.5,2575.0,0.79,2.71,2.29,1.0,3.0,-0.3857,35.017411495577406,43.18352721984248,18.22,30.0
01a58891o0470o,195.079032272727,-33.6297627272727,>18.93,0.0,3.0,o,22.205,58891.59799045,8372.98,9373.23,163.0,179.3,20.9,26.5,180.7,2563.9,2316.1,1.01,3.14,2.46,1.0,3.0,-0.3817,36.43927994650407,46.20291476470612,18.04,30.0
01a58895o0446o,195.079032272727,-33.6297627272727,>15.701095103767845,0.0,1.23,o,20.14,58895.58271275,8446.43,9338.09,109.0,151.9,70.3,57.2,162.0,11396.8,4896.0,1.05,2.96,2.41,1.0,3.0,-0.4167,783.110097669267,637.182042484809,17.41,30.0
01a58895o0482o,195.079032272727,-33.6297627272727,>19.51,0.0,3.0,o,21.581,58895.59982165,8388.69,9258.23,213.0,181.8,8.6,9.3,179.7,-892.1,589.4,1.0,2.82,2.57,1.0,3.0,-0.3877,25.13271625704045,27.178402464008858,18.68,30.0
01a58895o0503o,195.079032272727,-33.6297627272727,>19.79,0.0,3.0,o,21.982,58895.60994705,8372.19,9373.92,159.0,178.4,-15.7,9.7,180.2,454.4,634.3,0.88,2.98,2.6,1.0,3.0,-0.3937,-34.09164910534583,21.062993396296466,19.01,30.0
01a58895o0622o,195.079032272727,-33.6297627272727,>18.49,0.0,3.0,o,22.111,58895.66746605,8413.73,9315.46,187.0,195.4,15.2,23.3,193.9,1400.5,2762.9,1.21,3.79,3.18,1.0,3.0,-0.3897,45.422252081241616,69.62753115085064,17.49,30.0
01a58903o0673o,195.079032272727,-33.6297627272727,>20.19,0.0,3.0,o,22.238,58903.52695895,4090.93,1165.21,172.0,180.0,4.4,7.4,179.6,-40.3,497.1,0.85,3.26,2.74,1.0,3.0,-0.3537,8.386477471100408,14.104530292305233,19.24,30.0
01a58903o0680o,195.079032272727,-33.6297627272727,>19.94545096680613,0.0,1.61,o,22.242,58903.53018825,4071.24,1125.93,188.0,178.9,13.7,8.5,177.6,-74.8,585.0,1.13,2.93,2.33,1.0,3.0,-0.3827,20.422215460472927,12.670717621461305,19.39,30.0
01a58903o0691o,195.079032272727,-33.6297627272727,>20.35,0.0,3.0,o,22.244,58903.53579625,4126.52,1204.14,183.0,176.3,6.3,9.9,177.0,1138.8,648.9,0.74,2.61,2.21,1.0,3.0,-0.3907,7.978698895821734,12.537955407719867,19.47,30.0
01a58903o0713o,195.079032272727,-33.6297627272727,>19.82981211747236,0.0,1.53,o,22.242,58903.54605115,4144.57,1089.15,195.0,178.8,14.7,9.6,176.4,-384.7,623.2,0.69,2.94,2.28,1.0,3.0,-0.3877,21.615150186189947,14.116016448124046,19.35,30.0
01a58907o0606o,195.079032272727,-33.6297627272727,>20.34,0.0,3.0,o,22.222,58907.51765225,2105.8,9292.73,182.0,180.3,-2.3,9.0,179.0,-363.9,572.2,0.93,2.83,2.23,1.0,3.0,-0.3947,-3.264208413699055,12.772989444909348,19.42,30.0
01a58907o0614o,195.079032272727,-33.6297627272727,>19.93175416954853,0.0,1.17,o,22.222,58907.52193905,2086.44,9253.34,178.0,179.0,10.1,8.6,180.7,1144.9,613.0,1.04,2.95,2.26,1.0,3.0,-0.3917,15.101169219964026,12.858421316008972,19.39,30.0
01a58907o0628o,195.079032272727,-33.6297627272727,>19.88903454849146,0.0,1.2,o,22.222,58907.52911375,2147.21,9333.59,200.0,180.8,11.2,9.3,179.5,-484.1,708.9,0.69,2.91,2.2,1.0,3.0,-0.3997,16.199157865435538,13.45108644183487,19.45,30.0
01a58907o0649o,195.079032272727,-33.6297627272727,>19.960606767095797,0.0,1.03,o,22.223,58907.53926465,8406.41,1325.44,177.0,180.0,9.9,9.6,177.3,338.5,618.4,0.89,2.82,2.05,1.0,3.0,-0.4027,12.953791701068296,12.56125255861168,19.52,30.0
01a58911o0470o,195.079032272727,-33.6297627272727,>20.41,0.0,3.0,o,22.241,58911.51821585,2110.89,9300.91,189.0,181.1,-12.1,10.2,181.4,365.7,526.6,0.75,2.47,2.15,1.0,3.0,-0.3797,-14.00488441220813,11.805770330952308,19.52,30.0
01a58911o0485o,195.079032272727,-33.6297627272727,>20.5,0.0,3.0,o,22.24,58911.52542905,8484.65,1292.32,180.0,180.1,-3.9,10.9,181.8,-40.3,629.5,1.05,2.25,2.03,1.0,3.0,-0.3877,-3.914730850145321,10.941170837585638,19.6,30.0
01a58911o0491o,195.079032272727,-33.6297627272727,>20.5,0.0,3.0,o,22.241,58911.52835365,8424.22,1213.02,147.0,179.0,-12.3,9.9,181.0,334.6,610.1,1.11,2.35,2.13,1.0,3.0,-0.3847,-13.480665186071109,10.850291491227964,19.54,30.0
01a58911o0518o,195.079032272727,-33.6297627272727,>20.140895625830044,0.0,1.14,o,22.237,58911.54154425,8400.94,1327.88,188.0,179.8,12.1,10.6,182.0,589.4,604.1,0.86,2.22,2.02,1.0,3.0,-0.4037,12.13524250505452,10.63087359946925,19.63,30.0
01a58915o0557o,195.079032272727,-33.6297627272727,>15.330205146378741,0.0,1.49,o,19.896,58915.48254805,1078.25,3451.41,397.0,304.0,127.4,85.5,311.9,9234.1,6549.1,1.09,2.47,2.17,1.0,3.0,-0.4167,1335.0110499386128,895.9454063559764,14.93,30.0
01a58915o0565o,195.079032272727,-33.6297627272727,>16.7,0.0,3.0,o,20.614,58915.48624185,1059.79,3412.17,270.0,176.2,58.2,68.2,180.8,-2302.9,4145.3,0.77,2.57,2.1,1.0,3.0,-0.3717,304.11241358073715,356.36540560491886,15.93,30.0
01a58915o0597o,195.079032272727,-33.6297627272727,>14.74,0.0,3.0,o,18.873,58915.50152825,1119.71,3493.92,208.0,139.5,-156.1,86.7,147.8,7606.6,5496.7,1.12,2.35,2.21,1.0,3.0,-0.4017,-4010.7148340926274,2227.6039469303705,13.89,30.0
02a58917o0464o,195.079032272727,-33.6297627272727,>18.84,0.0,3.0,o,22.134,58917.44042285,10295.5,9292.02,-30.0,172.4,-75.1,40.3,172.9,1868.1,2214.9,0.92,2.44,2.11,1.0,3.0,-0.4557,-99.74036746527742,53.52246083689321,17.99,30.0
02a58917o0475o,195.079032272727,-33.6297627272727,>18.93,0.0,3.0,o,22.136,58917.44584515,10314.7,9332.28,203.0,168.5,-2.6,39.2,166.3,533.5,2448.3,1.33,2.37,2.06,1.0,3.0,-0.4477,-3.244499111995713,48.91706353470459,18.01,30.0
02a58917o0489o,195.079032272727,-33.6297627272727,>18.288398731654297,0.0,1.15,o,22.141,58917.45277325,10257.1,9251.41,277.0,168.2,60.0,52.2,172.3,5717.0,2916.5,0.76,2.27,1.94,1.0,3.0,-0.4487,67.28799423944349,58.54055498831585,18.05,30.0
02a58917o0512o,195.079032272727,-33.6297627272727,>19.05,0.0,3.0,o,22.142,58917.46397115,10239.5,9368.01,170.0,171.3,-39.6,41.1,170.1,-1912.4,2209.3,1.32,2.22,1.89,1.0,3.0,-0.4527,-42.42957775454871,44.03675873009979,18.09,30.0
02a58917o0520o,195.079032272727,-33.6297627272727,>18.93,0.0,3.0,o,22.141,58917.46832765,555.23,9273.75,-40.0,132.8,-0.6,46.1,144.6,6303.8,2628.1,0.89,2.22,1.88,1.0,3.0,-0.4487,-0.6377064643211349,48.9971133420072,18.18,30.0
02a58917o0526o,195.079032272727,-33.6297627272727,>18.94,0.0,3.0,o,22.142,58917.47157555,577.38,9308.27,168.0,158.9,29.9,40.0,162.9,-1960.5,2423.6,1.26,2.35,2.03,1.0,3.0,-0.4487,36.290573698746705,48.549262473239736,18.11,30.0
02a58917o0537o,195.079032272727,-33.6297627272727,>18.71,0.0,3.0,o,22.143,58917.47667885,519.73,9233.38,236.0,165.3,43.6,53.8,206.6,26444.3,3715.8,2.4,2.27,1.94,1.0,3.0,-0.4457,48.67128603175978,60.05768780983201,18.14,30.0
02a58917o0556o,195.079032272727,-33.6297627272727,>18.545555320421055,0.0,1.66,o,22.147,58917.48604765,499.88,9349.96,134.0,156.6,74.9,45.2,153.9,375.2,2278.8,1.17,2.18,1.83,1.0,3.0,-0.4567,76.2339014377079,46.00497122809609,18.23,30.0
01a58927o0147o,195.079032272727,-33.6297627272727,>20.39,0.0,3.0,o,22.223,58927.47752895,4723.82,7460.89,155.0,179.7,-4.3,10.9,176.5,-1175.6,707.0,0.98,2.32,2.13,1.0,3.0,-0.3997,-4.79617244001839,12.157739440976849,19.48,30.0
01a58927o0157o,195.079032272727,-33.6297627272727,>19.996454094830284,0.0,1.15,o,22.201,58927.48290785,5873.49,3137.32,186.0,180.8,10.9,9.5,179.2,250.8,668.5,0.82,2.53,2.24,1.0,3.0,-0.3807,13.981500505459497,12.185711449712405,19.4,30.0
01a58927o0163o,195.079032272727,-33.6297627272727,>19.07,0.0,3.0,o,20.946,58927.48624585,5811.25,3059.28,163.0,181.3,-6.4,9.5,185.1,131.4,593.8,1.0,2.53,2.34,1.0,3.0,-0.3807,-27.244265120182412,40.44070603777077,18.06,30.0
01a58927o0184o,195.079032272727,-33.6297627272727,>20.032558536256694,0.0,1.61,o,22.222,58927.49665175,5794.24,3175.47,183.0,178.6,17.2,10.7,177.3,63.1,772.1,0.75,2.29,2.11,1.0,3.0,-0.4017,18.81070747731144,11.70200988414142,19.51,30.0
02a58929o0319c,195.079032272727,-33.6297627272727,>20.49,0.0,3.0,c,22.034,58929.37030715,3913.81,3195.97,174.0,182.3,-7.2,7.4,183.3,1128.6,553.5,1.08,2.51,2.24,1.0,3.0,-0.4007,-10.884612727295577,11.186963080831562,19.5,30.0
02a58929o0330c,195.079032272727,-33.6297627272727,>19.95789191357324,0.0,1.56,c,22.049,58929.37581805,3926.99,3237.88,205.0,181.8,12.3,7.9,184.0,1362.1,444.6,0.85,2.71,2.2,1.0,3.0,-0.4087,19.590964985461294,12.58281490936132,19.49,30.0
02a58929o0356c,195.079032272727,-33.6297627272727,>20.49,0.0,3.0,c,22.076,58929.38854655,3871.45,3159.26,162.0,182.7,0.7,7.2,183.7,910.5,438.8,0.96,2.65,2.26,1.0,3.0,-0.4047,1.088456553053586,11.195553117122598,19.52,30.0
02a58929o0366c,195.079032272727,-33.6297627272727,>20.54,0.0,3.0,c,22.086,58929.39349115,3847.09,3275.61,166.0,182.0,-6.9,7.4,180.6,78.2,512.2,1.03,2.5,2.25,1.0,3.0,-0.3977,-9.920426934289836,10.63929845126736,19.56,30.0
02a58941o0445o,195.079032272727,-33.6297627272727,>20.15,0.0,3.0,o,22.098,58941.43791295,2696.31,7534.46,136.0,181.5,-9.1,14.6,182.1,630.7,714.8,1.16,2.2,1.87,1.0,3.0,-0.4437,-9.873347553456952,15.840755415436428,19.27,30.0
02a58941o0452o,195.079032272727,-33.6297627272727,>20.15,0.0,3.0,o,22.098,58941.44112015,2677.57,7497.16,203.0,183.2,2.9,14.6,184.1,-64.6,874.5,0.82,2.2,1.87,1.0,3.0,-0.4437,3.1464514181346326,15.840755415436428,19.23,30.0
02a58941o0464o,195.079032272727,-33.6297627272727,>20.08,0.0,3.0,o,22.098,58941.44661925,2736.64,7576.94,201.0,179.9,15.5,15.7,180.0,560.5,791.0,0.74,2.19,1.86,1.0,3.0,-0.4447,16.666618807209016,16.88167195310849,19.29,30.0
02a58941o0487o,195.079032272727,-33.6297627272727,>20.08,0.0,3.0,o,22.097,58941.45749385,2757.72,7460.15,202.0,178.8,14.8,15.4,178.4,1159.0,762.2,0.88,2.21,1.89,1.0,3.0,-0.4387,16.243310214338855,16.90182279059584,19.23,30.0
02a58941o0584o,195.079032272727,-33.6297627272727,>20.2,0.0,3.0,o,22.076,58941.50301295,2721.96,7521.38,202.0,176.9,6.3,13.7,174.1,623.6,735.5,0.89,2.2,1.86,1.0,3.0,-0.4417,6.925241450081575,15.059652042240886,19.38,30.0
01a58943o0162o,195.079032272727,-33.6297627272727,>16.79,0.0,3.0,o,20.902,58943.53030135,9335.85,5141.03,-3057.0,-3018.7,-67.2,75.4,-3012.8,-310.5,5055.9,0.47,2.48,2.36,1.0,3.0,-0.3837,-295.3192128201486,331.3551881940358,16.65,30.0
01a58943o0171o,195.079032272727,-33.6297627272727,>18.95,0.0,3.0,o,21.719,58943.53494175,9352.48,5182.54,207.0,210.1,-4.8,26.3,218.3,3941.9,1604.5,1.16,2.27,2.14,1.0,3.0,-0.3977,-8.356792393647112,45.78825832352481,18.05,30.0
01a58943o0181o,195.079032272727,-33.6297627272727,>15.72,0.0,3.0,o,19.706,58943.53969155,9295.56,5104.19,416.0,582.1,-84.2,78.4,585.0,1810.9,5178.8,1.13,2.24,2.24,1.0,3.0,-0.3937,-963.3117850919541,896.9553913445274,15.37,30.0
01a58943o0201o,195.079032272727,-33.6297627272727,>17.51,0.0,3.0,o,21.121,58943.54949505,9275.64,5221.29,-38.0,37.8,44.9,45.3,26.7,-1632.8,3786.6,0.94,2.57,2.4,1.0,3.0,-0.3857,170.2744363462415,171.79135782816795,17.13,30.0
02a58945o0065o,195.079032272727,-33.6297627272727,>18.82,0.0,3.0,o,22.065,58945.49814825,2699.16,7543.34,82.0,176.4,-37.9,40.9,173.0,2772.9,2502.7,0.77,2.41,2.01,1.0,3.0,-0.4367,-49.59193512884545,53.51741812057463,18.03,30.0
02a58945o0072o,195.079032272727,-33.6297627272727,>18.317640059577936,0.0,1.03,o,22.06,58945.50142685,2680.31,7503.21,166.0,171.9,43.4,42.2,174.4,-213.4,2417.0,0.76,2.44,2.06,1.0,3.0,-0.4307,58.87155694224795,57.24377195766967,17.9,30.0
02a58945o0084o,195.079032272727,-33.6297627272727,>18.75,0.0,3.0,o,22.051,58945.50696265,2740.41,7582.46,179.0,155.8,-12.3,41.0,164.3,7634.9,2486.6,0.8,2.45,2.08,1.0,3.0,-0.4297,-17.0409293553694,56.80309785123132,17.84,30.0
02a58945o0106o,195.079032272727,-33.6297627272727,>18.275524236222473,0.0,1.47,o,22.04,58945.51713625,2762.46,7465.6,240.0,154.5,63.8,43.4,156.2,3096.1,2424.1,0.8,2.41,2.05,1.0,3.0,-0.4387,87.28715281251901,59.37715410757563,17.87,30.0
02a58949o0459o,195.079032272727,-33.6297627272727,>19.32,0.0,3.0,o,22.111,58949.47836085,8983.32,3555.47,228.0,170.4,8.6,27.2,167.9,1351.5,1608.2,1.08,2.37,2.03,1.0,3.0,-0.4277,10.62433070179378,33.60253431265009,18.31,30.0
02a58949o0466o,195.079032272727,-33.6297627272727,>19.34,0.0,3.0,o,22.11,58949.48165975,8964.59,3518.11,188.0,167.1,-4.6,28.2,167.0,1913.0,1549.7,0.9,2.36,1.93,1.0,3.0,-0.4347,-5.419832800398413,33.22593151548593,18.36,30.0
02a58949o0478o,195.079032272727,-33.6297627272727,>19.29,0.0,3.0,o,22.109,58949.48735985,9022.69,3594.83,157.0,169.7,-8.5,29.4,165.0,-2408.7,1486.3,0.95,2.34,1.95,1.0,3.0,-0.4267,-9.96846158916861,34.479149496653775,18.35,30.0
02a58949o0499o,195.079032272727,-33.6297627272727,>19.28,0.0,3.0,o,22.102,58949.49717985,9042.38,3479.57,201.0,176.2,20.4,28.5,183.1,-239.8,1754.2,1.0,2.41,1.95,1.0,3.0,-0.4257,24.776534798498655,34.61427655672607,18.29,30.0
01a58951o0515o,195.079032272727,-33.6297627272727,>19.61,0.0,3.0,o,22.006,58951.46820945,2221.92,1104.68,134.0,197.0,-13.0,20.5,196.6,2696.1,1602.3,1.34,2.2,2.01,1.0,3.0,-0.4007,-15.860644677461051,25.01101660676551,18.59,30.0
01a58951o0523o,195.079032272727,-33.6297627272727,>19.7,0.0,3.0,o,22.138,58951.47189005,2242.44,1142.89,152.0,179.9,-22.1,19.0,179.1,-66.4,1251.3,0.86,2.38,2.09,1.0,3.0,-0.3857,-26.489530572935568,22.77380456496723,18.84,30.0
01a58951o0537o,195.079032272727,-33.6297627272727,>19.52,0.0,3.0,o,21.929,58951.47835825,2180.97,1066.63,220.0,224.0,-13.4,19.5,223.9,1719.5,1245.3,1.07,2.32,2.03,1.0,3.0,-0.3877,-18.4691779805319,26.876788852266568,18.42,30.0
01a58951o0566o,195.079032272727,-33.6297627272727,>18.92,0.0,3.0,o,21.747,58951.49312495,2162.13,1183.96,159.0,165.0,2.7,26.0,161.2,1524.9,1649.2,0.97,2.44,2.14,1.0,3.0,-0.3787,4.838671171358522,46.594611279748726,18.01,30.0
01a58955o0362o,195.079032272727,-33.6297627272727,>20.4,0.0,3.0,o,22.175,58955.39830195,7091.34,3674.68,163.0,175.2,-4.7,11.0,176.4,-666.5,662.0,0.92,2.24,2.09,1.0,3.0,-0.3937,-5.162391150975767,12.0821920554752,19.42,30.0
01a58955o0369o,195.079032272727,-33.6297627272727,>20.35,0.0,3.0,o,22.174,58955.40152705,7073.64,3637.22,179.0,175.8,-5.4,10.9,175.6,1141.0,721.3,0.91,2.3,2.14,1.0,3.0,-0.3907,-6.224351563463241,12.563968896620246,19.37,30.0
01a58955o0380o,195.079032272727,-33.6297627272727,>19.804804499056807,0.0,2.58,o,22.173,58955.40693055,3458.83,6859.23,171.0,177.4,28.6,11.1,177.9,1206.1,624.4,0.84,2.44,2.27,1.0,3.0,-0.3947,37.26837544330392,14.464299560163408,19.29,30.0
01a58955o0401o,195.079032272727,-33.6297627272727,>19.864589330803632,0.0,1.99,o,22.173,58955.41689795,3442.86,6974.99,182.0,181.4,20.9,10.5,178.8,243.9,618.0,0.97,2.45,2.25,1.0,3.0,-0.4007,27.2554673866667,13.692938160765568,19.3,30.0
02a58957o0297c,195.079032272727,-33.6297627272727,>18.51,0.0,3.0,c,20.443,58957.37956415,5397.47,6769.01,176.0,205.8,-0.7,8.3,206.4,668.7,678.1,0.87,2.86,2.5,1.0,3.0,-0.3767,-5.698529844238883,67.56828243883248,17.71,30.0
02a58957o0308c,195.079032272727,-33.6297627272727,>18.88,0.0,3.0,c,20.685,58957.38499835,5421.07,6802.74,213.0,202.7,1.7,7.4,202.4,-415.3,652.5,0.87,2.89,2.47,1.0,3.0,-0.3747,11.03576547797328,48.03803796294252,17.96,30.0
02a58957o0314c,195.079032272727,-33.6297627272727,>18.83810374991961,0.0,1.36,c,21.104,58957.38776205,5363.19,6726.64,211.0,199.5,11.8,8.7,197.1,-276.3,616.2,0.64,2.68,2.43,1.0,3.0,-0.3847,47.94925018628484,35.35241327293882,18.44,30.0
02a58957o0336c,195.079032272727,-33.6297627272727,>20.23,0.0,3.0,c,21.941,58957.39827495,5346.75,6842.05,182.0,187.4,-11.0,6.3,188.6,732.0,522.6,1.11,2.96,2.6,1.0,3.0,-0.3697,-24.0999693068646,13.802709693931545,19.19,30.0
01a58959o0415o,195.079032272727,-33.6297627272727,>20.25,0.0,3.0,o,22.2,58959.42514515,3502.79,6895.89,154.0,181.0,0.5,11.4,181.6,145.9,682.1,1.11,2.43,2.18,1.0,3.0,-0.3817,0.600608558970469,13.693875144526695,19.19,30.0
01a58959o0422o,195.079032272727,-33.6297627272727,>20.26,0.0,3.0,o,22.2,58959.42837105,3522.68,6933.9,176.0,181.0,3.9,13.5,178.3,-499.2,810.9,0.76,2.23,1.98,1.0,3.0,-0.4017,3.977346298052197,13.7677371855653,19.35,30.0
01a58959o0434o,195.079032272727,-33.6297627272727,>20.22,0.0,3.0,o,22.198,58959.43389495,3464.32,6857.18,142.0,179.6,-16.3,11.8,184.4,2619.6,781.8,0.93,2.43,2.15,1.0,3.0,-0.3887,-19.471126719202296,14.09566228752068,19.21,30.0
01a58959o0460o,195.079032272727,-33.6297627272727,>19.756236629160796,0.0,1.26,o,22.195,58959.44649315,3445.92,6973.42,182.0,175.2,16.1,12.8,173.7,-126.9,853.1,0.77,2.48,2.1,1.0,3.0,-0.3787,19.048272566613555,15.143968251717606,19.24,30.0
02a58961o0454c,195.079032272727,-33.6297627272727,>20.42,0.0,3.0,c,22.159,58961.43873415,5146.32,3789.87,190.0,180.9,4.5,7.5,179.3,-370.1,501.8,1.06,2.73,2.43,1.0,3.0,-0.3847,7.049205634613506,11.748676057689178,19.46,30.0
02a58961o0461c,195.079032272727,-33.6297627272727,>20.52,0.0,3.0,c,22.156,58961.44193575,5127.32,3750.79,194.0,180.2,1.4,7.0,179.0,-289.8,478.4,1.1,2.7,2.38,1.0,3.0,-0.3847,2.1302349326019607,10.651174663009806,19.5,30.0
02a58961o0476c,195.079032272727,-33.6297627272727,>20.44,0.0,3.0,c,22.152,58961.44921565,5181.39,3830.22,194.0,179.3,-5.7,7.4,179.0,-779.7,617.7,1.11,2.75,2.37,1.0,3.0,-0.3817,-8.804701577856687,11.43066520634026,19.52,30.0
02a58961o0501c,195.079032272727,-33.6297627272727,>20.39,0.0,3.0,c,22.14,58961.46114075,5205.38,3714.08,182.0,179.8,6.8,7.5,176.1,-1169.0,522.7,0.84,2.75,2.43,1.0,3.0,-0.3827,10.899501247239064,12.021508728572497,19.46,30.0
01a58963o0324o,195.079032272727,-33.6297627272727,>16.44,0.0,3.0,o,18.544,58963.38935035,1929.19,3360.54,143.0,156.2,0.7,10.2,156.2,225.2,738.8,0.93,2.69,2.54,1.0,3.0,-0.3977,31.918522658026063,465.0984730169513,15.49,30.0
01a58963o0331o,195.079032272727,-33.6297627272727,>16.18,0.0,3.0,o,18.219,58963.39257545,1949.52,3398.33,167.0,169.5,4.8,11.4,169.3,-387.3,890.0,0.89,2.4,2.4,1.0,3.0,-0.3997,249.3575177552331,592.2241046686786,15.29,30.0
01a58963o0344o,195.079032272727,-33.6297627272727,>16.85,0.0,3.0,o,18.898,58963.39856795,1890.83,3322.51,172.0,195.7,-15.0,12.6,196.2,1336.1,875.9,0.81,2.37,2.21,1.0,3.0,-0.3937,-377.04277578189027,316.7159316567878,16.0,30.0
01a58963o0369o,195.079032272727,-33.6297627272727,>17.4665622397746,0.0,1.64,o,19.785,58963.41008825,1869.98,3437.11,174.0,188.8,21.2,12.9,186.9,990.9,703.8,1.19,2.2,2.06,1.0,3.0,-0.4047,205.7711607362679,125.20981007065359,16.9,30.0
02a58965o0318c,195.079032272727,-33.6297627272727,>19.61,0.0,3.0,c,22.131,58965.37434605,31.97,9333.84,197.0,174.1,0.5,14.5,174.3,-1747.3,1050.5,0.97,2.78,2.54,1.0,3.0,-0.3917,0.8610081496086497,24.96923633865084,19.4,30.0
02a58965o0326c,195.079032272727,-33.6297627272727,>19.232972923794264,0.0,1.54,c,22.134,58965.37801665,12.96,9294.14,199.0,175.6,21.5,14.0,173.6,-19123.6,1228.6,1.26,2.81,2.57,1.0,3.0,-0.3927,37.79520005243524,24.610827941120625,19.39,30.0
02a58965o0338c,195.079032272727,-33.6297627272727,>19.88,0.0,3.0,c,22.133,58965.38356845,73.4,9374.4,169.0,178.0,-4.3,9.9,176.4,-1436.0,756.9,0.74,2.96,2.71,1.0,3.0,-0.3847,-8.342346086129552,19.206796802949434,19.33,30.0
02a58965o0365c,195.079032272727,-33.6297627272727,>20.02,0.0,3.0,c,22.097,58965.39598835,95.99,9257.82,171.0,179.0,-1.5,7.7,178.0,323.1,652.9,0.79,3.09,2.84,1.0,3.0,-0.3827,-3.284935327839804,16.862668016244324,19.29,30.0
02a58965o0372c,195.079032272727,-33.6297627272727,>20.33,0.0,3.0,c,22.102,58965.39921785,10293.4,9354.12,183.0,178.7,0.9,6.6,179.6,692.4,479.1,0.93,2.92,2.66,1.0,3.0,-0.3837,1.7380639141519563,12.745802037114345,19.32,30.0
02a58965o0379c,195.079032272727,-33.6297627272727,>20.004563837277377,0.0,1.17,c,22.127,58965.40242675,10274.2,9315.73,191.0,180.7,7.7,6.6,178.9,-240.4,559.0,1.02,2.87,2.59,1.0,3.0,-0.3917,14.00977405769365,12.00837776373741,19.38,30.0
02a58965o0392c,195.079032272727,-33.6297627272727,>20.38,0.0,3.0,c,22.126,58965.40844975,10335.8,9393.2,169.0,180.3,0.1,6.7,180.1,17.4,505.6,0.84,2.86,2.6,1.0,3.0,-0.3887,0.1816762371981946,12.172307892279036,19.37,30.0
02a58965o0416c,195.079032272727,-33.6297627272727,>20.3,0.0,3.0,c,22.125,58965.41945645,10356.1,9277.54,191.0,179.0,2.0,6.8,180.2,1402.3,506.9,0.9,2.95,2.68,1.0,3.0,-0.3887,3.866745163165326,13.14693355476211,19.28,30.0
01a58967o0260o,195.079032272727,-33.6297627272727,>20.22,0.0,3.0,o,22.177,58967.34398435,8642.64,7219.42,210.0,180.4,4.7,11.1,182.5,245.0,704.5,0.95,2.49,2.19,1.0,3.0,-0.3777,5.91425526480583,13.96770924241377,19.3,30.0
01a58967o0267o,195.079032272727,-33.6297627272727,>20.07,0.0,3.0,o,22.177,58967.34723425,8625.31,7182.47,191.0,178.3,3.6,11.2,176.6,-178.6,709.7,0.87,2.79,2.23,1.0,3.0,-0.3547,5.060230644566573,15.742939783096,19.19,30.0
01a58967o0275o,195.079032272727,-33.6297627272727,>20.21,0.0,3.0,o,22.18,58967.35091945,8683.68,7258.97,188.0,181.1,-1.7,12.0,180.1,560.0,611.9,0.86,2.49,2.05,1.0,3.0,-0.3867,-2.0135428434708094,14.213243600970419,19.31,30.0
01a58967o0286o,195.079032272727,-33.6297627272727,>20.3,0.0,3.0,o,22.183,58967.35598355,8702.81,7142.22,182.0,180.5,-16.1,12.2,182.0,956.7,626.2,0.74,2.42,1.92,1.0,3.0,-0.3887,-17.3420812250648,13.14120440657084,19.35,30.0
02a58969o0299o,195.079032272727,-33.6297627272727,>19.45,0.0,3.0,o,22.115,58969.36611025,37.89,9332.41,223.0,172.6,6.4,16.9,172.4,-1788.7,1342.8,0.9,2.83,2.43,1.0,3.0,-0.3977,10.952958152617764,28.92265512175628,19.11,30.0
02a58969o0306o,195.079032272727,-33.6297627272727,>19.37,0.0,3.0,o,22.116,58969.36932875,19.12,9292.67,156.0,175.3,15.2,21.7,178.5,-3412.5,1471.1,0.82,2.55,2.26,1.0,3.0,-0.4147,22.123353194371894,31.583997652491455,19.21,30.0
02a58969o0319o,195.079032272727,-33.6297627272727,>19.51,0.0,3.0,o,22.113,58969.37528935,79.24,9372.58,182.0,175.7,-9.6,10.9,172.0,-3203.7,1083.2,0.9,3.35,3.0,1.0,3.0,-0.3767,-23.593699300669783,26.788679414302152,18.9,30.0
02a58969o0329o,195.079032272727,-33.6297627272727,>20.06,0.0,3.0,o,22.114,58969.37988315,10297.7,9349.33,190.0,181.9,4.2,10.3,181.3,-17.4,615.1,0.93,2.75,2.35,1.0,3.0,-0.4037,6.798429398622141,16.672338763287634,19.14,30.0
02a58969o0336o,195.079032272727,-33.6297627272727,>20.14,0.0,3.0,o,22.117,58969.38309275,10278.1,9311.73,186.0,181.4,-11.2,10.9,182.0,427.8,621.8,1.01,2.53,2.25,1.0,3.0,-0.4157,-16.101999441313172,15.670695884849428,19.2,30.0
02a58969o0344o,195.079032272727,-33.6297627272727,>19.82,0.0,3.0,o,22.114,58969.38685485,102.15,9256.1,173.0,178.5,-3.0,12.6,180.9,744.0,852.9,0.85,2.75,2.38,1.0,3.0,-0.3937,-4.872924144480844,20.466281406819547,19.11,30.0
02a58969o0348o,195.079032272727,-33.6297627272727,>20.01,0.0,3.0,o,22.117,58969.38871015,10340.2,9389.45,168.0,180.9,1.7,9.5,179.9,-409.5,678.6,0.84,2.85,2.57,1.0,3.0,-0.4017,3.104457008655551,17.348436224839844,19.08,30.0
02a58969o0422o,195.079032272727,-33.6297627272727,>19.95,0.0,3.0,o,22.112,58969.42312595,10358.0,9273.2,167.0,180.2,-17.0,11.3,181.1,404.6,737.5,0.96,2.7,2.39,1.0,3.0,-0.4037,-27.527662293484106,18.297799053904143,19.08,30.0
02a58969o0474o,195.079032272727,-33.6297627272727,>19.81,0.0,3.0,o,22.098,58969.44716685,10323.0,9337.66,177.0,177.3,4.3,9.2,175.6,218.7,761.7,0.99,3.14,2.86,1.0,3.0,-0.3887,9.681059338324062,20.712964165716592,18.87,30.0
01a58971o0318o,195.079032272727,-33.6297627272727,>19.97,0.0,3.0,o,22.2,58971.37951415,7592.94,7162.36,187.0,180.9,11.4,14.2,180.2,455.5,860.9,1.0,2.62,2.1,1.0,3.0,-0.3477,13.784283057134152,17.169896439588154,19.03,30.0
01a58971o0325o,195.079032272727,-33.6297627272727,>20.03,0.0,3.0,o,22.2,58971.38273225,7611.91,7202.29,179.0,180.0,-2.9,15.8,182.1,1527.9,891.5,1.09,2.34,2.0,1.0,3.0,-0.3927,-3.1088702449448693,16.937982713837563,19.12,30.0
01a58971o0339o,195.079032272727,-33.6297627272727,>20.09,0.0,3.0,o,22.2,58971.38924855,7552.87,7123.55,213.0,181.8,-1.4,16.8,182.2,228.1,870.9,0.88,2.22,1.88,1.0,3.0,-0.3977,-1.344613925370575,16.1353671044469,19.13,30.0
01a58971o0362o,195.079032272727,-33.6297627272727,>20.12,0.0,3.0,o,22.197,58971.39993255,7534.97,7238.82,176.0,178.9,-29.2,15.8,184.7,2187.6,970.6,1.16,2.25,1.9,1.0,3.0,-0.3947,-28.72616930638997,15.543612158937039,19.12,30.0
02a58973o0348o,195.079032272727,-33.6297627272727,>19.45,0.0,3.0,o,22.128,58973.39345815,3149.37,5311.42,144.0,174.1,13.6,22.7,173.6,699.9,1362.3,1.08,2.6,1.99,1.0,3.0,-0.4187,17.641035666931657,29.44496394406976,18.5,30.0
02a58973o0359o,195.079032272727,-33.6297627272727,>19.48,0.0,3.0,o,22.126,58973.39856575,3130.06,5270.16,190.0,178.5,-7.4,21.8,184.7,3014.8,1303.9,1.0,2.63,2.0,1.0,3.0,-0.4137,-9.731419830037028,28.66823679659557,18.52,30.0
02a58973o0376o,195.079032272727,-33.6297627272727,>19.5,0.0,3.0,o,22.124,58973.40639655,3188.39,5354.21,165.0,170.8,10.4,22.8,169.8,1971.9,1355.3,0.88,2.5,1.97,1.0,3.0,-0.4217,12.924040771357728,28.333473998745784,18.51,30.0
02a58973o0386o,195.079032272727,-33.6297627272727,>19.52,0.0,3.0,o,22.12,58973.41126875,3209.7,5245.17,182.0,181.5,15.9,21.3,187.8,2281.0,1104.8,0.72,2.59,1.98,1.0,3.0,-0.4157,20.53623493088151,27.510805284765798,18.46,30.0
01a58979o0366o,195.079032272727,-33.6297627272727,>19.64,0.0,3.0,o,22.161,58979.40504405,2735.94,9636.71,163.0,178.5,8.8,18.7,180.1,1286.5,1215.1,1.27,2.45,2.23,1.0,3.0,-0.3987,11.479219619300654,24.39334169101389,18.67,30.0
01a58979o0383o,195.079032272727,-33.6297627272727,>19.58,0.0,3.0,o,22.183,58979.41291115,2754.9,9678.21,153.0,180.9,10.3,20.0,178.7,-387.5,1281.2,1.12,2.44,2.25,1.0,3.0,-0.3947,13.18160563756061,25.595350752544867,18.73,30.0
01a58979o0399o,195.079032272727,-33.6297627272727,>19.12,0.0,3.0,o,22.163,58979.42029785,2698.72,9598.63,168.0,172.3,0.4,12.1,171.1,-592.7,1160.7,1.09,3.78,3.61,1.0,3.0,-0.3397,1.2320199442418227,37.26860331331513,18.2,30.0
01a58979o0408o,195.079032272727,-33.6297627272727,>19.5,0.0,3.0,o,22.136,58979.42445325,2678.93,9717.91,163.0,179.6,-10.1,19.4,182.5,401.8,1379.1,0.97,2.53,2.31,1.0,3.0,-0.4027,-14.474801612730161,27.80308428583813,18.59,30.0
02a58981o0379o,195.079032272727,-33.6297627272727,>20.05,0.0,3.0,o,22.091,58981.40840135,4046.38,9201.82,176.0,178.0,-8.5,13.2,178.9,1488.8,908.2,0.76,2.42,2.06,1.0,3.0,-0.4187,-10.991583345027738,17.0692823711019,19.19,30.0
02a58981o0386o,195.079032272727,-33.6297627272727,>19.616388878052003,0.0,1.29,o,22.088,58981.41164265,4027.22,9163.73,173.0,179.2,17.2,13.3,179.2,-478.9,909.9,0.84,2.41,2.07,1.0,3.0,-0.4167,22.277916930314362,17.226528789138435,19.14,30.0
02a58981o0403o,195.079032272727,-33.6297627272727,>19.603785669149342,0.0,2.01,o,22.08,58981.41943165,4087.56,9241.09,204.0,181.2,27.1,13.5,177.4,646.8,774.9,1.18,2.4,2.04,1.0,3.0,-0.4227,34.895501590878055,17.38336795117542,19.11,30.0
02a58981o0429o,195.079032272727,-33.6297627272727,>19.495669403636775,0.0,1.09,o,22.07,58981.43136825,4109.81,9124.35,192.0,181.0,17.3,15.8,179.2,1860.5,914.6,0.91,2.31,1.97,1.0,3.0,-0.4307,21.051500389892187,19.22622578961252,19.04,30.0
01a58983o0255o,195.079032272727,-33.6297627272727,>20.32,0.0,3.0,o,22.202,58983.35470315,2738.41,9639.07,157.0,181.3,-15.4,12.4,179.5,414.3,715.5,1.15,2.26,2.02,1.0,3.0,-0.3897,-16.030212323416702,12.90744368898488,19.5,30.0
01a58983o0262o,195.079032272727,-33.6297627272727,>20.28,0.0,3.0,o,22.199,58983.35792365,2758.02,9677.33,196.0,181.1,0.1,12.7,179.2,-265.3,632.4,0.91,2.28,2.03,1.0,3.0,-0.3907,0.10592284332959657,13.452201102858764,19.47,30.0
01a58983o0276o,195.079032272727,-33.6297627272727,>20.32,0.0,3.0,o,22.2,58983.36436895,2701.03,9600.35,163.0,180.3,9.5,12.2,178.6,257.2,678.0,1.01,2.29,2.03,1.0,3.0,-0.3837,10.032608629628074,12.883981608575002,19.47,30.0
01a58983o0306o,195.079032272727,-33.6297627272727,>20.35,0.0,3.0,o,22.196,58983.37818505,2681.09,9717.85,182.0,181.2,2.7,12.3,184.9,1822.1,608.6,0.91,2.2,2.03,1.0,3.0,-0.3997,2.790237865968643,12.711083611634928,19.46,30.0
02a58985o0214c,195.079032272727,-33.6297627272727,>20.37,0.0,3.0,c,22.157,58985.33076145,4051.4,9198.42,197.0,181.5,1.5,8.2,182.5,82.5,623.7,0.9,2.66,2.38,1.0,3.0,-0.3927,2.2631252911016793,12.371751591355846,19.55,30.0
02a58985o0221c,195.079032272727,-33.6297627272727,>20.44,0.0,3.0,c,22.158,58985.33396275,4032.06,9160.09,187.0,181.6,6.3,7.6,183.3,524.1,494.0,1.0,2.69,2.38,1.0,3.0,-0.3867,9.550553281165458,11.521302370929757,19.54,30.0
02a58985o0234c,195.079032272727,-33.6297627272727,>20.44,0.0,3.0,c,22.156,58985.33996355,4091.78,9239.13,195.0,181.4,5.6,7.7,182.0,858.8,554.4,0.88,2.65,2.39,1.0,3.0,-0.3967,8.491619920244721,11.675977390336495,19.56,30.0
02a58985o0309c,195.079032272727,-33.6297627272727,>20.091870625402404,0.0,1.32,c,22.141,58985.37485845,4109.0,9122.38,201.0,181.7,9.4,7.1,182.3,295.4,397.1,1.07,2.72,2.39,1.0,3.0,-0.3857,14.68430525134942,11.091336945168177,19.56,30.0
01a58987o0201o,195.079032272727,-33.6297627272727,>20.4,0.0,3.0,o,22.198,58987.32331245,9789.01,2920.26,159.0,180.2,-15.2,13.5,181.0,735.8,677.6,0.93,2.1,1.84,1.0,3.0,-0.3977,-13.540648079988546,12.026233492095091,19.43,30.0
01a58987o0209o,195.079032272727,-33.6297627272727,>20.28,0.0,3.0,o,22.197,58987.32699945,9808.89,2959.02,181.0,180.2,-8.4,12.8,179.6,305.9,700.9,0.89,2.31,1.98,1.0,3.0,-0.3857,-8.768295983883894,13.361212927823075,19.4,30.0
01a58987o0221o,195.079032272727,-33.6297627272727,>20.22,0.0,3.0,o,22.196,58987.33253595,9749.52,2879.96,201.0,179.5,-5.1,13.4,179.0,1308.3,771.1,0.92,2.31,2.0,1.0,3.0,-0.3847,-5.377382096898473,14.128807862439128,19.39,30.0
01a58987o0247o,195.079032272727,-33.6297627272727,>20.38,0.0,3.0,o,22.195,58987.34451505,9729.58,2994.97,148.0,181.6,-12.0,13.1,180.1,-153.0,601.1,1.02,2.15,1.89,1.0,3.0,-0.3947,-11.24191391652367,12.272422692205007,19.47,30.0
02a58989o0207c,195.079032272727,-33.6297627272727,>20.58,0.0,3.0,c,22.166,58989.32928765,7175.93,5606.48,182.0,182.1,3.1,6.1,181.3,-576.4,411.0,1.1,2.81,2.51,1.0,3.0,-0.3817,5.115645959985944,10.066271082552985,19.54,30.0
02a58989o0214c,195.079032272727,-33.6297627272727,>20.47,0.0,3.0,c,22.166,58989.33252835,7156.76,5568.53,177.0,182.5,-7.1,6.4,184.0,759.4,472.5,0.93,2.88,2.59,1.0,3.0,-0.3817,-12.391085276506772,11.169428981639909,19.52,30.0
02a58989o0230c,195.079032272727,-33.6297627272727,>20.53,0.0,3.0,c,22.163,58989.33993645,7214.84,5646.36,176.0,179.8,-10.8,6.3,180.9,615.9,433.0,0.7,2.8,2.54,1.0,3.0,-0.3877,-18.120669888824462,10.570390768480934,19.58,30.0
02a58989o0254c,195.079032272727,-33.6297627272727,>20.54,0.0,3.0,c,22.161,58989.35098925,7234.79,5533.13,157.0,181.0,-1.5,5.9,179.6,126.1,417.6,0.91,2.91,2.6,1.0,3.0,-0.3767,-2.655316788174154,10.444246033485005,19.52,30.0
01a58991o0188o,195.079032272727,-33.6297627272727,>20.32,0.0,3.0,o,22.186,58991.31771185,9790.2,2921.54,170.0,179.1,-5.2,12.8,178.7,402.7,698.0,0.9,2.3,1.89,1.0,3.0,-0.3857,-5.2113678465745386,12.827982391568096,19.44,30.0
01a58991o0196o,195.079032272727,-33.6297627272727,>19.899062681115378,0.0,1.11,o,22.185,58991.32139455,9810.57,2960.72,182.0,178.8,14.3,12.9,177.7,233.7,684.1,0.74,2.33,1.93,1.0,3.0,-0.3807,14.770935876195649,13.324830265938731,19.45,30.0
01a58991o0208o,195.079032272727,-33.6297627272727,>20.24,0.0,3.0,o,22.183,58991.32697615,9750.3,2880.3,179.0,180.4,3.7,12.7,183.6,2230.5,718.6,0.89,2.42,1.94,1.0,3.0,-0.3797,3.993719559275828,13.70817254129811,19.38,30.0
01a58991o0230o,195.079032272727,-33.6297627272727,>20.48,0.0,3.0,o,22.183,58991.33711665,9729.64,2995.75,185.0,181.6,-10.3,13.4,182.5,510.4,618.8,0.8,2.04,1.76,1.0,3.0,-0.4017,-8.676384807575046,11.28772392441802,19.55,30.0
02a58993o0038c,195.079032272727,-33.6297627272727,>20.33,0.0,3.0,c,22.106,58993.38730325,7172.85,5614.07,213.0,180.8,-0.3,6.2,182.6,1216.5,469.1,1.01,3.07,2.7,1.0,3.0,-0.3707,-0.6086703402478715,12.579187031789345,19.39,30.0
02a58993o0046c,195.079032272727,-33.6297627272727,>19.921567506614114,0.0,1.36,c,22.102,58993.39102895,7153.44,5575.97,206.0,182.1,8.3,6.1,182.2,548.3,380.7,0.97,3.12,2.8,1.0,3.0,-0.3687,17.780724913436497,13.06776168336899,19.32,30.0
02a58993o0057c,195.079032272727,-33.6297627272727,>20.33,0.0,3.0,c,22.093,58993.39616065,7211.1,5650.47,200.0,180.5,-3.6,6.9,180.8,60.0,459.6,0.77,2.88,2.56,1.0,3.0,-0.3827,-6.648041152162872,12.742078874978837,19.44,30.0
02a58993o0079c,195.079032272727,-33.6297627272727,>20.42,0.0,3.0,c,22.077,58993.40625785,7233.32,5538.48,163.0,181.4,-6.2,6.8,181.0,585.3,433.7,1.17,2.75,2.45,1.0,3.0,-0.3847,-10.637736119439065,11.667194453578329,19.44,30.0
01a58995o0197o,195.079032272727,-33.6297627272727,>18.01,0.0,3.0,o,19.993,58995.32193625,4216.99,974.96,194.0,188.9,9.4,12.4,188.9,-87.4,801.3,0.94,2.49,2.01,1.0,3.0,-0.3517,79.22860393198363,104.51432859112735,17.19,30.0
01a58995o0206o,195.079032272727,-33.6297627272727,>19.2,0.0,3.0,o,21.116,58995.32611315,4236.35,1013.31,170.0,178.5,3.1,13.9,174.2,-426.7,814.5,0.66,2.27,1.85,1.0,3.0,-0.3827,8.018959585795645,35.955980078245,18.38,30.0
01a58995o0218o,195.079032272727,-33.6297627272727,>19.74,0.0,3.0,o,21.492,58995.33166125,4174.57,935.44,156.0,186.7,-18.6,12.9,186.2,450.6,781.1,0.77,2.17,1.79,1.0,3.0,-0.3897,-31.679947581795265,21.97157654866446,18.81,30.0
01a58995o0240o,195.079032272727,-33.6297627272727,>20.0,0.0,3.0,o,21.695,58995.34183525,4155.37,1052.38,182.0,173.6,7.5,11.8,171.1,-652.8,725.3,0.85,2.19,1.85,1.0,3.0,-0.3907,11.062055980278952,17.404301408972216,18.97,30.0
02a58997o0178o,195.079032272727,-33.6297627272727,>13.49,0.0,3.0,o,18.028,58997.31961865,2169.37,1210.92,41.0,-258.4,42.3,151.8,-231.7,1383.1,9193.2,1.03,2.28,1.88,1.0,3.0,-0.4337,2011.8324503041374,7219.767516694281,14.89,30.0
02a58997o0185o,195.079032272727,-33.6297627272727,>14.72,0.0,3.0,o,17.844,58997.32284345,2155.95,1169.74,117.0,192.3,-19.7,40.2,197.8,3029.5,2081.3,0.83,2.27,1.94,1.0,3.0,-0.4387,-1145.6515804623318,2337.8270829738954,14.62,30.0
02a58997o0199o,195.079032272727,-33.6297627272727,>17.69,0.0,3.0,o,19.351,58997.32930635,2214.04,1248.95,202.0,180.5,8.4,10.4,178.8,-878.5,551.8,0.89,2.28,1.95,1.0,3.0,-0.4277,121.84493755195302,150.8556369690847,16.16,30.0
02a58997o0224o,195.079032272727,-33.6297627272727,>19.57,0.0,3.0,o,21.385,58997.34081245,2234.36,1135.43,185.0,175.6,-16.1,12.0,177.0,1000.1,588.0,1.13,2.3,1.92,1.0,3.0,-0.4327,-35.79428453319416,26.678969838405582,18.43,30.0
02a58997o0331o,195.079032272727,-33.6297627272727,>19.92,0.0,3.0,o,21.912,58997.39049265,2200.61,1194.89,165.0,184.0,0.3,14.4,179.7,-1308.8,836.0,1.1,2.26,1.92,1.0,3.0,-0.4377,0.4052188762657909,19.450506060757967,19.08,30.0
01a58999o0201o,195.079032272727,-33.6297627272727,>20.21,0.0,3.0,o,22.191,58999.32602795,4213.67,974.29,189.0,183.6,-8.3,14.5,184.9,1759.2,917.2,1.26,2.32,1.84,1.0,3.0,-0.3767,-8.063853804985364,14.087455442444309,19.27,30.0
01a58999o0208o,195.079032272727,-33.6297627272727,>20.12,0.0,3.0,o,22.191,58999.32924945,4233.65,1012.66,186.0,175.6,13.2,14.8,173.8,905.2,889.2,0.84,2.43,1.87,1.0,3.0,-0.3687,13.55128741832214,15.1938677114521,19.24,30.0
01a58999o0220o,195.079032272727,-33.6297627272727,>20.09,0.0,3.0,o,22.189,58999.33483885,4172.69,934.91,209.0,180.5,10.3,15.2,179.1,2200.7,954.5,0.91,2.42,1.88,1.0,3.0,-0.3687,10.606428905012018,15.65220576273618,19.24,30.0
01a58999o0242o,195.079032272727,-33.6297627272727,>19.72774463851914,0.0,1.33,o,22.187,58999.34497685,4153.35,1051.47,191.0,181.8,20.1,15.1,176.9,-16.8,893.8,0.76,2.4,1.89,1.0,3.0,-0.3667,20.63611068366628,15.502749817082627,19.18,30.0
02a59001o0085o,195.079032272727,-33.6297627272727,>19.46,0.0,3.0,o,22.116,59001.30977135,2165.63,1207.63,178.0,161.8,7.5,20.2,161.0,1208.9,1444.5,0.82,2.57,2.22,1.0,3.0,-0.4237,10.896978811870456,29.34919626663776,18.59,30.0
02a59001o0093o,195.079032272727,-33.6297627272727,>19.58,0.0,3.0,o,22.114,59001.31346425,2146.52,1168.28,187.0,183.2,2.7,19.2,180.3,185.8,1279.9,1.0,2.52,2.13,1.0,3.0,-0.4217,3.6906482366555386,26.244609682883826,18.58,30.0
02a59001o0104o,195.079032272727,-33.6297627272727,>19.61,0.0,3.0,o,22.114,59001.31856195,2204.96,1251.04,195.0,184.4,-43.9,20.7,190.8,2699.3,1376.4,0.99,2.41,2.02,1.0,3.0,-0.4307,-54.87716629897389,25.876021466714338,18.62,30.0
02a59001o0180o,195.079032272727,-33.6297627272727,>19.078275900198534,0.0,1.01,o,22.097,59001.35413555,2234.49,1134.26,188.0,183.5,19.7,19.5,180.5,1060.7,1356.7,1.32,2.55,2.2,1.0,3.0,-0.4217,28.588267207915944,28.298030992607153,18.51,30.0
01a59003o0151o,195.079032272727,-33.6297627272727,>19.49,0.0,3.0,o,22.196,59003.31926765,5307.42,4840.44,101.0,167.9,-27.0,25.6,164.2,1250.6,1623.5,1.12,2.5,1.89,1.0,3.0,-0.3467,-28.114108870535976,26.656340262434114,18.51,30.0
01a59003o0158o,195.079032272727,-33.6297627272727,>19.5,0.0,3.0,o,22.195,59003.32249015,5326.39,4878.89,182.0,175.9,12.7,28.4,173.4,462.7,1627.4,0.67,2.28,1.85,1.0,3.0,-0.3757,12.135817633817426,27.138363842552355,18.55,30.0
01a59003o0172o,195.079032272727,-33.6297627272727,>19.4,0.0,3.0,o,22.192,59003.32895265,5267.01,4802.0,123.0,176.3,-49.9,28.3,183.7,3893.5,2106.5,1.2,2.41,1.92,1.0,3.0,-0.3587,-51.6389689317359,29.28622887310874,18.48,30.0
01a59003o0249o,195.079032272727,-33.6297627272727,>19.23,0.0,3.0,o,22.17,59003.36500065,5244.43,4919.37,144.0,197.5,-37.6,26.3,202.3,1979.7,1899.2,0.88,2.57,2.21,1.0,3.0,-0.3637,-48.963447328719724,34.24836874322683,18.26,30.0
02a59005o0162o,195.079032272727,-33.6297627272727,>19.17,0.0,3.0,o,22.12,59005.31389765,4077.5,1146.62,187.0,195.0,-28.6,30.0,194.3,2662.0,1849.3,1.13,2.45,2.06,1.0,3.0,-0.4177,-36.421521396114954,38.20439307284784,18.26,30.0
02a59005o0171o,195.079032272727,-33.6297627272727,>19.2,0.0,3.0,o,22.124,59005.31806325,4057.3,1106.1,138.0,188.7,-0.8,27.5,189.4,821.3,1693.2,1.19,2.51,2.14,1.0,3.0,-0.4217,-1.0842669675793972,37.271677010541765,18.23,30.0
02a59005o0187o,195.079032272727,-33.6297627272727,>19.11,0.0,3.0,o,22.118,59005.32549115,4116.25,1186.53,91.0,203.0,-42.4,25.4,204.4,1409.8,1908.7,1.16,2.67,2.35,1.0,3.0,-0.4207,-67.43785147578018,40.399090270868314,18.14,30.0
02a59005o0209o,195.079032272727,-33.6297627272727,>19.08,0.0,3.0,o,22.122,59005.33560815,4134.66,1069.72,95.0,194.9,-20.5,28.1,192.5,-785.7,1780.4,0.81,2.61,2.24,1.0,3.0,-0.4187,-30.213506551224363,41.41461141899534,18.14,30.0
01a59011o0158o,195.079032272727,-33.6297627272727,>20.22,0.0,3.0,o,22.19,59011.31070415,10333.8,9247.86,165.0,178.4,1.1,9.9,178.7,1747.1,665.7,1.21,2.69,2.3,1.0,3.0,-0.3587,1.5248655274372511,13.723789746935259,19.3,30.0
01a59011o0164o,195.079032272727,-33.6297627272727,>20.21,0.0,3.0,o,22.19,59011.31348525,10352.4,9288.56,145.0,181.5,-12.4,10.6,178.2,-184.4,653.5,1.13,2.58,2.27,1.0,3.0,-0.3737,-16.497798449220486,14.10295673884977,19.33,30.0
01a59011o0168o,195.079032272727,-33.6297627272727,>20.21,0.0,3.0,o,22.199,59011.31532765,600.36,9320.01,189.0,180.4,-2.6,9.9,179.4,180.4,650.6,0.98,2.7,2.33,1.0,3.0,-0.3562,-3.6262002076599367,13.80745463685899,19.33,30.0
01a59011o0177o,195.079032272727,-33.6297627272727,>20.16,0.0,3.0,o,22.199,59011.31948195,619.91,9357.99,181.0,180.7,-1.8,11.4,180.2,860.2,676.6,0.8,2.6,2.2,1.0,3.0,-0.3567,-2.283638095025209,14.463041268492988,19.38,30.0
01a59011o0178o,195.079032272727,-33.6297627272727,>20.24,0.0,3.0,o,22.188,59011.31994165,10292.6,9207.43,153.0,183.6,-11.2,10.9,183.9,-85.1,654.2,0.9,2.51,2.19,1.0,3.0,-0.3667,-13.92177479937138,13.548870117245361,19.38,30.0
01a59011o0190o,195.079032272727,-33.6297627272727,>20.28,0.0,3.0,o,22.196,59011.32547595,562.42,9281.74,175.0,181.8,-17.5,10.3,182.5,-41.2,546.8,1.08,2.6,2.18,1.0,3.0,-0.3567,-22.061073194884887,12.984517366132248,19.36,30.0
01a59011o0200o,195.079032272727,-33.6297627272727,>19.830594044140412,0.0,1.11,o,22.181,59011.33011085,10275.8,9326.48,205.0,182.9,12.1,10.9,183.8,1258.6,727.3,1.09,2.49,2.27,1.0,3.0,-0.3737,15.666403931224004,14.112710979367078,19.34,30.0
01a59011o0212o,195.079032272727,-33.6297627272727,>20.15,0.0,3.0,o,22.188,59011.33566865,541.92,9400.74,185.0,181.1,10.5,12.2,182.3,420.4,714.2,0.76,2.49,2.15,1.0,3.0,-0.3697,12.746350347230104,14.81004516535307,19.38,30.0
01a59015o0103o,195.079032272727,-33.6297627272727,>19.874431133070594,0.0,1.02,o,22.201,59015.28518855,10331.9,9248.79,177.0,180.9,12.7,12.5,182.9,1507.9,748.1,0.83,2.39,2.0,1.0,3.0,-0.3817,13.752775791760858,13.536196645433915,19.43,30.0
01a59015o0115o,195.079032272727,-33.6297627272727,>20.3,0.0,3.0,o,22.201,59015.29072175,10352.7,9288.74,156.0,181.2,-2.1,11.1,180.3,430.9,623.4,1.09,2.53,2.05,1.0,3.0,-0.3717,-2.4448511452424784,12.922784624853099,19.4,30.0
01a59015o0121o,195.079032272727,-33.6297627272727,>20.32,0.0,3.0,o,22.198,59015.29349375,10293.1,9207.68,169.0,181.1,-6.0,11.5,181.4,986.5,620.0,1.05,2.45,2.01,1.0,3.0,-0.3707,-6.644650421910882,12.73557997532919,19.41,30.0
01a59015o0129o,195.079032272727,-33.6297627272727,>20.24,0.0,3.0,o,22.206,59015.29717965,599.68,9320.81,163.0,181.5,0.1,13.5,180.2,1294.4,795.4,0.88,2.34,1.93,1.0,3.0,-0.3797,0.10165574130073299,13.723525075598952,19.52,30.0
01a59015o0138o,195.079032272727,-33.6297627272727,>20.21,0.0,3.0,o,22.203,59015.30132585,619.01,9359.05,200.0,179.0,-2.7,12.2,180.9,707.5,679.8,0.76,2.46,2.08,1.0,3.0,-0.3697,-3.089733000842407,13.961015781584207,19.41,30.0
01a59015o0144o,195.079032272727,-33.6297627272727,>20.3,0.0,3.0,o,22.195,59015.30408605,10274.9,9325.12,156.0,183.3,-1.8,11.1,186.2,1764.7,624.2,1.02,2.49,2.07,1.0,3.0,-0.3687,-2.0883387301170506,12.878088835721814,19.42,30.0
01a59015o0152o,195.079032272727,-33.6297627272727,>20.23,0.0,3.0,o,22.202,59015.30777835,561.5,9282.62,155.0,180.4,-20.3,12.9,186.1,1657.8,706.0,0.8,2.38,2.01,1.0,3.0,-0.3757,-21.858874552188187,13.890614863213182,19.46,30.0
01a59015o0174o,195.079032272727,-33.6297627272727,>20.2,0.0,3.0,o,22.197,59015.31794485,541.4,9400.64,204.0,181.4,9.4,12.1,179.9,-1037.0,684.6,0.89,2.46,2.11,1.0,3.0,-0.3667,10.942187724666752,14.085156539198692,19.36,30.0
02a59016o0038c,195.079032272727,-33.6297627272727,>20.1,0.0,3.0,c,22.056,59016.25930475,2060.11,9265.37,199.0,183.4,7.9,8.9,184.4,932.1,636.0,1.26,2.78,2.44,1.0,3.0,-0.3747,13.785434491755547,15.530426199572705,19.18,30.0
02a59016o0054c,195.079032272727,-33.6297627272727,>19.911758987471863,0.0,2.34,c,21.901,59016.26668255,2041.4,9227.3,217.0,183.6,15.7,6.7,185.5,2227.5,434.5,0.98,2.74,2.4,1.0,3.0,-0.3817,30.83331375269546,13.15816574159615,19.23,30.0
02a59016o0061c,195.079032272727,-33.6297627272727,>20.11,0.0,3.0,c,21.816,59016.26990405,2101.31,9307.03,189.0,185.9,1.0,7.7,187.9,1352.0,592.8,0.86,2.66,2.36,1.0,3.0,-0.3847,2.033070247772707,15.65464090784985,19.23,30.0
02a59016o0086c,195.079032272727,-33.6297627272727,>20.39,0.0,3.0,c,22.145,59016.28147975,2122.9,9192.02,195.0,181.5,-4.5,7.1,182.3,95.6,472.4,1.12,2.84,2.49,1.0,3.0,-0.3767,-7.555947752093502,11.92160645330308,19.52,30.0
02a59017o0102c,195.079032272727,-33.6297627272727,>20.34,0.0,3.0,c,22.131,59017.28931095,2058.29,9266.97,182.0,181.3,1.5,8.1,183.0,630.4,483.9,1.04,2.72,2.37,1.0,3.0,-0.3867,2.3472927337918876,12.675380762476193,19.5,30.0
02a59017o0111c,195.079032272727,-33.6297627272727,>20.34,0.0,3.0,c,22.131,59017.29345845,2037.93,9227.75,178.0,181.4,-1.6,8.1,181.6,281.4,458.3,0.87,2.69,2.39,1.0,3.0,-0.3937,-2.5132107510939496,12.723129427413118,19.5,30.0
02a59017o0123c,195.079032272727,-33.6297627272727,>20.39,0.0,3.0,c,22.122,59017.29910575,2097.8,9306.63,179.0,181.7,-0.3,7.5,184.6,1660.5,455.4,0.88,2.76,2.38,1.0,3.0,-0.3807,-0.4796959359973606,11.992398399934014,19.49,30.0
02a59017o0145c,195.079032272727,-33.6297627272727,>20.38,0.0,3.0,c,22.109,59017.30921375,2120.17,9194.18,218.0,181.5,5.1,7.7,182.4,938.1,465.4,1.0,2.7,2.36,1.0,3.0,-0.3837,8.027950546672784,12.120631217525577,19.51,30.0
01a59019o0131o,195.079032272727,-33.6297627272727,>19.35,0.0,3.0,o,20.825,59019.29750095,3907.38,3250.67,193.0,191.5,-7.0,8.1,192.0,756.6,548.1,1.2,2.35,2.05,1.0,3.0,-0.3797,-27.08186124425307,31.337582296921408,18.12,30.0
01a59019o0169o,195.079032272727,-33.6297627272727,>16.23,0.0,3.0,o,17.875,59019.31503725,3829.15,3290.16,196.0,184.4,9.1,9.7,183.8,-143.2,522.5,1.03,2.35,2.0,1.0,3.0,-0.3797,519.8738773587918,554.1512758659647,15.26,30.0
02a59021o0038c,195.079032272727,-33.6297627272727,>20.36,0.0,3.0,c,22.172,59021.26023215,1055.92,3422.67,165.0,181.4,-20.8,8.8,182.3,-176.1,506.4,0.84,2.62,2.31,1.0,3.0,-0.3887,-29.48053437603497,12.472533774476336,19.39,30.0
02a59021o0050c,195.079032272727,-33.6297627272727,>20.59,0.0,3.0,c,22.172,59021.26573405,1036.41,3381.0,180.0,181.6,-12.5,6.7,183.2,150.2,486.2,0.94,2.7,2.38,1.0,3.0,-0.3877,-18.79357837783848,10.073358010521426,19.53,30.0
02a59021o0057c,195.079032272727,-33.6297627272727,>20.61,0.0,3.0,c,22.167,59021.26894915,1095.81,3461.33,175.0,182.7,6.3,6.4,182.8,1307.8,455.1,1.14,2.56,2.56,1.0,3.0,-0.3817,9.65115355109324,9.804346464602654,19.57,30.0
02a59021o0079c,195.079032272727,-33.6297627272727,>20.6,0.0,3.0,c,22.16,59021.27911415,1117.73,3342.61,188.0,182.0,-7.3,6.4,182.7,299.2,356.8,0.82,2.72,2.41,1.0,3.0,-0.3857,-11.299716615998795,9.90660086882086,19.58,30.0
01a59023o0048o,195.079032272727,-33.6297627272727,>19.07,0.0,3.0,o,21.342,59023.30295135,3887.44,3210.82,164.0,200.6,4.5,15.5,199.8,-836.0,1009.7,0.91,2.6,2.02,1.0,3.0,-0.3527,11.499950645056472,39.61094111075007,18.49,30.0
01a59023o0055o,195.079032272727,-33.6297627272727,>19.44,0.0,3.0,o,21.276,59023.30617285,3907.12,3249.1,176.0,188.5,-18.0,10.5,189.6,428.7,729.3,0.87,2.59,1.99,1.0,3.0,-0.3627,-48.41546316511121,28.24235351298154,18.46,30.0
01a59023o0067o,195.079032272727,-33.6297627272727,>18.72655700869024,0.0,1.05,o,20.982,59023.31169355,3846.15,3171.94,202.0,196.6,13.5,12.9,197.3,875.2,764.0,1.37,2.3,1.89,1.0,3.0,-0.3807,40.82086036857265,39.0065999077472,18.21,30.0
01a59023o0091o,195.079032272727,-33.6297627272727,>20.25,0.0,3.0,o,22.015,59023.32275105,3827.71,3288.15,190.0,181.7,-7.5,10.4,183.4,785.7,589.3,1.04,2.46,1.98,1.0,3.0,-0.3677,-9.696618428651924,13.445977554397336,19.21,30.0
01a59027o0066o,195.079032272727,-33.6297627272727,>20.14,0.0,3.0,o,22.233,59027.26985225,4628.33,9496.25,159.0,181.2,1.0,14.4,180.0,-1478.8,827.4,1.24,2.47,1.93,1.0,3.0,-0.3797,1.0466777871140698,15.072160134442605,19.32,30.0
01a59027o0074o,195.079032272727,-33.6297627272727,>20.09,0.0,3.0,o,22.233,59027.27354015,4647.44,9534.98,169.0,181.4,-10.4,15.5,176.3,430.6,835.4,0.75,2.43,1.91,1.0,3.0,-0.3827,-10.627514970856243,15.83908481233382,19.3,30.0
01a59027o0087o,195.079032272727,-33.6297627272727,>20.19,0.0,3.0,o,22.231,59027.27952395,4589.71,9457.43,156.0,178.3,-21.9,13.2,181.9,888.2,856.4,1.09,2.51,1.97,1.0,3.0,-0.3817,-23.86397622962061,14.38376649456585,19.26,30.0
01a59027o0115o,195.079032272727,-33.6297627272727,>19.87262553359629,0.0,1.07,o,22.225,59027.29243355,4570.31,9575.63,176.0,180.2,14.9,13.9,178.9,-37.1,789.1,1.43,2.25,1.94,1.0,3.0,-0.3977,14.626124360017966,13.644505275453005,19.37,30.0
02a59029o0082o,195.079032272727,-33.6297627272727,>19.71,0.0,3.0,o,22.098,59029.28126085,4680.38,7456.77,131.0,180.1,-29.5,19.7,181.3,1818.0,975.2,0.89,2.39,1.91,1.0,3.0,-0.4217,-34.80262720063225,23.24107646957475,18.82,30.0
02a59029o0092o,195.079032272727,-33.6297627272727,>19.379165991431865,0.0,1.09,o,22.093,59029.28588535,4661.13,7416.69,183.0,178.7,19.7,18.1,179.3,873.0,1195.1,0.92,2.38,1.93,1.0,3.0,-0.4187,23.429295909862223,21.52640893241149,18.77,30.0
02a59029o0108o,195.079032272727,-33.6297627272727,>19.77,0.0,3.0,o,22.086,59029.29324255,4720.51,7494.43,162.0,182.8,-13.8,19.8,183.7,-259.0,1107.6,0.91,2.26,1.88,1.0,3.0,-0.4297,-15.434910661447953,22.14574138381663,18.77,30.0
02a59029o0130o,195.079032272727,-33.6297627272727,>19.77,0.0,3.0,o,22.075,59029.30340545,4741.27,7379.91,217.0,176.9,18.2,18.8,172.3,1121.1,1146.1,0.96,2.3,1.94,1.0,3.0,-0.4267,21.53573503402459,22.245704320860565,18.76,30.0
01a59031o0038o,195.079032272727,-33.6297627272727,>19.47,0.0,3.0,o,22.257,59031.25711425,4627.07,9493.09,180.0,182.0,-22.4,20.7,177.8,-746.1,1357.8,1.14,2.92,2.16,1.0,3.0,-0.3167,-28.631451542329977,26.45852888063529,18.58,30.0
01a59031o0046o,195.079032272727,-33.6297627272727,>19.53,0.0,3.0,o,22.255,59031.26080075,4646.25,9531.41,113.0,183.4,-33.0,20.4,186.1,790.1,1491.5,0.81,2.83,2.14,1.0,3.0,-0.3227,-40.801196031866475,25.222557546972002,18.64,30.0
01a59031o0057o,195.079032272727,-33.6297627272727,>19.58,0.0,3.0,o,22.253,59031.26597965,4589.38,9453.63,95.0,182.5,-0.4,19.4,182.7,1775.2,1232.4,1.26,2.81,2.16,1.0,3.0,-0.3267,-0.49840088826484563,24.17244308084501,18.63,30.0
01a59031o0085o,195.079032272727,-33.6297627272727,>19.6,0.0,3.0,o,22.247,59031.27888605,4569.65,9571.78,209.0,177.3,12.1,22.8,177.7,1331.3,1368.2,0.9,2.55,1.97,1.0,3.0,-0.3527,12.851402396079727,24.21586567195188,18.68,30.0
02a59033o0067o,195.079032272727,-33.6297627272727,>19.32,0.0,3.0,o,22.096,59033.28380825,4679.56,7453.14,212.0,183.7,-3.7,21.2,183.3,647.6,1338.1,1.42,2.83,2.15,1.0,3.0,-0.4057,-5.743615578618481,32.90936493694913,18.41,30.0
02a59033o0074o,195.079032272727,-33.6297627272727,>19.37,0.0,3.0,o,22.093,59033.28701555,4659.86,7413.0,146.0,177.5,-26.2,20.5,181.3,-8.3,1359.9,1.02,2.82,2.13,1.0,3.0,-0.4122,-40.503145150131516,31.691392197621987,18.42,30.0
02a59033o0086o,195.079032272727,-33.6297627272727,>19.49,0.0,3.0,o,22.088,59033.29252295,4721.03,7492.98,97.0,180.0,-40.4,21.3,182.3,1843.5,1157.7,1.03,2.53,2.04,1.0,3.0,-0.4267,-54.63749742031105,28.806403342886764,18.45,30.0
02a59033o0108o,195.079032272727,-33.6297627272727,>19.34,0.0,3.0,o,22.073,59033.30278025,4740.41,7378.84,182.0,172.6,10.0,22.9,166.2,194.5,1375.0,1.06,2.61,2.07,1.0,3.0,-0.4217,14.287939351225168,32.719381114305634,18.37,30.0
02a59037o0093o,195.079032272727,-33.6297627272727,>19.61751203274383,0.0,1.12,o,22.091,59037.28575465,9126.04,5490.64,202.0,181.8,14.3,12.8,177.5,-576.3,678.4,0.89,2.53,2.04,1.0,3.0,-0.4227,19.215224874391183,17.19964184560889,19.17,30.0
02a59037o0104o,195.079032272727,-33.6297627272727,>20.02,0.0,3.0,o,22.087,59037.29082135,9106.53,5453.63,188.0,180.1,2.9,13.7,179.4,1545.4,830.6,1.02,2.45,2.0,1.0,3.0,-0.4257,3.7235125606995805,17.590386924684225,19.08,30.0
02a59037o0126o,195.079032272727,-33.6297627272727,>19.82,0.0,3.0,o,22.074,59037.30094445,9165.82,5527.51,231.0,180.0,15.6,15.9,178.9,-242.6,782.7,0.82,2.45,2.05,1.0,3.0,-0.4157,20.58748468254395,20.983397849515956,18.9,30.0
02a59037o0133o,195.079032272727,-33.6297627272727,>19.77,0.0,3.0,o,22.069,59037.30415695,9184.6,5411.52,175.0,181.7,-13.2,17.6,177.2,91.7,947.8,0.67,2.38,1.99,1.0,3.0,-0.4247,-16.640359705169438,22.18714627355925,18.85,30.0
01a59039o0035o,195.079032272727,-33.6297627272727,>19.91,0.0,3.0,o,22.229,59039.25499005,7805.38,2994.57,193.0,182.6,-4.5,13.8,184.6,925.4,874.3,1.06,2.78,2.21,1.0,3.0,-0.3397,-5.872301274372341,18.008390574741842,18.88,30.0
01a59039o0042o,195.079032272727,-33.6297627272727,>19.96,0.0,3.0,o,22.224,59039.25821225,7825.34,3033.09,180.0,183.5,-23.4,10.9,183.5,1350.4,784.9,0.88,2.93,2.52,1.0,3.0,-0.3507,-37.242837648389475,17.34815941741219,18.96,30.0
01a59039o0054o,195.079032272727,-33.6297627272727,>19.823608268165383,0.0,1.95,o,22.219,59039.26374215,7766.21,2955.25,188.0,180.8,20.5,10.5,179.2,1240.8,706.2,0.95,2.69,2.3,1.0,3.0,-0.3617,27.74551065244434,14.21111521222759,19.18,30.0
01a59039o0078o,195.079032272727,-33.6297627272727,>19.68880721757366,0.0,1.22,o,22.207,59039.27481715,7746.97,3072.14,181.0,182.2,9.6,7.9,182.8,1263.7,590.1,1.11,3.31,2.89,1.0,3.0,-0.3247,19.631605345994032,16.15517523264092,19.04,30.0
02a59041o0019c,195.079032272727,-33.6297627272727,>18.79,0.0,3.0,c,22.149,59041.25223165,9136.31,5487.23,169.0,172.7,23.1,33.6,178.5,2746.9,2471.8,0.93,2.85,2.31,1.0,3.0,-0.4177,37.36178053745053,54.34440805447349,17.91,30.0
02a59041o0025c,195.079032272727,-33.6297627272727,>19.4,0.0,3.0,c,22.137,59041.25506395,9118.27,5448.48,196.0,176.6,8.2,18.9,176.1,698.1,1244.2,0.95,2.71,2.43,1.0,3.0,-0.3877,13.048126609720486,30.074340600453315,18.53,30.0
02a59041o0037c,195.079032272727,-33.6297627272727,>20.19,0.0,3.0,c,22.126,59041.26056635,9178.44,5524.33,170.0,180.8,-9.8,8.7,180.9,236.0,646.5,1.0,2.77,2.46,1.0,3.0,-0.3897,-16.330508090706008,14.497491876443085,19.19,30.0
02a59041o0061c,195.079032272727,-33.6297627272727,>20.42,0.0,3.0,c,22.109,59041.27162015,9198.1,5409.68,219.0,182.0,0.8,7.3,182.7,203.0,383.0,0.79,2.69,2.41,1.0,3.0,-0.3877,1.285932151358609,11.734130881147307,19.47,30.0
01a59043o0007o,195.079032272727,-33.6297627272727,>17.66,0.0,3.0,o,20.53,59043.25125815,1572.85,7035.22,195.0,173.1,-13.3,18.0,175.0,102.6,1701.2,0.9,3.17,2.47,1.0,3.0,-0.3017,-102.13312061788716,138.2252760242082,16.74,30.0
01a59043o0014o,195.079032272727,-33.6297627272727,>18.18,0.0,3.0,o,21.414,59043.25448365,1591.99,7072.17,172.0,194.5,0.1,25.4,193.3,1611.6,1805.7,1.14,3.22,2.41,1.0,3.0,-0.3107,0.3399630051185879,86.3506033001213,18.12,30.0
01a59043o0031o,195.079032272727,-33.6297627272727,>19.05,0.0,3.0,o,21.504,59043.26230015,1532.71,6995.2,175.0,194.4,-2.8,16.2,196.0,1568.1,1207.8,1.03,2.83,2.1,1.0,3.0,-0.3457,-6.929828820625112,40.0940096050453,18.64,30.0
01a59043o0053o,195.079032272727,-33.6297627272727,>19.895077173106213,0.0,1.09,o,22.115,59043.27243465,1513.9,7112.18,181.0,182.2,11.6,10.6,182.8,437.2,573.3,1.17,2.58,2.0,1.0,3.0,-0.3707,14.530027495847524,13.27743891861929,19.37,30.0
01a59051o0018o,195.079032272727,-33.6297627272727,>19.45,0.0,3.0,o,22.213,59051.24654045,5402.36,6768.61,232.0,182.7,-61.1,35.5,194.1,1977.5,1889.7,1.07,1.97,1.82,1.0,3.0,-0.4157,-50.645115938219774,29.425558360176794,18.46,30.0
01a59051o0025o,195.079032272727,-33.6297627272727,>19.75,0.0,3.0,o,22.207,59051.24976025,5425.46,6808.76,213.0,178.8,-8.4,22.4,180.7,2275.6,1247.8,0.96,2.29,1.88,1.0,3.0,-0.3847,-8.170175075242865,21.787133533980967,18.85,30.0
01a59051o0042o,195.079032272727,-33.6297627272727,>20.29,0.0,3.0,o,22.195,59051.25760285,5368.61,6732.79,151.0,178.9,-17.9,14.0,178.3,1832.1,709.0,0.96,2.25,1.83,1.0,3.0,-0.3947,-16.992034614413342,13.289859474960156,19.36,30.0
01a59051o0070o,195.079032272727,-33.6297627272727,>20.24,0.0,3.0,o,22.176,59051.27064995,5350.98,6849.84,171.0,179.4,-23.8,16.2,178.2,349.9,766.2,0.63,2.07,1.77,1.0,3.0,-0.4087,-20.72427345616763,14.106438234870403,19.44,30.0

