#expname,ra,dec,mag,dm,snr,filter,zp,mjd,x,y,peakval,skyval,peakfit,dpeak,skyfit,flux,dflux,chin,major,minor,snrdet,snrlimit,apfit,uJy,duJy,mag5sig,texp
02a60040o0826o,320.91427,39.58082666666667,>18.63,0.0,3.0,o,21.983,60040.61798815,8900.07,7681.84,151.0,171.7,3.3,28.5,176.8,3093.5,2211.9,0.85,2.94,2.63,1.0,3.0,-0.4107,7.257311494827997,62.67678109169633,18.01,30.0
02a60040o0837o,320.91427,39.58082666666667,>18.95,0.0,3.0,o,22.004,60040.62349935,8927.16,7721.02,107.0,179.7,-28.9,36.5,192.7,2365.5,1919.3,1.0,2.33,1.96,1.0,3.0,-0.4527,-38.27089162502634,48.3352091457945,18.34,30.0
02a60040o0858o,320.91427,39.58082666666667,>18.78,0.0,3.0,o,21.986,60040.63366835,8872.54,7644.13,144.0,176.7,-2.0,34.8,168.5,-1556.3,2377.1,0.92,2.54,2.17,1.0,3.0,-0.4307,-3.184800196801181,55.41552342434054,18.16,30.0
02a60050o0766o,320.91427,39.58082666666667,18.79,0.16,6.11,o,22.063,60050.60428095,7576.37,9760.67,261.0,182.3,90.5,14.8,183.9,162.7,840.4,0.82,2.26,1.93,1.0,3.0,-0.4797,111.14068588802947,18.175493382793768,19.17,30.0
02a60050o0786o,320.91427,39.58082666666667,19.05,0.21,4.67,o,22.065,60050.61428205,7602.47,9799.98,224.0,182.0,67.2,14.4,182.7,1551.9,833.0,0.86,2.37,1.98,1.0,3.0,-0.4657,87.48660317769978,18.747129252364235,19.16,30.0
02a60050o0808o,320.91427,39.58082666666667,18.81,0.16,6.17,o,22.073,60050.62536605,7549.02,9723.11,265.0,179.6,92.6,15.0,180.1,157.1,702.4,0.97,2.22,1.9,1.0,3.0,-0.4787,108.86199962492901,17.634233200582454,19.15,30.0
02a60050o0819o,320.91427,39.58082666666667,19.01,0.25,3.87,o,22.071,60050.63055555,7531.3,9840.96,261.0,178.5,71.6,18.5,184.3,2404.8,1140.4,0.85,2.34,1.97,1.0,3.0,-0.4597,90.56363613879648,23.39982218670021,18.86,30.0
02a60052o0778c,320.9141566666667,39.580905,18.41,0.11,9.56,c,22.034,60052.59873745,9577.2,3687.41,258.0,180.9,88.9,9.3,177.2,671.5,577.9,0.83,2.69,2.41,1.0,3.0,-0.4127,156.6858683616589,16.39121007607905,19.22,30.0
02a60052o0810c,320.9141566666667,39.580905,18.7,0.14,7.36,c,22.064,60052.61394715,9606.46,3723.64,249.0,179.7,71.4,9.7,180.1,1711.8,605.4,0.86,2.66,2.39,1.0,3.0,-0.4157,120.37505391115933,16.35347371061968,19.23,30.0
02a60052o0823c,320.9141566666667,39.580905,18.62,0.13,8.03,c,22.069,60052.62090115,9550.66,3649.56,254.0,178.9,82.7,10.3,179.8,2211.5,710.7,1.07,2.55,2.3,1.0,3.0,-0.4227,128.86419683168316,16.049591624744092,19.31,30.0
02a60056o0801c,320.9141680000001,39.580914,17.92,0.07,15.56,c,22.031,60056.60458125,3627.47,3562.11,278.0,179.0,127.6,8.2,180.1,2672.6,590.7,0.78,2.82,2.56,1.0,3.0,-0.3957,247.228476891882,15.887723436625643,19.21,30.0
02a60056o0812c,320.9141680000001,39.580914,18.12,0.08,13.11,c,22.034,60056.61072685,3651.96,3601.28,267.0,178.9,104.9,8.0,179.0,1614.3,516.3,0.98,2.81,2.59,1.0,3.0,-0.4037,205.84499766055617,15.698379230547658,19.22,30.0
02a60056o0821c,320.9141680000001,39.580914,17.99,0.07,14.3,c,22.036,60056.61482935,3596.81,3523.36,295.0,180.8,117.3,8.2,180.3,2574.0,540.8,0.91,2.83,2.6,1.0,3.0,-0.3977,231.00242599504725,16.14850718805957,19.23,30.0
02a60056o0845c,320.9141680000001,39.580914,17.85,0.08,12.73,c,22.047,60056.62610705,3583.97,3639.14,265.0,180.2,132.4,10.4,179.4,1188.1,710.7,0.82,2.85,2.63,1.0,3.0,-0.3947,262.2088458307937,20.596465231421856,18.91,30.0
02a60057o0752c,320.91417642857147,39.580912142857144,17.88,0.06,17.34,c,22.038,60057.58523375,3625.79,3561.3,333.0,178.6,159.5,9.2,178.3,1404.0,668.4,1.06,2.55,2.32,1.0,3.0,-0.4147,256.0634532179941,14.769804198153892,19.34,30.0
02a60057o0759c,320.91417642857147,39.580912142857144,18.02,0.07,14.17,c,22.043,60057.58842755,3647.85,3600.32,315.0,178.7,144.5,10.2,179.0,1406.5,639.3,0.8,2.52,2.29,1.0,3.0,-0.4167,225.66417331468628,15.929235763389618,19.36,30.0
02a60057o0766c,320.91417642857147,39.580912142857144,18.05,0.07,14.75,c,22.047,60057.59163115,3592.32,3521.64,279.0,180.0,137.2,9.3,179.9,1629.9,540.1,0.98,2.56,2.31,1.0,3.0,-0.4137,218.15481444932843,14.787461912381595,19.32,30.0
02a60057o0792c,320.91417642857147,39.580912142857144,17.88,0.06,16.74,c,22.042,60057.60362455,3579.2,3638.14,304.0,181.1,155.7,9.3,177.6,1378.4,525.0,0.9,2.6,2.34,1.0,3.0,-0.4117,255.40921556111758,15.255656420798932,19.37,30.0
02a60058o0803c,320.9141816666667,39.580912222222224,17.93,0.07,14.69,c,22.052,60058.60672035,2905.06,7520.67,298.0,180.0,160.1,10.9,179.8,1453.8,607.5,1.08,2.51,2.27,1.0,3.0,-0.4137,244.14602390306317,16.622059091464013,19.26,30.0
02a60058o0812c,320.9141816666667,39.580912222222224,18.02,0.08,13.31,c,22.054,60058.61079215,2927.35,7560.03,329.0,179.9,143.8,10.8,181.2,2576.5,657.0,0.94,2.54,2.31,1.0,3.0,-0.4137,225.40488704926634,16.928878860445593,19.27,30.0
02a60058o0828c,320.9141816666667,39.580912222222224,17.83,0.07,15.47,c,22.04,60058.61886025,2874.56,7479.22,353.0,181.1,168.6,10.9,182.0,1869.5,751.9,0.87,2.53,2.31,1.0,3.0,-0.4157,267.1460866085744,17.27101034420796,19.2,30.0
02a60058o0845c,320.9141816666667,39.580912222222224,17.89,0.09,11.18,c,22.064,60058.62680245,2856.39,7596.56,338.0,180.4,163.3,14.6,179.0,2369.8,840.7,0.74,2.56,2.3,1.0,3.0,-0.4047,252.41358862833127,22.567289614045535,18.84,30.0
02a60059o0686c,320.9141604545455,39.58090363636364,17.87,0.08,13.7,c,21.885,60059.55961965,2879.16,7523.24,279.0,180.1,143.9,10.5,183.4,2908.5,665.6,0.89,2.51,2.29,1.0,3.0,-0.4117,257.70849994951016,18.80430333196564,19.1,30.0
02a60059o0693c,320.9141604545455,39.58090363636364,17.97,0.08,12.55,c,21.895,60059.56282075,2901.1,7562.22,320.0,181.2,133.0,10.6,180.7,1553.2,590.1,0.95,2.5,2.29,1.0,3.0,-0.4137,235.4972701736054,18.768955367219675,19.13,30.0
02a60059o0705c,320.9141604545455,39.58090363636364,17.88,0.08,13.04,c,21.906,60059.56830975,2845.0,7482.95,276.0,180.2,143.4,11.0,177.8,596.2,618.8,0.87,2.52,2.31,1.0,3.0,-0.4127,255.34091909586547,19.58682085114728,19.11,30.0
02a60059o0725c,320.9141604545455,39.58090363636364,17.92,0.08,13.85,c,21.922,60059.57746755,2828.56,7599.05,303.0,180.7,146.8,10.6,182.1,1427.6,708.5,0.91,2.48,2.25,1.0,3.0,-0.4157,247.58196174448284,17.877171624601623,19.2,30.0
02a60060o0749c,320.91415384615385,39.58090461538462,17.99,0.08,13.65,c,21.977,60060.59780115,6863.35,7323.75,308.0,178.7,124.2,9.1,176.3,832.6,596.9,0.98,2.66,2.43,1.0,3.0,-0.4137,230.23335987374537,16.86894987802804,19.19,30.0
02a60060o0761c,320.91415384615385,39.58090461538462,17.9,0.07,15.42,c,21.98,60060.60333525,6886.12,7363.77,273.0,178.7,132.6,8.6,177.0,408.7,505.3,0.95,2.72,2.45,1.0,3.0,-0.4057,250.8633732538437,16.270173529283976,19.18,30.0
02a60060o0793c,320.91415384615385,39.58090461538462,17.98,0.07,15.22,c,22.001,60060.61954775,6836.85,7287.27,275.0,179.2,135.5,8.9,179.2,882.1,618.7,1.26,2.63,2.34,1.0,3.0,-0.4107,233.2757779295974,15.322172867700495,19.2,30.0
02a60060o0797c,320.91415384615385,39.58090461538462,17.9,0.07,14.58,c,22.007,60060.62135745,6818.16,7403.58,299.0,180.3,150.2,10.3,179.9,1433.2,675.8,0.87,2.58,2.32,1.0,3.0,-0.4137,250.80510311076634,17.199018389087176,19.19,30.0
02a60066o0770o,320.91415588235293,39.580907941176484,17.96,0.09,11.16,o,21.654,60066.59377775,6483.07,1906.07,310.0,179.0,136.2,12.2,178.6,1569.9,643.0,0.85,2.24,1.93,1.0,3.0,-0.4607,237.43305482504962,21.267865410173314,18.77,30.0
02a60066o0809o,320.91415588235293,39.580907941176484,17.93,0.08,13.23,o,22.102,60066.61202045,6511.14,1945.55,395.0,176.0,213.0,16.1,179.6,1522.7,863.9,0.85,2.23,1.91,1.0,3.0,-0.4727,244.8367348011562,18.5064386398996,19.18,30.0
02a60066o0823o,320.91415588235293,39.580907941176484,17.84,0.08,12.59,o,22.101,60066.61924695,6455.85,1868.3,374.0,175.5,226.7,18.0,177.2,1153.4,1042.9,0.91,2.26,1.94,1.0,3.0,-0.4647,266.51424976528153,21.16125494386885,19.06,30.0
02a60066o0832o,320.91415588235293,39.580907941176484,17.93,0.1,10.16,o,22.099,60066.62343995,6439.64,1986.44,381.0,175.2,207.2,20.4,175.4,1408.2,1021.5,0.67,2.26,1.93,1.0,3.0,-0.4707,244.12611761392373,24.035583008320675,18.9,30.0
02a60067o0734o,320.91415588235293,39.580907941176484,17.89,0.1,10.66,o,22.084,60067.58516145,6482.3,1905.33,374.0,181.3,215.3,20.2,180.0,2328.6,1165.9,0.78,2.25,1.92,1.0,3.0,-0.4627,252.86371950759488,23.72432482142785,18.81,30.0
02a60067o0742o,320.91415588235293,39.580907941176484,18.02,0.11,9.4,o,22.086,60067.58879965,6502.82,1943.98,325.0,178.9,183.3,19.5,176.2,2146.3,1033.5,0.84,2.33,1.95,1.0,3.0,-0.4597,225.378115197491,23.97639523377564,18.84,30.0
02a60067o0758o,320.91415588235293,39.580907941176484,17.96,0.1,10.65,o,22.091,60067.59620115,6451.32,1864.95,401.0,181.0,195.9,18.4,182.7,2029.7,1093.8,0.79,2.33,1.94,1.0,3.0,-0.4577,238.0953053248213,22.363213976399756,18.99,30.0
02a60067o0797o,320.91415588235293,39.580907941176484,17.92,0.08,12.95,o,22.099,60067.61440255,6442.19,1981.51,416.0,178.6,203.3,15.7,179.4,1840.1,863.6,0.95,2.29,1.96,1.0,3.0,-0.4667,245.57699318634488,18.964873551527862,19.13,30.0
02a60069o0673o,320.91415605263154,39.58091868421054,18.04,0.16,6.43,o,22.053,60069.55110685,3726.84,5490.01,286.0,177.9,153.0,23.8,179.6,3151.9,1412.6,0.95,2.46,2.16,1.0,3.0,-0.4347,221.63535226796728,34.476610352794914,18.35,30.0
02a60069o0689o,320.91415605263154,39.58091868421054,18.1,0.15,6.63,o,22.065,60069.55966565,3748.87,5527.32,300.0,175.4,161.2,24.3,168.1,1901.0,1348.4,0.94,2.34,2.03,1.0,3.0,-0.4487,209.13931348055388,31.526583855939574,18.43,30.0
02a60069o0696o,320.91415605263154,39.58091868421054,18.12,0.17,5.86,o,22.065,60069.56283935,3692.96,5449.17,258.0,172.2,147.7,25.2,180.1,5212.5,1762.5,0.84,2.44,2.13,1.0,3.0,-0.4297,206.019662021896,35.150274089043876,18.35,30.0
02a60069o0718o,320.91415605263154,39.58091868421054,18.1,0.15,6.91,o,22.076,60069.57290615,3677.55,5565.27,329.0,178.4,172.0,24.9,180.0,5076.8,1322.3,1.3,2.29,1.97,1.0,3.0,-0.4477,209.59885251069193,30.343089694861803,18.43,30.0
02a60072o0780o,320.9141592857143,39.58091142857144,18.29,0.16,6.17,o,22.104,60072.59616725,3592.25,9959.98,299.0,175.3,150.6,24.4,174.1,1056.9,1514.9,0.7,2.27,1.94,1.0,3.0,-0.4557,175.87791328718862,28.495491927007983,18.83,30.0
02a60072o0801o,320.9141592857143,39.58091142857144,18.13,0.13,7.9,o,22.108,60072.60611125,3618.14,9998.59,312.0,181.9,173.1,21.9,182.3,-1078.4,1065.3,0.8,2.28,1.94,1.0,3.0,-0.4577,202.67136387516143,25.641264407082815,18.84,30.0
02a60072o0809o,320.9141592857143,39.58091142857144,18.15,0.15,6.75,o,22.108,60072.60974645,3562.77,9918.75,332.0,181.2,162.6,24.1,184.6,3778.8,1365.3,0.94,2.35,1.98,1.0,3.0,-0.4547,199.7157607989645,29.60116749849351,18.84,30.0
02a60072o0824o,320.9141592857143,39.58091142857144,18.3,0.16,6.1,o,22.108,60072.61666415,3542.13,10036.6,287.0,181.4,141.0,23.1,191.0,3958.4,1275.7,1.11,2.36,1.97,1.0,3.0,-0.4557,173.20327000948825,28.37585487389488,18.77,30.0
02a60078o0770o,320.91415222222224,39.580912000000005,18.45,0.12,8.37,o,22.094,60078.59580185,1771.92,3612.89,293.0,181.1,112.2,13.4,181.2,877.5,850.1,0.7,2.44,2.06,1.0,3.0,-0.4547,150.80253735980372,18.010285210529137,19.25,30.0
02a60078o0797o,320.91415222222224,39.580912000000005,18.97,0.2,4.99,o,22.097,60078.61165925,1794.1,3652.79,231.0,179.4,67.9,13.6,178.1,1046.8,833.7,0.81,2.5,2.09,1.0,3.0,-0.4497,94.17048656130568,18.861835305357253,19.17,30.0
02a60078o0806o,320.91415222222224,39.580912000000005,18.78,0.25,3.92,o,22.097,60078.61586995,1741.87,3571.22,214.0,177.4,78.8,20.1,177.8,2878.4,1228.1,0.71,2.52,2.12,1.0,3.0,-0.4467,111.43493510256279,28.424393344689243,19.05,30.0
02a60078o0814o,320.91415222222224,39.580912000000005,18.78,0.22,4.36,o,22.093,60078.62040555,1720.29,3690.6,251.0,178.6,75.9,17.4,184.4,2192.5,1064.2,0.92,2.62,2.15,1.0,3.0,-0.4307,111.92839401614567,25.65947372702154,18.64,30.0
02a60086o0585o,320.91415222222224,39.580912000000005,>19.63223800408798,0.0,2.24,o,22.091,60086.52109975,4891.84,7435.78,187.0,178.8,30.0,13.4,182.0,796.1,716.9,0.83,2.37,2.0,1.0,3.0,-0.4517,38.024047312833666,16.984074466399036,19.27,30.0
02a60086o0592o,320.91415222222224,39.580912000000005,>19.685533773588286,0.0,2.4,o,22.085,60086.52426355,4913.44,7474.42,207.0,179.4,29.7,12.4,182.9,2269.4,673.5,0.82,2.38,2.04,1.0,3.0,-0.4547,38.87964752800594,16.23258011270282,19.28,30.0
02a60086o0626o,320.91415222222224,39.580912000000005,19.49,0.26,3.63,o,22.101,60086.54022765,4869.1,7396.07,213.0,180.4,46.8,12.9,179.2,321.7,634.1,0.66,2.33,2.0,1.0,3.0,-0.4587,58.1554626474911,16.030031370782805,19.3,30.0
02a60086o0653o,320.91415222222224,39.580912000000005,19.57,0.29,3.28,o,22.103,60086.55350475,4845.85,7513.45,221.0,178.7,39.0,11.9,181.9,1672.7,764.9,0.7,2.57,2.05,1.0,3.0,-0.4487,54.18890018618075,16.534561851680795,19.29,30.0
02a60088o0678o,320.91415222222224,39.580912000000005,19.45,0.26,3.65,o,22.125,60088.58758425,7730.74,3832.57,217.0,181.6,43.4,11.9,181.9,1325.8,671.2,0.75,2.5,2.14,1.0,3.0,-0.4577,60.50653133759298,16.590500528049688,19.25,30.0
02a60088o0685o,320.91415222222224,39.580912000000005,19.61,0.3,3.12,o,22.124,60088.59100935,7750.17,3872.46,193.0,179.0,35.0,11.2,177.9,783.8,797.5,0.54,2.67,2.15,1.0,3.0,-0.4497,52.02073821841649,16.64663622989327,19.28,30.0
02a60088o0719o,320.91415222222224,39.580912000000005,19.54,0.29,3.29,o,22.128,60088.60742905,7694.03,3797.08,217.0,180.0,41.8,12.7,182.3,1627.7,769.9,0.84,2.47,2.06,1.0,3.0,-0.4597,55.37314628415792,16.823898512172384,19.31,30.0
02a60088o0728o,320.91415222222224,39.580912000000005,19.31,0.26,3.69,o,22.12,60088.61192115,7677.31,3914.71,180.0,180.7,43.2,11.7,175.7,-564.3,760.1,0.87,2.81,2.2,1.0,3.0,-0.4397,68.76564055574639,18.624027650514645,19.1,30.0
02a60090o0625o,320.91415608695655,39.58090347826087,>19.56453901523381,0.0,1.54,o,22.093,60090.53617095,9130.1,7682.55,213.0,179.9,22.3,14.5,182.8,3140.4,732.7,0.98,2.35,1.96,1.0,3.0,-0.4707,27.898929662144358,18.140559645788933,19.23,30.0
02a60090o0639o,320.91415608695655,39.58090347826087,19.51,0.28,3.45,o,22.099,60090.54357525,9151.97,7723.45,212.0,181.0,51.4,14.9,181.2,1366.1,836.3,0.58,2.18,1.85,1.0,3.0,-0.4867,56.82639244825551,16.47302037896901,19.3,30.0
02a60090o0675o,320.91415608695655,39.58090347826087,>19.604838424831044,0.0,1.92,o,22.102,60090.56045365,9099.87,7649.08,193.0,179.8,28.4,14.8,179.1,465.3,758.5,0.73,2.25,1.93,1.0,3.0,-0.4797,33.49784837522589,17.45662520962476,19.28,30.0
02a60090o0691o,320.91415608695655,39.58090347826087,19.4,0.24,3.96,o,22.105,60090.56798215,9081.83,7766.89,237.0,179.8,53.9,13.6,182.2,1386.0,688.1,0.9,2.24,1.93,1.0,3.0,-0.4797,63.11794313654078,15.92586320328302,19.29,30.0
02a60091o0608o,320.91415608695655,39.58090347826087,19.28,0.24,4.03,o,22.088,60091.53621825,9141.68,7680.98,222.0,178.6,59.7,14.8,177.8,1773.9,714.4,0.65,2.23,1.92,1.0,3.0,-0.4787,70.2650190210186,17.41913369365285,19.23,30.0
02a60091o0657o,320.91415608695655,39.58090347826087,>19.632688617456708,0.0,2.98,o,22.099,60091.56144505,9163.82,7721.21,206.0,179.9,44.4,14.9,180.9,738.5,714.5,0.68,2.2,1.89,1.0,3.0,-0.4847,50.515679641198886,16.952333933645573,19.31,30.0
02a60091o0661o,320.91415608695655,39.58090347826087,19.64,0.3,3.11,o,22.1,60091.56325605,9104.51,7645.22,225.0,179.2,43.9,14.1,179.4,825.0,733.4,0.89,2.22,1.91,1.0,3.0,-0.4817,50.746910490559266,16.299121592639768,19.33,30.0
02a60091o0697o,320.91415608695655,39.58090347826087,>19.71923073643696,0.0,1.49,o,22.102,60091.58400405,9091.56,7765.49,194.0,179.2,19.8,13.3,179.4,701.5,749.7,0.73,2.26,1.92,1.0,3.0,-0.4777,23.293438554567818,15.64660266544202,19.29,30.0
02a60092o0547o,320.91415608695655,39.58090347826087,>19.91,0.0,3.0,o,21.714,60092.51472165,9925.21,10107.3,200.0,180.9,11.2,12.9,179.9,321.0,606.7,0.76,2.19,1.86,1.0,3.0,-0.4717,17.584653982068154,20.2537532472035,18.93,30.0
02a60092o0577o,320.91415608695655,39.58090347826087,>18.92,0.0,3.0,o,20.819,60092.52870165,9953.94,10148.1,224.0,181.4,10.6,14.4,183.3,1607.3,619.4,0.65,2.16,1.84,1.0,3.0,-0.4607,36.65524990144928,49.795811186874495,18.08,30.0
02a60092o0583o,320.91415608695655,39.58090347826087,>18.096723429963554,0.0,2.51,o,20.408,60092.53183125,9889.71,10069.3,197.0,176.9,34.9,13.9,177.5,1471.2,662.0,0.76,2.17,1.85,1.0,3.0,-0.4457,175.55598281916505,69.92057768442392,17.64,30.0
02a60092o0608o,320.91415608695655,39.58090347826087,19.17,0.22,4.51,o,21.849,60092.54453985,9868.94,10191.5,206.0,180.6,55.0,12.2,178.4,335.6,595.5,1.09,2.22,1.89,1.0,3.0,-0.4687,78.33145857095407,17.375341719375264,19.08,30.0
02a60093o0621o,320.91415608695655,39.58090347826087,>16.87,0.0,3.0,o,22.099,60093.55209355,5434.43,45.96,169.0,76.1,15.5,302.0,180.7,-7311.7,27734.9,0.0,2.19,1.87,1.0,3.0,-0.4797,17.28925042384863,336.8615243872443,19.41,30.0
02a60094o0405o,320.91415608695655,39.58090347826087,>18.16,0.0,3.0,o,20.18,60094.55530435,5766.52,3477.75,173.0,174.4,-9.8,14.1,176.6,2247.8,800.7,0.58,2.31,1.97,1.0,3.0,-0.4277,-67.80520401488101,97.55646700100228,17.38,30.0
02a60094o0415o,320.91415608695655,39.58090347826087,>19.01595440297933,0.0,2.21,o,21.568,60094.56064465,5785.54,3519.06,195.0,177.0,32.2,14.6,180.6,931.1,979.4,0.84,2.37,2.01,1.0,3.0,-0.4427,65.85049143571956,29.857676241040547,18.75,30.0
02a60094o0436o,320.91415608695655,39.58090347826087,19.56,0.29,3.33,o,22.069,60094.57068735,5733.77,3441.62,194.0,180.2,42.9,12.9,183.0,844.2,706.5,0.85,2.31,2.0,1.0,3.0,-0.4627,54.63337285531771,16.428217012438193,19.3,30.0
02a60094o0458o,320.91415608695655,39.58090347826087,19.37,0.25,3.93,o,22.061,60094.58121355,5718.42,3559.11,212.0,181.8,44.8,11.4,181.1,506.2,702.8,0.75,2.48,2.13,1.0,3.0,-0.4447,64.63504321945453,16.44731010495049,19.22,30.0
02a60095o0291o,320.91415608695655,39.58090347826087,18.78,0.27,3.6,o,21.97,60095.41771065,5733.44,3472.82,235.0,177.8,84.6,23.5,166.4,-2839.4,1179.7,1.9,2.27,1.95,1.0,3.0,-0.4527,112.04425077267572,31.123402992409925,18.6,30.0
02a60095o0394o,320.91415608695655,39.58090347826087,>19.15,0.0,3.0,o,21.645,60095.46801105,5707.03,3433.58,179.0,176.4,16.1,25.4,177.7,654.9,1356.1,0.69,2.15,1.82,1.0,3.0,-0.4597,25.59142499746238,40.374049374878524,18.35,30.0
02a60096o0600o,320.91415608695655,39.58090347826087,>18.46,0.0,3.0,o,21.185,60096.52490045,4616.83,1533.67,225.0,166.7,10.1,30.5,177.1,2844.6,1684.8,0.78,2.19,1.84,1.0,3.0,-0.4537,25.115513207676216,75.84387651823016,17.44,30.0
02a60096o0608o,320.91415608695655,39.58090347826087,>18.537301186176812,0.0,2.97,o,21.584,60096.52892105,4633.74,1574.23,258.0,178.1,76.5,25.8,172.8,654.5,1257.3,0.76,2.29,1.86,1.0,3.0,-0.4487,138.60171592658344,46.74410811641638,18.16,30.0
02a60096o0630o,320.91415608695655,39.58090347826087,>19.65,0.0,3.0,o,21.905,60096.53943715,4582.74,1496.06,182.0,179.0,3.6,18.3,182.4,2235.0,1071.8,0.91,2.29,1.91,1.0,3.0,-0.4577,5.024930919357952,25.54339884006959,18.81,30.0
02a60096o0641o,320.91415608695655,39.58090347826087,>17.70499034918701,0.0,1.1,o,20.865,60096.54444695,4564.75,1612.94,294.0,169.0,32.8,29.7,167.2,-1197.2,1548.3,0.71,2.19,1.87,1.0,3.0,-0.4487,110.7945276671884,100.32309364986266,17.34,30.0
02a60099o0623o,320.91415608695655,39.58090347826087,>16.01,0.0,3.0,o,20.066,60099.54072155,5904.05,5452.45,145.0,165.2,-113.3,94.6,159.7,932.6,5033.1,1.07,2.27,1.95,1.0,3.0,-0.4607,-873.070117071909,728.9711657105258,15.1,30.0
02a60099o0632o,320.91415608695655,39.58090347826087,14.52,0.22,4.39,o,19.579,60099.54479225,5846.36,5375.12,113.0,125.9,472.1,107.6,-117.1,-61501.5,6468.9,3.09,2.26,1.92,1.0,3.0,-0.4747,5657.211474262839,1289.379272676724,14.52,30.0
02a60099o0657o,320.91415608695655,39.58090347826087,>14.73,0.0,3.0,o,19.015,60099.55714215,5825.08,5493.77,276.0,175.9,33.2,111.6,181.5,14444.8,6394.0,1.11,2.33,1.99,1.0,3.0,-0.4677,710.0776224699284,2386.887429748313,13.73,30.0
02a60100o0571o,320.91415608695655,39.58090347826087,>19.47,0.0,3.0,o,22.071,60100.51679715,7807.62,9763.21,174.0,175.4,5.1,21.6,173.6,-74.0,1221.2,0.84,2.45,2.07,1.0,3.0,-0.4377,6.9544910283727335,29.45431494369629,18.61,30.0
02a60100o0577o,320.91415608695655,39.58090347826087,>19.185379857632633,0.0,2.29,o,22.098,60100.51964275,7832.13,9804.31,222.0,175.7,49.4,21.6,168.5,272.6,1145.1,0.89,2.26,1.95,1.0,3.0,-0.4687,58.752823806236705,25.68949381001443,18.77,30.0
02a60100o0592o,320.91415608695655,39.58090347826087,>19.41,0.0,3.0,o,22.028,60100.52665515,7773.34,9728.5,189.0,172.3,16.4,26.2,171.5,-715.7,1655.2,0.95,2.23,1.9,1.0,3.0,-0.4647,19.927878072344107,31.836000335086318,18.5,30.0
02a60100o0630o,320.91415608695655,39.58090347826087,>19.22050833950873,0.0,2.19,o,22.127,60100.54573895,7753.62,9847.9,198.0,177.4,47.4,21.6,176.8,450.5,1227.3,0.89,2.26,1.94,1.0,3.0,-0.4637,54.35597072060316,24.76980944230018,18.86,30.0
02a60102o0589o,320.91415608695655,39.58090347826087,>19.81,0.0,3.0,o,22.133,60102.52151625,9820.01,3684.95,223.0,180.3,13.0,16.4,179.0,2200.1,935.8,0.85,2.56,2.03,1.0,3.0,-0.4627,17.55650646732437,22.148208158778427,19.01,30.0
02a60102o0590o,320.91415608695655,39.58090347826087,>18.58,0.0,3.0,o,22.105,60102.52196825,10.23,3661.26,169.0,147.0,-17.0,47.1,145.1,-11161.7,3175.0,11.83,2.5,2.18,1.0,3.0,-0.4407,-24.210522871000467,67.07738983671305,18.94,30.0
02a60102o0596o,320.91415608695655,39.58090347826087,>19.81,0.0,3.0,o,22.135,60102.52500815,9842.52,3725.18,197.0,182.5,12.4,18.6,184.6,2572.4,1044.0,0.62,2.33,1.97,1.0,3.0,-0.4737,14.91428980016556,22.371434700248344,19.06,30.0
02a60102o0597o,320.91415608695655,39.58090347826087,>18.42,0.0,3.0,o,22.111,60102.52546015,32.43,3702.78,226.0,144.2,-8.6,66.4,216.7,29708.8,4290.3,0.92,2.32,1.95,1.0,3.0,-0.4547,-10.241882587113373,79.0768609051544,19.05,30.0
02a60102o0613o,320.91415608695655,39.58090347826087,>19.34896790851402,0.0,1.91,o,22.136,60102.53352395,9787.81,3651.36,222.0,176.9,33.4,17.5,170.9,-1231.6,1035.1,0.91,2.39,2.02,1.0,3.0,-0.4677,41.98116462944832,21.99611919207622,19.04,30.0
02a60102o0618o,320.91415608695655,39.58090347826087,None,None,None,o,22.113,60102.53578305,None,None,None,None,None,None,None,None,None,None,None,None,1.0,3.0,-0.4497,None,None,19.09,30.0
02a60102o0651o,320.91415608695655,39.58090347826087,>19.344221288168903,0.0,2.1,o,22.139,60102.55179675,9768.4,3770.74,218.0,180.0,36.8,17.5,182.4,1888.8,884.2,0.7,2.38,2.03,1.0,3.0,-0.4767,46.54569923768323,22.13450371357219,19.06,30.0
02a60104o0573o,320.91415608695655,39.58090347826087,>19.3464139009985,0.0,1.57,o,22.082,60104.51859645,1748.66,10045.4,186.0,177.2,20.4,13.0,178.1,791.7,847.5,0.99,2.89,2.25,1.0,3.0,-0.4177,34.66324953438837,22.089325683678865,18.87,30.0
02a60104o0600o,320.91415608695655,39.58090347826087,>19.40364257376795,0.0,2.01,o,22.082,60104.53185495,1770.62,10085.0,201.0,173.4,28.1,14.0,170.2,806.0,1025.4,0.87,2.64,2.16,1.0,3.0,-0.4267,42.220438854235596,21.035094091078225,18.94,30.0
02a60104o0606o,320.91415608695655,39.58090347826087,19.21,0.29,3.24,o,22.062,60104.53483905,1711.22,10005.8,236.0,178.5,46.6,14.4,176.7,-526.5,1220.5,0.85,2.78,2.18,1.0,3.0,-0.4137,74.89381463948833,23.14315302164446,18.88,30.0
02a60104o0619o,320.91415608695655,39.58090347826087,>19.42431990490802,0.0,2.82,o,22.071,60104.54105095,1691.53,10125.0,196.0,172.1,44.9,15.9,175.2,3167.5,1084.6,0.95,2.37,2.02,1.0,3.0,-0.4447,58.170768552920094,20.59944810671335,18.98,30.0
02a60106o0586o,320.91415608695655,39.58090347826087,>19.609549571542793,0.0,1.23,o,22.114,60106.52243875,3862.08,3569.93,188.0,177.5,13.5,11.0,175.3,215.5,784.8,0.67,2.69,2.26,1.0,3.0,-0.4387,21.230158323709077,17.29864752302221,19.2,30.0
02a60106o0594o,320.91415608695655,39.58090347826087,>20.15,0.0,3.0,o,22.115,60106.52618575,3882.65,3609.34,182.0,178.9,5.3,10.0,180.3,1366.8,841.4,0.89,2.66,2.3,1.0,3.0,-0.4217,8.249812678963382,15.565684299930913,19.23,30.0
02a60106o0607o,320.91415608695655,39.58090347826087,>19.730742768370558,0.0,2.61,o,22.119,60106.53232585,3827.0,3531.83,205.0,178.0,28.5,10.9,180.3,863.2,796.9,0.86,2.6,2.14,1.0,3.0,-0.4337,40.64346505660462,15.544342776034748,19.23,30.0
02a60106o0635o,320.91415608695655,39.58090347826087,>19.633412866308372,0.0,1.25,o,22.118,60106.54552855,3810.51,3649.29,192.0,179.3,13.8,11.0,182.1,1263.7,738.6,0.66,2.6,2.32,1.0,3.0,-0.4317,21.315678661942005,16.990758353721887,19.2,30.0
02a60107o0646o,320.91415608695655,39.58090347826087,>19.365333902626297,0.0,2.09,o,22.103,60107.55206685,3873.56,3569.3,199.0,176.4,14.6,7.0,174.0,-162.0,703.5,0.75,3.66,3.34,1.0,3.0,-0.4097,45.40870884077628,21.7712987592763,18.9,30.0
02a60107o0649o,320.91415608695655,39.58090347826087,>20.01,0.0,3.0,o,22.112,60107.55342315,3892.08,3609.92,204.0,179.7,4.3,8.2,179.0,-114.5,830.6,1.11,3.04,2.77,1.0,3.0,-0.4147,9.178686855981812,17.50354237652345,19.12,30.0
02a60107o0706o,320.91415608695655,39.58090347826087,>19.669406294330816,0.0,1.62,o,22.122,60107.58039685,3839.66,3538.05,214.0,179.3,16.5,10.2,178.6,331.1,639.6,0.72,2.66,2.34,1.0,3.0,-0.4417,26.44479371016145,16.347690657190714,19.23,30.0
02a60110o0582c,320.91415608695655,39.58090347826087,>20.43,0.0,3.0,c,22.143,60110.51892745,7062.41,7339.16,176.0,178.9,4.9,7.9,178.4,-294.7,511.2,0.95,2.59,2.36,1.0,3.0,-0.4277,7.467351459168893,12.03919929131311,19.48,30.0
02a60110o0593c,320.91415608695655,39.58090347826087,19.96,0.3,3.15,c,22.145,60110.52402005,7086.18,7379.12,223.0,179.8,25.2,8.0,180.2,927.9,495.4,0.96,2.57,2.33,1.0,3.0,-0.4287,37.58792316447733,11.932674020468992,19.53,30.0
02a60110o0601c,320.91415608695655,39.58090347826087,>20.092229230542568,0.0,1.85,c,22.145,60110.52777215,7027.03,7303.12,202.0,180.6,13.1,7.1,179.2,-30.3,413.6,1.01,2.64,2.4,1.0,3.0,-0.4237,20.579992374980154,11.154041668882373,19.47,30.0
02a60110o0632c,320.91415608695655,39.58090347826087,>20.39,0.0,3.0,c,22.147,60110.54244225,7009.19,7420.69,157.0,179.3,-1.0,7.5,177.4,34.3,483.6,0.97,2.72,2.47,1.0,3.0,-0.4227,-1.6612102516988974,12.459076887741732,19.47,30.0
02a60111o0579c,320.91415608695655,39.58090347826087,>20.100225019636568,0.0,1.36,c,22.144,60111.51953855,7066.3,7338.1,192.0,179.1,10.6,7.8,177.6,-281.4,570.5,1.06,2.49,2.27,1.0,3.0,-0.4367,15.048382266043435,11.07333789388102,19.6,30.0
02a60111o0585c,320.91415608695655,39.58090347826087,>20.4,0.0,3.0,c,22.132,60111.52225105,7087.47,7376.64,190.0,179.3,2.5,8.6,178.6,-262.7,536.5,0.85,2.5,2.29,1.0,3.0,-0.4367,3.634747487052812,12.503531355461671,19.58,30.0
02a60111o0597c,320.91415608695655,39.58090347826087,>20.49,0.0,3.0,c,22.154,60111.52780575,7029.72,7300.8,150.0,178.5,-7.7,7.9,179.1,748.2,573.5,0.97,2.54,2.3,1.0,3.0,-0.4347,-11.174060619594014,11.46429596036269,19.57,30.0
02a60111o0620c,320.91415608695655,39.58090347826087,>20.053668332893945,0.0,2.26,c,22.156,60111.53902675,7016.75,7418.12,183.0,180.4,18.1,8.0,179.9,187.8,529.2,0.67,2.53,2.29,1.0,3.0,-0.4377,26.07313922356428,11.524039435829513,19.58,30.0
02a60112o0609c,320.91415608695655,39.58090347826087,>20.05522219673767,0.0,1.3,c,22.145,60112.53190035,830.95,1649.82,186.0,181.6,10.3,7.9,182.5,1083.5,524.4,0.99,2.58,2.29,1.0,3.0,-0.4197,15.033190411003932,11.530311091935058,19.57,30.0
02a60112o0610c,320.91415608695655,39.58090347826087,>19.4632165368242,0.0,1.31,c,22.168,60112.53249905,10490.6,1616.39,165.0,180.4,17.6,13.4,180.5,715.9,878.6,0.77,2.61,2.31,1.0,3.0,-0.4347,26.02099506446886,19.81143942408424,19.53,30.0
02a60112o0618c,320.91415608695655,39.58090347826087,>17.55,0.0,3.0,c,22.168,60112.53620635,10512.8,1654.45,175.0,158.3,3.3,118.3,176.9,15085.5,5758.4,0.01,2.58,2.3,1.0,3.0,-0.4377,4.815265380917233,172.61996804924505,19.55,30.0
02a60112o0620c,320.91415608695655,39.58090347826087,>19.99399851673037,0.0,1.64,c,22.144,60112.53711055,855.14,1689.37,182.0,180.0,14.1,8.6,180.6,941.2,577.3,0.91,2.53,2.27,1.0,3.0,-0.4187,20.004340412799017,12.201228904260393,19.58,30.0
02a60112o0626c,320.91415608695655,39.58090347826087,>20.47,0.0,3.0,c,22.145,60112.54004525,797.84,1610.2,187.0,181.2,1.6,8.0,180.6,1025.7,488.5,1.23,2.56,2.29,1.0,3.0,-0.4187,2.315016952250231,11.575084761251153,19.58,30.0
02a60112o0629c,320.91415608695655,39.58090347826087,>20.27,0.0,3.0,c,22.166,60112.54140205,10456.5,1579.88,172.0,181.8,0.5,9.7,183.2,1007.3,621.5,0.8,2.55,2.31,1.0,3.0,-0.4327,0.7222389565307774,14.011435756697082,19.5,30.0
02a60112o0648c,320.91415608695655,39.58090347826087,>20.35,0.0,3.0,c,22.147,60112.55001775,782.79,1727.72,182.0,178.0,8.4,9.1,177.2,94.8,572.6,0.86,2.53,2.28,1.0,3.0,-0.4197,11.94795008325154,12.943612590189169,19.62,30.0
02a60112o0651c,320.91415608695655,39.58090347826087,>20.38,0.0,3.0,c,22.17,60112.55139995,10438.0,1699.87,195.0,180.6,8.3,8.6,181.1,1062.7,531.7,0.83,2.6,2.33,1.0,3.0,-0.4357,12.318734825593598,12.763990301217461,19.57,30.0
02a60113o0567c,320.91415608695655,39.58090347826087,>19.441402622757913,0.0,1.93,c,22.16,60113.51460915,10493.6,1608.93,205.0,180.4,27.8,14.4,182.2,5219.0,1073.5,0.72,2.5,2.27,1.0,3.0,-0.4367,39.045357812179354,20.224933542999374,19.52,30.0
02a60113o0573c,320.91415608695655,39.58090347826087,>17.44,0.0,3.0,c,22.16,60113.51791065,10513.8,1648.71,171.0,158.6,22.1,135.3,177.3,10741.9,6435.4,0.01,2.51,2.28,1.0,3.0,-0.4337,31.214730338349096,191.10194637007388,19.52,30.0
02a60113o0580c,320.91415608695655,39.58090347826087,>20.36,0.0,3.0,c,22.138,60113.52155255,836.46,1645.72,174.0,180.3,-12.6,9.1,181.4,1273.7,568.8,0.85,2.49,2.26,1.0,3.0,-0.4227,-17.678160666931955,12.767560481673078,19.55,30.0
02a60113o0584c,320.91415608695655,39.58090347826087,>19.815126184208378,0.0,1.85,c,22.161,60113.52337015,10458.5,1573.45,197.0,181.8,18.5,10.0,181.4,2433.9,573.8,0.94,2.52,2.3,1.0,3.0,-0.4347,26.464204903493275,14.304975623509879,19.54,30.0
02a60113o0586c,320.91415608695655,39.58090347826087,>20.4,0.0,3.0,c,22.139,60113.52444885,856.0,1685.21,171.0,180.5,3.3,8.7,179.9,2269.1,547.8,0.82,2.51,2.27,1.0,3.0,-0.4197,4.670595578245768,12.313388342647931,19.56,30.0
02a60113o0595c,320.91415608695655,39.58090347826087,>20.3,0.0,3.0,c,22.162,60113.52916825,10440.2,1693.07,188.0,180.2,4.5,9.4,180.4,167.8,632.6,0.85,2.56,2.31,1.0,3.0,-0.4337,6.555762387591639,13.694259209635868,19.54,30.0
02a60113o0597c,320.91415608695655,39.58090347826087,>20.014821721456254,0.0,1.69,c,22.14,60113.53007205,800.83,1606.12,210.0,181.1,14.0,8.3,179.9,474.4,558.4,0.97,2.55,2.28,1.0,3.0,-0.4187,20.18188877508246,11.96497691665603,19.55,30.0
02a60113o0637c,320.91415608695655,39.58090347826087,>19.985259748314043,0.0,1.1,c,22.147,60113.55116695,785.4,1723.95,182.0,181.5,9.5,8.6,180.9,595.5,567.2,1.01,2.53,2.28,1.0,3.0,-0.4187,13.500122793693793,12.22116379218596,19.53,30.0
02a60114o0523c,320.91415608695655,39.58090347826087,>19.980460037481816,0.0,1.48,c,22.146,60114.49501415,7876.61,5773.36,184.0,178.9,12.7,8.6,179.2,471.7,512.1,0.85,2.51,2.28,1.0,3.0,-0.4357,18.20417637958632,12.327237548381287,19.55,30.0
02a60114o0529c,320.91415608695655,39.58090347826087,>20.43,0.0,3.0,c,22.148,60114.49781415,7897.05,5812.27,169.0,179.4,7.4,8.6,179.6,650.9,573.8,0.86,2.49,2.27,1.0,3.0,-0.4397,10.49580296718172,12.197825069967944,19.58,30.0
02a60114o0578c,320.91415608695655,39.58090347826087,>20.35,0.0,3.0,c,22.154,60114.52107385,7842.42,5738.56,202.0,178.9,1.2,8.2,181.1,993.5,573.5,0.61,2.71,2.36,1.0,3.0,-0.4217,1.8837414111285853,12.872232976045334,19.52,30.0
02a60114o0590c,320.91415608695655,39.58090347826087,>19.9769851684649,0.0,2.49,c,22.156,60114.52662945,7828.71,5858.39,210.0,181.0,21.4,8.6,178.4,-780.1,572.5,0.85,2.55,2.28,1.0,3.0,-0.4357,30.877885046429885,12.408869691555935,19.6,30.0
02a60117o0608c,320.91415608695655,39.58090347826087,>19.97159469402359,0.0,1.24,c,22.169,60117.54258165,6693.78,1920.36,196.0,181.2,10.3,8.3,178.3,33.0,555.8,0.82,2.63,2.35,1.0,3.0,-0.4247,15.453241109701317,12.45261176801174,19.55,30.0
02a60117o0616c,320.91415608695655,39.58090347826087,>19.946682531158924,0.0,1.04,c,22.169,60117.54628855,6713.75,1962.84,198.0,179.2,8.4,8.1,178.6,1189.8,512.4,0.69,2.7,2.41,1.0,3.0,-0.4217,13.2317972647385,12.759233076712123,19.5,30.0
02a60117o0622c,320.91415608695655,39.58090347826087,>20.33,0.0,3.0,c,22.17,60117.54912465,6658.77,1884.33,187.0,180.1,8.0,8.8,177.8,149.5,612.8,0.88,2.65,2.34,1.0,3.0,-0.4267,12.053424825153972,13.258767307669368,19.54,30.0
02a60117o0654c,320.91415608695655,39.58090347826087,>20.010578884580724,0.0,1.14,c,22.172,60117.56549685,6641.46,2002.43,171.0,179.6,9.7,8.5,179.1,712.1,616.0,0.85,2.54,2.28,1.0,3.0,-0.4327,13.69932103362942,12.004559668644339,19.55,30.0
02a60124o0510o,320.91415608695655,39.58090347826087,>19.64531319057574,0.0,2.88,o,22.144,60124.48443965,8307.42,1763.42,221.0,179.0,35.7,12.4,174.2,-486.2,833.0,1.03,2.48,2.15,1.0,3.0,-0.4497,48.385708214191745,16.806240388122625,19.24,30.0
02a60124o0531o,320.91415608695655,39.58090347826087,>19.666540720507072,0.0,1.32,o,22.149,60124.49448005,8327.49,1803.98,220.0,182.4,16.6,12.6,180.5,868.5,750.6,0.73,2.42,2.11,1.0,3.0,-0.4627,21.705243113634257,16.475064050107925,19.32,30.0
02a60124o0539o,320.91415608695655,39.58090347826087,>19.673575816199772,0.0,1.43,o,22.148,60124.49838165,8271.02,1727.54,218.0,179.9,17.7,12.4,180.7,626.5,654.4,0.77,2.43,2.13,1.0,3.0,-0.4567,23.35166698879623,16.35935992435442,19.28,30.0
02a60124o0563o,320.91415608695655,39.58090347826087,>20.23,0.0,3.0,o,22.152,60124.50998745,8251.74,1847.06,182.0,179.4,-1.0,11.1,177.0,642.9,694.0,0.93,2.46,2.16,1.0,3.0,-0.4577,-1.3506648677239081,14.992380031735378,19.41,30.0
02a60125o0513o,320.91415608695655,39.58090347826087,>19.74,0.0,3.0,o,22.143,60125.48551855,8312.85,1759.31,190.0,185.3,-9.4,19.8,186.4,1641.5,1112.8,0.64,2.33,1.98,1.0,3.0,-0.4697,-11.23848344483684,23.672550234869085,19.16,30.0
02a60125o0566o,320.91415608695655,39.58090347826087,>20.1,0.0,3.0,o,22.151,60125.51227575,8330.79,1801.6,167.0,178.4,-4.1,14.9,183.9,2450.8,801.6,0.89,2.28,1.94,1.0,3.0,-0.4727,-4.678204247667968,17.001278851281153,19.22,30.0
02a60125o0572o,320.91415608695655,39.58090347826087,>19.59708478908867,0.0,1.22,o,22.148,60125.51498935,8274.24,1725.01,178.0,180.5,18.0,14.7,178.8,206.6,734.8,0.88,2.31,1.99,1.0,3.0,-0.4777,21.50286392859476,17.560672208352393,19.19,30.0
02a60125o0578o,320.91415608695655,39.58090347826087,>20.0,0.0,3.0,o,22.151,60125.51770005,8253.7,1842.94,183.0,177.4,-4.9,16.4,177.1,1082.6,830.5,0.6,2.28,1.94,1.0,3.0,-0.4727,-5.591024588676352,18.71281699067187,19.23,30.0
04a60128o0713o,320.91415608695655,39.58090347826087,>18.07,0.0,3.0,o,21.768,60128.26905605,8645.46,7050.6,171.0,176.5,-44.5,17.7,174.4,-3167.7,2240.0,1.06,4.42,3.84,1.0,3.0,-0.3327,-243.70938288628702,96.93609161993888,17.17,30.0
04a60128o0753o,320.91415608695655,39.58090347826087,>17.97170934689895,0.0,1.29,o,21.782,60128.28823875,8626.91,7012.6,193.0,179.1,28.2,21.9,178.1,2213.5,1922.3,0.93,3.62,3.15,1.0,3.0,-0.3197,101.21082802597478,78.59989836059742,17.42,30.0
04a60128o0756o,320.91415608695655,39.58090347826087,>18.42,0.0,3.0,o,21.79,60128.28959005,8684.33,7091.23,116.0,182.4,-35.7,21.3,181.6,1844.8,1764.9,1.23,3.49,3.01,1.0,3.0,-0.3237,-117.60313090199311,70.16657389950849,17.46,30.0
04a60128o0762o,320.91415608695655,39.58090347826087,>18.35,0.0,3.0,o,21.774,60128.29230135,8703.58,6975.71,168.0,175.4,-20.3,20.7,184.6,7167.3,1934.6,0.89,3.58,3.16,1.0,3.0,-0.3227,-73.01715249862264,74.45591412421125,17.36,30.0
02a60129o0559o,320.91415608695655,39.58090347826087,>19.22353126486009,0.0,1.9,o,22.109,60129.51800375,5963.69,704.96,203.0,186.0,39.5,20.8,185.7,371.4,1239.8,1.0,2.3,1.95,1.0,3.0,-0.4647,47.153972761511675,24.830446416188426,18.73,30.0
02a60129o0572o,320.91415608695655,39.58090347826087,>19.194476378665595,0.0,1.06,o,22.116,60129.52453715,5982.45,744.12,249.0,189.4,23.3,21.9,185.9,-1165.8,1408.3,0.76,2.31,1.91,1.0,3.0,-0.4597,27.062007710521954,25.435964328773853,18.8,30.0
02a60129o0579o,320.91415608695655,39.58090347826087,>19.58,0.0,3.0,o,22.089,60129.52780395,5927.98,665.93,214.0,187.1,22.6,22.6,188.6,2621.7,1621.5,0.83,2.32,1.93,1.0,3.0,-0.4557,27.208993589602255,27.208993589602255,18.7,30.0
02a60129o0630o,320.91415608695655,39.58090347826087,>19.7,0.0,3.0,o,22.122,60129.55331075,5907.18,793.9,199.0,186.1,-7.7,20.1,191.9,2784.7,1246.3,0.84,2.32,1.99,1.0,3.0,-0.4507,-9.22976262406344,24.093276460217552,18.74,30.0
02a60130o0512o,320.91415608695655,39.58090347826087,>19.68,0.0,3.0,o,22.126,60130.48816655,6000.41,2653.99,160.0,185.7,-17.0,19.5,177.9,-3282.4,1482.6,0.56,2.4,2.04,1.0,3.0,-0.4467,-21.451075715189234,24.605645673305297,18.88,30.0
02a60130o0515o,320.91415608695655,39.58090347826087,>19.84,0.0,3.0,o,22.122,60130.48952275,6019.81,2692.34,224.0,179.6,9.1,17.5,179.3,2769.0,1047.7,0.71,2.32,2.01,1.0,3.0,-0.4557,11.06838303218308,21.28535198496746,18.94,30.0
02a60130o0526o,320.91415608695655,39.58090347826087,>19.84,0.0,3.0,o,22.134,60130.49476855,5963.01,2616.78,140.0,179.2,-41.5,17.6,186.4,3585.8,1154.6,0.82,2.35,2.0,1.0,3.0,-0.4507,-50.0846565424258,21.240721810763716,18.93,30.0
02a60130o0556o,320.91415608695655,39.58090347826087,>19.42383055275155,0.0,1.51,o,22.135,60130.50984945,5943.35,2735.23,184.0,180.4,25.5,16.9,180.9,2423.7,944.2,1.15,2.37,2.01,1.0,3.0,-0.4497,31.134602769046264,20.634305364583604,18.96,30.0
02a60131o0374o,320.91415608695655,39.58090347826087,>20.02,0.0,3.0,o,22.142,60131.52175025,6298.31,2666.66,153.0,179.0,-0.2,15.3,180.4,628.2,922.8,0.92,2.32,1.98,1.0,3.0,-0.4677,-0.2378712288179158,18.197149004570562,19.07,30.0
02a60131o0377o,320.91415608695655,39.58090347826087,>19.496126925491566,0.0,1.48,o,22.137,60131.52322175,6318.04,2707.4,180.0,179.2,23.9,16.1,176.4,1294.7,802.4,1.0,2.33,1.97,1.0,3.0,-0.4657,28.48254507971597,19.186986434453022,19.06,30.0
02a60131o0384o,320.91415608695655,39.58090347826087,>19.96,0.0,3.0,o,22.141,60131.52649605,6260.0,2628.74,168.0,180.6,-8.8,15.4,183.1,988.1,869.8,0.81,2.4,2.01,1.0,3.0,-0.4627,-10.95087234926502,19.164026611213785,19.09,30.0
02a60131o0460o,320.91415608695655,39.58090347826087,>19.532809079227302,0.0,1.34,o,22.141,60131.56262085,4422.53,1944.79,231.0,180.1,22.2,16.6,185.4,1666.9,984.8,0.81,2.25,1.9,1.0,3.0,-0.4757,24.776949678797347,18.526908318380002,19.07,30.0
02a60132o0521o,320.91415608695655,39.58090347826087,>19.46045316727577,0.0,2.04,o,22.099,60132.49005905,4346.82,2769.5,196.0,179.3,31.8,15.6,180.0,1002.3,1038.5,0.93,2.35,2.04,1.0,3.0,-0.4567,40.65218515571651,19.942581397143947,19.08,30.0
02a60132o0524o,320.91415608695655,39.58090347826087,>19.50793335034878,0.0,1.1,o,22.07,60132.49141575,4366.37,2807.84,209.0,181.2,15.8,14.4,179.6,-714.9,829.5,1.06,2.36,2.05,1.0,3.0,-0.4537,20.877654019346217,19.027735308771238,19.06,30.0
02a60132o0535o,320.91415608695655,39.58090347826087,>20.0,0.0,3.0,o,22.134,60132.49662085,4311.42,2731.1,174.0,178.6,-10.0,15.2,178.4,569.2,907.4,0.74,2.17,2.17,1.0,3.0,-0.4607,-12.20332599425729,18.54905551127108,19.13,30.0
02a60132o0558o,320.91415608695655,39.58090347826087,>19.94,0.0,3.0,o,22.138,60132.50793135,4292.57,2844.53,176.0,180.5,0.4,16.7,181.4,2015.4,961.5,0.64,2.33,1.95,1.0,3.0,-0.4667,0.47185576879507374,19.699978347194328,19.12,30.0
04a60134o0649o,320.91415608695655,39.58090347826087,>15.241326753516418,0.0,1.84,o,18.673,60134.24421565,7862.22,9068.34,216.0,194.7,54.2,29.4,188.6,2997.3,2121.5,0.7,2.59,2.2,1.0,3.0,-0.3707,1785.1736865693547,968.3414462202772,14.88,30.0
04a60134o0655o,320.91415608695655,39.58090347826087,>15.83,0.0,3.0,o,18.861,60134.24700265,7842.75,9028.77,248.0,225.1,-54.8,28.2,229.4,1509.4,2464.6,0.88,2.62,2.2,1.0,3.0,-0.3757,-1542.635338506364,793.8378931729828,15.0,30.0
04a60134o0712o,320.91415608695655,39.58090347826087,>15.01,0.0,3.0,o,18.047,60134.27391875,7918.38,8994.38,224.0,177.7,-33.5,31.0,184.0,3180.1,2306.8,1.0,2.51,2.11,1.0,3.0,-0.3937,-1864.4885862073554,1725.3476469381496,14.12,30.0
02a60134o0430o,320.91415608695655,39.58090347826087,>20.1,0.0,3.0,o,22.11,60134.44855285,964.35,8814.49,182.0,180.5,11.9,12.8,180.6,178.7,758.1,0.75,2.4,2.07,1.0,3.0,-0.4487,15.491279646622843,16.662889031661546,19.22,30.0
02a60134o0435o,320.91415608695655,39.58090347826087,>20.07,0.0,3.0,o,22.116,60134.45089245,982.81,8856.31,193.0,180.7,6.7,13.7,184.7,2460.7,681.9,0.98,2.37,2.02,1.0,3.0,-0.4507,8.37400591726715,17.122967323367153,19.22,30.0
02a60134o0475o,320.91415608695655,39.58090347826087,>19.66,0.0,3.0,o,21.908,60134.46942525,931.19,8779.47,143.0,182.4,-8.5,16.4,180.6,-248.9,1035.9,0.93,2.35,2.05,1.0,3.0,-0.4687,-13.164349211214589,25.39945024281403,18.84,30.0
02a60134o0481o,320.91415608695655,39.58090347826087,>19.65,0.0,3.0,o,21.909,60134.47232675,906.86,8896.1,258.0,183.6,2.2,16.4,188.4,1577.9,1033.3,1.08,2.37,2.06,1.0,3.0,-0.4807,3.4881647782163365,26.002682892158145,18.82,30.0
02a60136o0483o,320.91415608695655,39.58090347826087,>19.68,0.0,3.0,o,21.819,60136.52752525,1224.43,204.93,193.0,179.7,-4.2,10.2,179.0,-406.4,676.4,0.66,2.77,2.53,1.0,3.0,-0.4467,-10.064873617592953,24.443264499868594,18.74,30.0
02a60136o0492o,320.91415608695655,39.58090347826087,>19.149131673969606,0.0,1.02,o,21.773,60136.53197785,1205.32,165.7,186.0,177.7,10.0,9.8,177.4,200.3,850.8,1.09,2.92,2.65,1.0,3.0,-0.4287,27.15110258650024,26.608080534770238,18.61,30.0
02a60136o0504o,320.91415608695655,39.58090347826087,>18.35,0.0,3.0,o,20.739,60136.53761405,1268.13,242.5,165.0,178.8,-4.8,13.9,176.5,-149.2,880.5,0.6,2.69,2.42,1.0,3.0,-0.4227,-28.25970530294317,81.83539660643959,17.53,30.0
02a60137o0570o,320.91415608695655,39.58090347826087,>19.73910282057466,0.0,1.93,o,22.151,60137.53930775,5262.88,10370.0,199.0,177.1,26.2,13.6,179.9,1505.2,700.4,0.82,2.08,2.08,1.0,3.0,-0.4837,29.538382264907238,15.332900717661772,19.55,30.0
02a60137o0580o,320.91415608695655,39.58090347826087,>19.65585110627343,0.0,2.25,o,22.144,60137.54397505,5246.03,10332.9,228.0,179.7,30.1,13.4,181.2,358.6,808.2,1.01,2.35,2.03,1.0,3.0,-0.4697,37.178266916997124,16.55112214909507,19.5,30.0
02a60137o0590o,320.91415608695655,39.58090347826087,>20.07,0.0,3.0,o,22.15,60137.54950345,5302.51,10409.9,181.0,179.5,9.1,15.2,177.7,675.5,832.2,0.53,2.31,1.94,1.0,3.0,-0.4767,10.568512062414785,17.65289926908843,19.52,30.0
02a60137o0655o,320.91415608695655,39.58090347826087,>19.674664676218285,0.0,2.99,o,22.144,60137.58143615,5322.53,10291.2,209.0,180.4,40.6,13.6,178.8,1009.1,802.1,0.81,2.3,2.01,1.0,3.0,-0.4727,48.731375754962635,16.323810597721472,19.46,30.0
02a60138o0384c,320.91415608695655,39.58090347826087,>19.782532704298717,0.0,1.55,c,22.114,60138.42543075,2392.69,887.45,206.0,180.8,11.0,7.1,179.6,762.1,585.6,0.95,3.0,2.81,1.0,3.0,-0.3937,23.01330562351458,14.854042720632137,19.23,30.0
02a60138o0390c,320.91415608695655,39.58090347826087,>20.09,0.0,3.0,c,22.066,60138.42822505,2410.36,926.64,195.0,180.7,3.2,7.3,179.5,461.6,519.6,0.86,3.04,2.79,1.0,3.0,-0.3827,6.969257489755262,15.898618648504188,19.2,30.0
02a60138o0425c,320.91415608695655,39.58090347826087,>19.97,0.0,3.0,c,21.919,60138.44459465,2360.21,849.94,157.0,178.4,-7.6,6.9,176.8,-444.0,518.1,0.94,3.05,2.85,1.0,3.0,-0.3837,-19.44093001743897,17.65031804214854,19.0,30.0
02a60138o0470c,320.91415608695655,39.58090347826087,>19.83291569541995,0.0,1.18,c,22.109,60138.46543015,2342.3,964.43,182.0,178.9,8.7,7.4,178.4,1049.1,545.9,0.86,2.87,2.66,1.0,3.0,-0.3957,16.589814549741394,14.110876743458201,19.33,30.0
02a60140o0538c,320.91415608695655,39.58090347826087,>20.17,0.0,3.0,c,22.152,60140.52148935,1444.02,2869.22,171.0,179.5,-4.1,6.8,178.7,-75.1,579.4,0.91,3.13,2.91,1.0,3.0,-0.4027,-9.02360193152302,14.965973935208913,19.28,30.0
02a60140o0544c,320.91415608695655,39.58090347826087,>20.24,0.0,3.0,c,22.152,60140.52433195,1426.05,2834.01,169.0,178.4,2.6,6.6,177.0,-162.9,506.4,0.91,3.07,2.86,1.0,3.0,-0.4047,5.526326016927322,14.02836604296935,19.31,30.0
02a60140o0601c,320.91415608695655,39.58090347826087,>20.24,0.0,3.0,c,22.148,60140.55134955,1485.75,2908.13,195.0,178.0,-3.6,6.2,177.1,-153.6,480.3,1.04,3.17,2.95,1.0,3.0,-0.4067,-8.194878599706463,14.113402032827798,19.25,30.0
02a60140o0614c,320.91415608695655,39.58090347826087,>20.33,0.0,3.0,c,22.152,60140.55725885,1507.61,2791.88,190.0,179.7,5.5,6.8,177.5,-205.4,554.7,0.83,2.93,2.69,1.0,3.0,-0.4077,10.523042759741976,13.010307412044623,19.37,30.0
02a60141o0438c,320.91415608695655,39.58090347826087,>20.34,0.0,3.0,c,22.159,60141.45027085,9092.99,7683.89,180.0,180.5,7.6,7.8,179.4,145.3,625.1,0.81,2.74,2.49,1.0,3.0,-0.4207,12.656751329180471,12.989823732579959,19.4,30.0
02a60141o0442c,320.91415608695655,39.58090347826087,>20.35,0.0,3.0,c,22.159,60141.45207965,9115.29,7723.44,183.0,181.3,-0.9,7.8,184.0,427.3,580.0,0.98,2.74,2.48,1.0,3.0,-0.4207,-1.4928064345133594,12.937655765782448,19.42,30.0
02a60141o0490c,320.91415608695655,39.58090347826087,>20.44,0.0,3.0,c,22.164,60141.47484825,9083.93,7648.81,191.0,179.5,1.3,7.4,180.5,1583.5,440.1,0.98,2.57,2.57,1.0,3.0,-0.4247,2.0939598214340966,11.919463598932552,19.45,30.0
02a60141o0497c,320.91415608695655,39.58090347826087,>20.34,0.0,3.0,c,22.164,60141.47802225,9068.09,7768.25,168.0,179.0,-4.2,8.0,178.0,-317.4,565.5,1.0,2.72,2.46,1.0,3.0,-0.4237,-6.847184761092518,13.042256687795271,19.46,30.0
02a60147o0427c,320.91415608695655,39.58090347826087,>20.43,0.0,3.0,c,22.15,60147.44790595,4574.72,1524.35,164.0,177.3,-12.0,7.5,178.2,608.2,592.4,1.09,2.67,2.44,1.0,3.0,-0.4157,-19.153188330104754,11.970742706315471,19.51,30.0
02a60147o0431c,320.91415608695655,39.58090347826087,>20.4,0.0,3.0,c,22.15,60147.44971545,4596.11,1564.18,185.0,181.4,-10.0,7.6,181.4,-171.2,558.5,0.87,2.68,2.45,1.0,3.0,-0.4227,-16.19047624137535,12.304761943445266,19.49,30.0
02a60147o0474c,320.91415608695655,39.58090347826087,>20.4,0.0,3.0,c,22.154,60147.47338695,4566.4,1487.34,174.0,179.2,-5.6,7.2,179.5,-191.0,518.6,0.85,2.75,2.53,1.0,3.0,-0.4157,-9.510426363300484,12.227691038529194,19.45,30.0
02a60147o0481c,320.91415608695655,39.58090347826087,>20.38,0.0,3.0,c,22.153,60147.47655195,4552.58,1605.07,200.0,181.2,6.0,7.3,180.7,90.5,542.4,0.74,2.76,2.53,1.0,3.0,-0.4142,10.222087611908695,12.43687326115558,19.46,30.0
02a60148o0448c,320.91415608695655,39.58090347826087,>20.46,0.0,3.0,c,22.159,60148.45281035,5830.53,5408.44,183.0,175.1,6.5,7.8,173.6,805.4,591.6,1.09,2.62,2.34,1.0,3.0,-0.4307,9.817236437966132,11.780683725559358,19.57,30.0
02a60148o0452c,320.91415608695655,39.58090347826087,>20.43,0.0,3.0,c,22.159,60148.45462795,5851.59,5447.53,183.0,178.8,2.2,8.0,179.6,598.8,516.0,0.89,2.61,2.36,1.0,3.0,-0.4387,3.363054740654825,12.229289966017545,19.54,30.0
02a60148o0496c,320.91415608695655,39.58090347826087,>20.37,0.0,3.0,c,22.161,60148.47607335,5822.02,5373.55,159.0,179.2,-3.5,8.0,178.9,25.0,584.5,0.72,2.69,2.42,1.0,3.0,-0.4247,-5.571786100500109,12.735511086857393,19.56,30.0
02a60148o0503c,320.91415608695655,39.58090347826087,>19.962516952396438,0.0,1.4,c,22.161,60148.47923695,5806.53,5489.73,189.0,178.8,11.2,8.0,178.4,-551.0,621.5,0.79,2.66,2.41,1.0,3.0,-0.4267,17.590389139861728,12.564563671329807,19.53,30.0
02a60149o0594c,320.91415608695655,39.58090347826087,>20.45,0.0,3.0,c,22.131,60149.52145395,4715.13,5160.96,171.0,181.0,4.8,7.8,181.1,306.8,459.9,0.8,2.59,2.33,1.0,3.0,-0.4317,7.329184724333537,11.909925177041996,19.57,30.0
02a60149o0601c,320.91415608695655,39.58090347826087,>20.49,0.0,3.0,c,22.131,60149.52501085,4696.39,5119.71,180.0,181.4,-10.6,8.1,181.1,336.9,447.1,0.81,2.48,2.25,1.0,3.0,-0.4387,-15.062560679695581,11.510069953352282,19.6,30.0
02a60149o0673c,320.91415608695655,39.58090347826087,>20.48,0.0,3.0,c,22.12,60149.56031195,4753.03,5195.25,199.0,179.5,-2.8,8.0,178.9,-171.0,533.8,0.91,2.49,2.27,1.0,3.0,-0.4387,-4.071383206195569,11.632523446273055,19.59,30.0
02a60149o0733c,320.91415608695655,39.58090347826087,>20.42,0.0,3.0,c,22.11,60149.58913265,4772.11,5076.59,160.0,180.7,0.2,7.5,179.7,1105.6,467.5,0.99,2.62,2.41,1.0,3.0,-0.4287,0.3248681047735317,12.182553929007438,19.56,30.0
02a60150o0426c,320.91415608695655,39.58090347826087,>20.55,0.0,3.0,c,22.152,60150.44151215,7768.5,9758.01,166.0,181.1,-4.7,7.1,181.0,221.4,455.2,1.02,2.6,2.36,1.0,3.0,-0.4317,-7.157180238732467,10.811910573404363,19.59,30.0
02a60150o0432c,320.91415608695655,39.58090347826087,>20.040074136357703,0.0,1.45,c,22.151,60150.44422515,7792.24,9797.78,199.0,180.2,10.0,6.9,179.0,-90.6,495.1,0.86,2.75,2.51,1.0,3.0,-0.4197,16.95763021352096,11.700764847329465,19.48,30.0
02a60150o0439c,320.91415608695655,39.58090347826087,>20.31,0.0,3.0,c,22.146,60150.44740625,7732.79,9720.33,183.0,179.8,-5.9,6.9,180.7,85.0,525.4,0.82,2.93,2.69,1.0,3.0,-0.4037,-11.309168042407228,13.225976185188115,19.43,30.0
02a60150o0502c,320.91415608695655,39.58090347826087,>20.41,0.0,3.0,c,22.152,60150.47675595,2848.79,727.32,176.0,180.3,-7.2,7.3,179.1,1387.0,499.6,0.7,2.77,2.46,1.0,3.0,-0.4187,-12.031121644228017,12.198220555953407,19.51,30.0
02a60152o0539c,320.91415608695655,39.58090347826087,>20.47,0.0,3.0,c,22.162,60152.49234825,769.28,6880.58,198.0,179.3,4.4,7.3,180.5,749.3,509.8,1.0,2.68,2.42,1.0,3.0,-0.4237,6.965648923977597,11.556644805690103,19.57,30.0
02a60152o0546c,320.91415608695655,39.58090347826087,>20.41,0.0,3.0,c,22.161,60152.49553505,749.16,6841.11,196.0,181.0,5.7,7.3,180.6,863.2,475.3,1.01,2.73,2.51,1.0,3.0,-0.4217,9.525109335045345,12.198824236110704,19.55,30.0
02a60152o0605c,320.91415608695655,39.58090347826087,>19.972953608616546,0.0,1.38,c,22.144,60152.52342265,802.83,6915.24,171.0,179.3,9.9,7.2,178.3,1518.7,583.8,1.01,2.76,2.53,1.0,3.0,-0.4187,17.077470473312722,12.419978526045616,19.51,30.0
02a60152o0665c,320.91415608695655,39.58090347826087,>20.3,0.0,3.0,c,22.142,60152.55209485,822.93,6797.1,175.0,181.2,-5.8,7.5,180.3,255.4,497.9,0.87,2.82,2.59,1.0,3.0,-0.4127,-10.426429505316822,13.482451946530373,19.48,30.0
02a60153o0456o,320.91415608695655,39.58090347826087,None,None,None,o,22.111,60153.45212715,None,None,None,None,None,None,None,None,None,None,None,None,1.0,3.0,-0.4467,None,None,19.26,30.0
02a60153o0460o,320.91415608695655,39.58090347826087,None,None,None,o,22.11,60153.45401675,None,None,None,None,None,None,None,None,None,None,None,None,1.0,3.0,-0.4407,None,None,19.23,30.0
02a60153o0539c,320.91415608695655,39.58090347826087,>19.871747100111705,0.0,1.59,c,22.159,60153.49430235,773.63,6886.8,178.0,180.5,11.3,7.1,181.2,-98.0,548.2,1.04,2.95,2.71,1.0,3.0,-0.4047,21.728437422463248,13.652381035353013,19.38,30.0
02a60153o0613c,320.91415608695655,39.58090347826087,>20.28,0.0,3.0,c,22.153,60153.53034055,750.81,6844.56,161.0,180.2,-16.4,7.1,180.0,66.0,598.0,0.92,2.92,2.71,1.0,3.0,-0.4107,-31.561289265696587,13.663728889417422,19.43,30.0
02a60153o0620c,320.91415608695655,39.58090347826087,>20.32,0.0,3.0,c,22.151,60153.53442815,812.32,6923.2,179.0,181.9,3.1,6.7,180.9,558.6,476.3,0.94,2.95,2.73,1.0,3.0,-0.4087,6.071627259531089,13.122549238341385,19.41,30.0
02a60153o0632c,320.91415608695655,39.58090347826087,>20.31,0.0,3.0,c,22.15,60153.54130165,833.36,6803.44,194.0,181.3,4.9,6.7,179.9,287.3,507.8,0.9,2.96,2.74,1.0,3.0,-0.4057,9.64710708218686,13.190942336867746,19.43,30.0
02a60154o0554o,320.91415608695655,39.58090347826087,>19.91,0.0,3.0,o,22.117,60154.49958435,8846.19,531.18,208.0,181.9,13.1,17.9,183.0,270.3,962.3,0.95,2.23,1.91,1.0,3.0,-0.4727,14.851429953565031,20.29317528006214,19.26,30.0
02a60154o0560o,320.91415608695655,39.58090347826087,>19.81,0.0,3.0,o,22.116,60154.50243435,8827.72,494.72,203.0,182.8,-4.0,19.4,181.3,1607.8,1000.3,0.67,2.25,1.92,1.0,3.0,-0.4737,-4.607894036116826,22.3482860751666,19.28,30.0
02a60154o0580o,320.91415608695655,39.58090347826087,>19.48212247535015,0.0,1.15,o,22.103,60154.51237105,8887.91,573.54,204.0,180.6,18.8,16.3,177.7,683.0,924.8,1.06,2.29,1.94,1.0,3.0,-0.4697,22.45710692554493,19.470789515233108,19.26,30.0
02a60154o0598o,320.91415608695655,39.58090347826087,>19.39044072678407,0.0,1.96,o,22.075,60154.52120905,8908.69,457.4,175.0,185.9,33.4,17.0,177.0,-270.5,1045.3,0.82,2.3,1.97,1.0,3.0,-0.4677,41.67727103479791,21.212982263220493,19.3,30.0
02a60156o0406o,320.91415608695655,39.58090347826087,>19.78,0.0,3.0,o,22.119,60156.42895515,3815.08,3556.83,213.0,178.7,-9.6,18.5,181.1,-300.3,1055.4,1.04,2.32,2.0,1.0,3.0,-0.4587,-11.682827354882017,22.513781881803887,18.89,30.0
02a60156o0413o,320.91415608695655,39.58090347826087,>19.244618394487727,0.0,1.54,o,22.115,60156.43215195,3837.67,3596.17,234.0,181.5,28.3,18.4,178.9,1200.6,1079.9,0.79,2.42,2.09,1.0,3.0,-0.4437,37.16266349716739,24.162297114766073,18.87,30.0
02a60156o0421o,320.91415608695655,39.58090347826087,>19.78,0.0,3.0,o,22.105,60156.43597145,3784.04,3518.7,159.0,181.2,-21.9,17.7,189.7,510.1,1190.5,1.12,2.36,2.03,1.0,3.0,-0.4487,-27.619187667162883,22.322357155652195,18.81,30.0
02a60156o0463o,320.91415608695655,39.58090347826087,>19.67,0.0,3.0,o,22.089,60156.45593385,3790.01,3635.9,232.0,181.5,14.7,17.3,178.2,435.6,1021.8,0.85,2.5,2.15,1.0,3.0,-0.4477,21.088930162308266,24.818945020947826,18.7,30.0
02a60158o0491o,320.91415608695655,39.58090347826087,>19.147980482544533,0.0,1.04,o,22.114,60158.47004695,7473.53,3043.01,195.0,179.0,21.7,20.9,178.2,-236.2,1161.4,0.71,2.38,2.04,1.0,3.0,-0.4537,27.632845168895535,26.61412276635561,18.7,30.0
02a60158o0498o,320.91415608695655,39.58090347826087,>19.74,0.0,3.0,o,22.118,60158.47321875,7454.23,3006.63,225.0,179.5,-1.3,20.7,184.9,1984.0,1522.8,1.2,2.25,1.92,1.0,3.0,-0.4607,-1.4770181919299374,23.518674286884387,18.74,30.0
02a60158o0541o,320.91415608695655,39.58090347826087,>19.69,0.0,3.0,o,22.115,60158.49401015,7511.09,3085.29,197.0,179.5,14.2,20.9,176.2,136.5,1166.2,0.89,2.3,1.94,1.0,3.0,-0.4597,16.694624514594818,24.571665658805042,18.78,30.0
02a60158o0553o,320.91415608695655,39.58090347826087,>19.63,0.0,3.0,o,22.115,60158.49953695,7530.58,2966.86,184.0,180.4,16.5,21.6,184.8,-1527.2,1005.5,0.9,2.31,1.97,1.0,3.0,-0.4597,19.78430941639178,25.89945959964015,18.76,30.0
02a60159o0425o,320.91415608695655,39.58090347826087,>19.78,0.0,3.0,o,22.116,60159.43247145,3088.21,7517.54,190.0,178.9,2.6,19.6,181.5,1025.9,1025.5,0.99,2.25,1.95,1.0,3.0,-0.4657,3.019598651318342,22.763128294553656,18.96,30.0
02a60159o0429o,320.91415608695655,39.58090347826087,>19.73,0.0,3.0,o,22.116,60159.43427985,3110.05,7559.64,143.0,181.1,5.8,20.1,182.6,189.4,1222.1,0.62,2.27,1.97,1.0,3.0,-0.4637,6.852969867006017,23.749085228762233,18.99,30.0
02a60159o0481o,320.91415608695655,39.58090347826087,>19.77,0.0,3.0,o,22.117,60159.46027035,3086.94,7480.79,172.0,180.5,5.8,19.8,186.0,2659.6,1122.6,0.8,2.28,1.93,1.0,3.0,-0.4627,6.730989217481593,22.978204570023365,18.92,30.0
02a60159o0509o,320.91415608695655,39.58090347826087,>19.91,0.0,3.0,o,22.117,60159.47340205,7533.48,2966.71,179.0,182.7,7.9,17.5,188.5,1220.7,1020.4,1.0,2.25,1.94,1.0,3.0,-0.4637,9.102696956626396,20.164202119109103,18.94,30.0
02a60160o0498o,320.91415608695655,39.58090347826087,>19.9,0.0,3.0,o,22.127,60160.47018485,3527.82,3230.2,154.0,179.7,-7.7,18.6,180.0,-94.3,986.6,0.75,2.21,1.89,1.0,3.0,-0.4767,-8.513409982163093,20.564860476393967,19.03,30.0
02a60160o0569o,320.91415608695655,39.58090347826087,>19.87,0.0,3.0,o,22.122,60160.50370285,3504.32,3191.54,244.0,178.4,13.4,18.5,179.0,2485.9,943.0,0.69,2.26,1.91,1.0,3.0,-0.4737,15.339293245051811,21.17738246518347,18.97,30.0
02a60160o0575o,320.91415608695655,39.58090347826087,>19.87,0.0,3.0,o,22.123,60160.50652555,3564.0,3267.63,203.0,180.3,3.3,18.5,184.7,1570.5,1184.0,0.76,2.26,1.9,1.0,3.0,-0.4747,3.7578091992839933,21.066506117198145,19.0,30.0
02a60160o0590o,320.91415608695655,39.58090347826087,>19.9,0.0,3.0,o,22.124,60160.51378225,3585.91,3150.09,160.0,181.3,-15.0,18.8,182.0,-595.1,1156.4,1.09,2.21,1.86,1.0,3.0,-0.4787,-16.396653618617016,20.550472535333327,18.99,30.0
02a60161o0517o,320.91415608695655,39.58090347826087,>19.571714738146348,0.0,1.15,o,22.135,60161.47416185,3532.42,3232.82,216.0,179.7,19.6,17.0,180.8,1144.5,975.5,0.66,2.19,1.84,1.0,3.0,-0.4777,20.77192541337905,18.016465919767544,19.13,30.0
02a60161o0527o,320.91415608695655,39.58090347826087,>19.567108993128137,0.0,1.26,o,22.135,60161.47867735,3512.3,3193.65,224.0,179.3,21.4,17.0,181.1,1945.4,962.9,1.05,2.19,1.85,1.0,3.0,-0.4767,22.781817152230268,18.097705214388537,19.12,30.0
02a60161o0543o,320.91415608695655,39.58090347826087,>20.03,0.0,3.0,o,22.134,60161.48672845,3571.2,3271.41,183.0,180.1,-7.7,17.2,180.7,2719.7,851.3,0.48,2.2,1.83,1.0,3.0,-0.4787,-8.168141281894382,18.245718188127707,19.15,30.0
02a60161o0609o,320.91415608695655,39.58090347826087,>19.5645101238093,0.0,1.26,o,22.131,60161.51939865,3589.05,3152.33,215.0,179.8,21.6,17.2,180.3,-98.1,974.3,0.9,2.14,1.84,1.0,3.0,-0.4847,22.5966517650766,17.99363010922766,19.15,30.0
02a60162o0407o,320.91415608695655,39.58090347826087,>20.1,0.0,3.0,o,22.149,60162.44647645,100.09,8957.93,180.0,183.8,4.5,16.9,188.9,521.0,1014.0,1.15,2.14,1.83,1.0,3.0,-0.4897,4.62632482294338,17.374419890609584,19.29,30.0
02a60162o0414o,320.91415608695655,39.58090347826087,>19.50388653159149,0.0,1.35,o,22.151,60162.44964015,81.48,8920.53,187.0,181.5,25.4,18.8,189.3,2145.4,883.6,1.03,2.12,1.82,1.0,3.0,-0.4917,25.7276258220757,19.042494702953665,19.3,30.0
02a60162o0426o,320.91415608695655,39.58090347826087,>20.06,0.0,3.0,o,22.14,60162.45525465,138.75,8995.29,178.0,181.6,7.9,13.1,181.3,1477.2,952.4,1.03,2.43,2.14,1.0,3.0,-0.4687,10.666105708273538,17.68683351625106,19.19,30.0
02a60162o0448o,320.91415608695655,39.58090347826087,>20.05,0.0,3.0,o,22.151,60162.46531055,159.29,8875.74,159.0,180.1,-3.0,17.8,182.3,265.8,894.2,0.58,1.97,1.97,1.0,3.0,-0.4877,-3.045176378644955,18.0680465132934,19.29,30.0
02a60162o0465o,320.91415608695655,39.58090347826087,>20.14,0.0,3.0,o,22.122,60162.47304325,9754.9,8928.19,194.0,181.5,3.6,15.7,184.5,1888.7,852.4,0.95,2.14,1.85,1.0,3.0,-0.4657,3.7518610661632703,16.362282982989818,19.34,30.0
02a60162o0473o,320.91415608695655,39.58090347826087,>19.37,0.0,3.0,o,21.822,60162.47670245,9735.11,8887.32,160.0,179.5,5.8,16.0,178.0,1683.6,1143.1,0.93,2.59,2.3,1.0,3.0,-0.4347,11.652371946003075,32.14447433380159,18.52,30.0
02a60162o0487o,320.91415608695655,39.58090347826087,>19.98,0.0,3.0,o,22.121,60162.51317215,9788.65,8967.89,176.0,178.5,2.2,17.4,181.6,2183.0,871.0,0.53,2.21,1.87,1.0,3.0,-0.4607,2.3845987190406346,18.860008050594104,19.32,30.0
02a60162o0533o,320.91415608695655,39.58090347826087,>19.92,0.0,3.0,o,22.114,60162.53517865,9807.15,8855.2,205.0,178.0,13.2,15.8,177.3,-235.1,869.6,0.76,2.44,1.95,1.0,3.0,-0.4437,16.32138894029734,19.536207973992273,19.21,30.0
02a60170o0471c,320.91415608695655,39.58090347826087,>20.54,0.0,3.0,c,22.172,60170.45381535,4807.98,690.37,182.0,180.9,-4.8,8.3,181.2,2463.5,491.5,0.79,2.45,2.22,1.0,3.0,-0.4417,-6.419763680928722,11.10084136493925,19.6,30.0
02a60170o0478c,320.91415608695655,39.58090347826087,>20.49,0.0,3.0,c,22.172,60170.45698015,4789.28,649.23,148.0,181.1,-12.6,8.6,181.9,701.4,555.7,0.92,2.45,2.23,1.0,3.0,-0.4427,-16.943387282315925,11.564534176818803,19.62,30.0
02a60170o0538c,320.91415608695655,39.58090347826087,19.89,0.28,3.36,c,22.167,60170.48626405,4843.27,727.81,224.0,171.4,29.9,8.9,171.7,1143.1,684.9,0.74,2.44,2.22,1.0,3.0,-0.4437,40.084155145252055,11.931404039891085,19.56,30.0
02a60170o0550c,320.91415608695655,39.58090347826087,>20.47,0.0,3.0,c,22.165,60170.49208215,4865.63,608.77,184.0,181.6,4.0,8.7,181.7,1320.0,568.6,1.03,2.46,2.23,1.0,3.0,-0.4427,5.435740390397497,11.822735349114554,19.56,30.0
02a60174o0403c,320.91415608695655,39.58090347826087,>19.950423403545507,0.0,1.23,c,22.177,60174.41869225,2015.36,8790.5,194.0,180.3,11.3,9.2,180.1,617.1,628.0,0.87,2.5,2.26,1.0,3.0,-0.4357,15.541238903986262,12.653044063422444,19.61,30.0
02a60174o0476c,320.91415608695655,39.58090347826087,>20.39,0.0,3.0,c,22.163,60174.45291715,1993.84,8748.52,185.0,179.6,-2.7,9.2,179.4,-48.8,594.4,0.99,2.47,2.25,1.0,3.0,-0.4377,-3.7068241245541715,12.630659979962358,19.64,30.0
02a60174o0483c,320.91415608695655,39.58090347826087,>19.94077235151241,0.0,1.22,c,22.171,60174.45609755,2051.52,8826.88,182.0,180.5,11.2,9.2,179.3,604.7,562.4,0.78,2.51,2.27,1.0,3.0,-0.4347,15.605451799966557,12.818763978543958,19.61,30.0
02a60174o0495c,320.91415608695655,39.58090347826087,>20.3,0.0,3.0,c,22.164,60174.46154855,2071.67,8707.8,179.0,178.7,2.5,9.7,178.0,993.5,675.9,0.58,2.52,2.27,1.0,3.0,-0.4337,3.5166176534044875,13.64447649520941,19.59,30.0
02a60175o0418c,320.91415608695655,39.58090347826087,>20.31,0.0,3.0,c,22.175,60175.42789865,2021.09,8794.55,146.0,177.8,-7.4,9.6,177.6,802.2,658.3,1.12,2.54,2.28,1.0,3.0,-0.4347,-10.441407095974261,13.545609205588228,19.51,30.0
02a60175o0424c,320.91415608695655,39.58090347826087,>20.16,0.0,3.0,c,22.174,60175.43070625,2002.99,8755.95,193.0,179.4,7.4,11.1,179.4,82.9,777.7,0.73,2.55,2.26,1.0,3.0,-0.4317,10.371440605283405,15.557160907925104,19.51,30.0
02a60175o0454c,320.91415608695655,39.58090347826087,>19.82045316727577,0.0,2.04,c,22.174,60175.44563445,2060.34,8831.77,193.0,180.5,21.2,10.4,180.6,1282.6,802.4,0.88,2.49,2.25,1.0,3.0,-0.4367,29.0186010230516,14.23554012451588,19.47,30.0
02a60175o0475c,320.91415608695655,39.58090347826087,>20.38,0.0,3.0,c,22.17,60175.45659775,2081.18,8713.56,169.0,180.6,-7.2,9.1,180.5,993.2,667.7,1.03,2.52,2.26,1.0,3.0,-0.4307,-10.000005103463579,12.638895339099799,19.44,30.0
02a60176o0417c,320.91415608695655,39.58090347826087,>19.96181959743452,0.0,1.61,c,22.167,60176.42595645,9460.32,2992.53,192.0,180.1,15.1,9.4,179.2,44.7,564.5,0.74,2.45,2.22,1.0,3.0,-0.4347,20.158339324488455,12.548899976833873,19.63,30.0
02a60176o0488c,320.91415608695655,39.58090347826087,>20.35,0.0,3.0,c,22.163,60176.45988715,9434.48,2949.55,159.0,180.6,4.2,9.5,180.7,838.9,625.0,0.72,2.51,2.23,1.0,3.0,-0.4287,5.759524369747842,13.027495598239167,19.6,30.0
02a60176o0495c,320.91415608695655,39.58090347826087,>19.959543704721593,0.0,1.33,c,22.163,60176.46306585,9495.31,3029.52,206.0,179.1,12.4,9.3,179.3,1832.6,592.7,0.63,2.48,2.23,1.0,3.0,-0.4287,16.801071278551095,12.600803458913322,19.65,30.0
02a60176o0507c,320.91415608695655,39.58090347826087,>20.39,0.0,3.0,c,22.162,60176.46849765,9516.01,2912.77,189.0,180.8,9.0,9.3,179.5,505.8,526.7,0.69,2.47,2.22,1.0,3.0,-0.4337,12.157693275202922,12.562949717709687,19.6,30.0
02a60177o0377c,320.91415608695655,39.58090347826087,>20.025433102599003,0.0,2.18,c,22.16,60177.42009295,9461.92,2992.34,184.0,180.5,16.6,7.6,176.6,-252.3,562.1,1.02,2.64,2.42,1.0,3.0,-0.4147,25.720897942217828,11.775832792822618,19.54,30.0
02a60177o0385c,320.91415608695655,39.58090347826087,>20.42,0.0,3.0,c,22.162,60177.42398805,9441.98,2953.98,170.0,180.9,-9.7,8.3,180.8,213.5,501.4,0.76,2.57,2.33,1.0,3.0,-0.4227,-14.165096056340023,12.12064920284765,19.55,30.0
02a60177o0398c,320.91415608695655,39.58090347826087,>20.39,0.0,3.0,c,22.161,60177.43111345,9499.86,3033.87,188.0,181.4,0.4,8.3,179.6,-148.8,496.6,0.75,2.6,2.36,1.0,3.0,-0.4167,0.5958049232459243,12.362952157352929,19.59,30.0
02a60177o0421c,320.91415608695655,39.58090347826087,>20.016694605590565,0.0,1.32,c,22.16,60177.44300375,9518.42,2919.47,173.0,181.9,11.2,8.5,181.5,761.6,483.4,0.82,2.51,2.29,1.0,3.0,-0.4247,15.757451234793267,11.958779954977036,19.59,30.0
02a60178o0421c,320.91415608695655,39.58090347826087,>20.33,0.0,3.0,c,22.157,60178.42621865,8646.17,6942.04,165.0,179.2,1.7,7.7,178.8,218.2,557.8,0.91,2.75,2.54,1.0,3.0,-0.4097,2.874577865231898,13.020146801344481,19.49,30.0
02a60178o0428c,320.91415608695655,39.58090347826087,>19.990526601326202,0.0,1.4,c,22.159,60178.42946485,8626.55,6902.31,191.0,179.5,10.9,7.8,178.9,907.6,540.2,0.97,2.63,2.44,1.0,3.0,-0.4177,17.02671309283109,12.18425340587913,19.55,30.0
02a60178o0439c,320.91415608695655,39.58090347826087,>20.42,0.0,3.0,c,22.156,60178.43475455,8684.81,6983.99,157.0,179.3,-10.9,7.4,180.2,-223.5,486.0,0.85,2.69,2.48,1.0,3.0,-0.4127,-17.668073775598398,11.994839077011754,19.49,30.0
02a60178o0512c,320.91415608695655,39.58090347826087,>20.36,0.0,3.0,c,22.151,60178.46991745,8700.8,6864.96,195.0,179.7,8.1,8.6,179.0,608.0,514.1,0.88,2.57,2.35,1.0,3.0,-0.4197,12.018347296833534,12.76022058676153,19.49,30.0
02a60179o0398c,320.91415608695655,39.58090347826087,>20.003091019007325,0.0,1.13,c,22.16,60179.41607595,8648.15,6939.78,179.0,180.4,8.5,7.5,181.3,425.8,574.7,0.61,2.69,2.48,1.0,3.0,-0.4137,13.739838621117345,12.123387018632952,19.53,30.0
02a60179o0405c,320.91415608695655,39.58090347826087,>20.47,0.0,3.0,c,22.161,60179.41924195,8630.77,6903.38,188.0,179.3,-6.9,7.7,181.6,1326.5,631.5,0.74,2.6,2.37,1.0,3.0,-0.4177,-10.33069476759659,11.528456479781699,19.58,30.0
02a60179o0424c,320.91415608695655,39.58090347826087,>20.4,0.0,3.0,c,22.16,60179.42839305,8688.09,6979.72,201.0,178.1,3.9,8.1,178.5,991.4,544.7,0.84,2.62,2.39,1.0,3.0,-0.4217,5.961046979792834,12.380636034954348,19.56,30.0
02a60179o0444c,320.91415608695655,39.58090347826087,>20.37,0.0,3.0,c,22.159,60179.43845655,8706.86,6865.91,180.0,178.7,-0.1,8.2,177.9,368.5,579.7,0.85,2.62,2.41,1.0,3.0,-0.4197,-0.15398452552707578,12.626731093220211,19.58,30.0
02a60180o0248o,320.91415608695655,39.58090347826087,>20.1,0.0,3.0,o,22.13,60180.37367655,1949.94,5557.51,182.0,181.4,2.4,14.0,182.8,940.6,734.9,0.69,2.32,2.0,1.0,3.0,-0.4607,2.8965962730109474,16.89681159256386,19.36,30.0
02a60180o0265o,320.91415608695655,39.58090347826087,>20.17,0.0,3.0,o,22.133,60180.38238065,1977.64,5597.32,148.0,177.8,5.9,13.4,179.2,1959.4,825.8,0.86,2.28,1.99,1.0,3.0,-0.4627,6.956626396523753,15.799795544647166,19.41,30.0
02a60180o0271o,320.91415608695655,39.58090347826087,>20.15,0.0,3.0,o,22.131,60180.38526045,1924.6,5519.56,182.0,179.9,-7.7,13.2,179.5,543.3,902.4,0.78,2.33,2.02,1.0,3.0,-0.4577,-9.391971389479489,16.100522381964833,19.39,30.0
02a60180o0281o,320.91415608695655,39.58090347826087,>20.25,0.0,3.0,o,22.131,60180.39049685,1911.16,5636.83,180.0,181.8,-0.6,11.5,180.2,-387.1,571.2,0.81,2.39,2.06,1.0,3.0,-0.4497,-0.7599326725675488,14.565376224211356,19.37,30.0
02a60183o0343o,320.91415608695655,39.58090347826087,>19.45250005215671,0.0,1.7,o,22.136,60183.42804075,804.29,4981.65,208.0,177.3,26.5,15.6,172.4,-1942.3,918.6,0.77,2.41,2.07,1.0,3.0,-0.4607,34.19731487855671,20.131249513414517,19.03,30.0
02a60183o0369o,320.91415608695655,39.58090347826087,>19.99,0.0,3.0,o,22.14,60183.44026715,743.39,4904.55,200.0,179.7,15.5,16.2,181.9,2048.1,921.0,0.84,2.28,1.97,1.0,3.0,-0.4717,18.125563479709808,18.944137314277345,19.12,30.0
02a60183o0370o,320.91415608695655,39.58090347826087,None,None,None,o,22.123,60183.44071985,None,None,None,None,None,None,None,None,None,None,None,None,1.0,3.0,-0.4507,None,None,19.11,30.0
02a60183o0376o,320.91415608695655,39.58090347826087,>19.9,0.0,3.0,o,22.131,60183.44343255,802.71,4978.86,176.0,179.5,-0.6,14.3,179.7,11.3,941.9,0.83,2.5,2.19,1.0,3.0,-0.4587,-0.8521069728376256,20.308549519296744,19.0,30.0
02a60183o0378o,320.91415608695655,39.58090347826087,None,None,None,o,22.124,60183.44433605,None,None,None,None,None,None,None,None,None,None,None,None,1.0,3.0,-0.4517,None,None,19.13,30.0
02a60183o0400o,320.91415608695655,39.58090347826087,>19.94,0.0,3.0,o,22.134,60183.45455355,823.84,4863.34,191.0,179.0,5.0,15.7,175.3,912.8,1069.2,0.8,2.36,2.04,1.0,3.0,-0.4637,6.255628074102272,19.642672152681133,19.03,30.0
02a60185o0380o,320.91415608695655,39.58090347826087,>19.21262788098227,0.0,1.93,o,22.126,60185.39811375,7855.7,8969.24,162.0,166.7,43.1,22.3,162.0,1201.7,1293.4,0.92,2.25,1.91,1.0,3.0,-0.4637,48.489968367183536,25.088777136617,18.92,30.0
02a60185o0387o,320.91415608695655,39.58090347826087,>19.6,0.0,3.0,o,22.127,60185.40127585,7837.13,8932.3,171.0,167.1,8.0,23.6,167.7,3026.7,1396.4,1.08,2.26,1.92,1.0,3.0,-0.4617,9.062716615245767,26.73501401497502,18.94,30.0
02a60185o0408o,320.91415608695655,39.58090347826087,>19.63,0.0,3.0,o,22.126,60185.41136445,7893.46,9004.64,171.0,171.4,-20.8,23.3,170.5,-918.1,1401.0,0.72,2.24,1.91,1.0,3.0,-0.4617,-23.2543104356913,26.049299670750347,18.89,30.0
02a60185o0422o,320.91415608695655,39.58090347826087,>19.59,0.0,3.0,o,22.126,60185.41795325,7913.45,8896.26,143.0,173.0,-11.0,24.9,160.3,-729.9,1808.4,0.77,2.21,1.88,1.0,3.0,-0.4627,-11.953678012654679,27.058780228645592,18.95,30.0
02a60186o0388o,320.91415608695655,39.58090347826087,>19.74,0.0,3.0,o,22.125,60186.40394535,5501.56,3125.67,108.0,179.0,-56.9,22.1,183.6,1469.0,1201.5,1.18,2.19,1.85,1.0,3.0,-0.4667,-60.57408392345338,23.527016778705097,18.78,30.0
02a60186o0395o,320.91415608695655,39.58090347826087,>19.68,0.0,3.0,o,22.127,60186.40711845,5482.27,3086.38,220.0,175.8,1.6,24.3,180.0,328.8,1467.5,0.79,2.15,1.83,1.0,3.0,-0.4727,1.660230077903973,25.21474430816659,18.78,30.0
02a60186o0407o,320.91415608695655,39.58090347826087,>19.63,0.0,3.0,o,22.126,60186.41256895,5540.63,3163.11,175.0,176.7,-31.5,24.4,179.4,657.7,1500.6,0.66,2.19,1.86,1.0,3.0,-0.4697,-33.77741098394994,26.16408977804376,18.75,30.0
02a60186o0432o,320.91415608695655,39.58090347826087,>19.61,0.0,3.0,o,22.115,60186.42391495,5561.47,3044.94,208.0,176.3,7.2,17.6,175.3,39.5,1268.1,1.26,2.54,2.24,1.0,3.0,-0.4337,10.538358696446341,25.76043236909106,18.57,30.0
02a60187o0412o,320.91415608695655,39.58090347826087,>19.07,0.0,3.0,o,22.105,60187.40908735,5501.4,3123.63,113.0,173.1,-22.8,12.4,178.0,2446.8,1199.2,1.03,3.75,3.51,1.0,3.0,-0.3827,-74.34161242937404,40.43140325106308,18.02,30.0
02a60187o0419o,320.91415608695655,39.58090347826087,>18.15,0.0,3.0,o,21.813,60187.41225055,5481.4,3082.18,187.0,177.8,23.4,29.3,170.5,-2827.0,2560.6,0.94,3.28,3.05,1.0,3.0,-0.4067,77.57973392159583,97.14043606422044,17.1,30.0
02a60187o0430o,320.91415608695655,39.58090347826087,>18.68161022866083,0.0,2.55,o,22.109,60187.41757285,5541.27,3161.54,233.0,176.5,39.2,15.4,176.0,3093.3,1354.0,0.84,3.36,3.12,1.0,3.0,-0.4057,103.59497351390333,40.69802530903345,18.14,30.0
02a60187o0452o,320.91415608695655,39.58090347826087,>18.91,0.0,3.0,o,22.103,60187.42753275,5561.29,3044.78,233.0,173.0,-3.9,13.3,177.6,2243.8,1415.3,0.97,3.93,3.63,1.0,3.0,-0.3787,-13.756961685203878,46.91476677261837,18.0,30.0
02a60190o0360o,320.91415608695655,39.58090347826087,>19.99,0.0,3.0,o,22.133,60190.38934805,1468.07,2885.99,176.0,179.7,4.4,16.3,180.1,-578.7,880.4,0.65,2.26,1.95,1.0,3.0,-0.4747,5.09512064915921,18.875106041203438,19.1,30.0
02a60190o0367o,320.91415608695655,39.58090347826087,>19.559087287226482,0.0,1.57,o,22.136,60190.39254525,1447.7,2846.78,193.0,180.7,26.9,17.1,181.1,1934.3,1036.8,0.75,2.15,1.86,1.0,3.0,-0.4867,28.501152992429216,18.11783331488995,19.16,30.0
02a60190o0383o,320.91415608695655,39.58090347826087,>20.01,0.0,3.0,o,22.135,60190.39996715,1508.93,2921.73,179.0,178.1,6.2,17.7,181.0,2464.6,926.7,0.79,2.0,2.0,1.0,3.0,-0.4867,6.576736259350118,18.77552125653179,19.17,30.0
02a60190o0404o,320.91415608695655,39.58090347826087,>19.88,0.0,3.0,o,22.128,60190.41009045,1528.88,2805.37,182.0,181.3,5.6,16.7,179.0,-148.7,930.2,0.71,2.34,2.02,1.0,3.0,-0.4737,6.9809415078987795,20.818164853912428,19.07,30.0
02a60191o0408o,320.91415608695655,39.58090347826087,>20.11,0.0,3.0,o,22.131,60191.40775865,1471.11,2882.58,167.0,178.7,8.8,14.2,178.9,853.6,817.7,0.78,2.55,1.77,1.0,3.0,-0.4837,10.542773207520737,17.01220222122664,19.2,30.0
02a60191o0415o,320.91415608695655,39.58090347826087,>20.03,0.0,3.0,o,22.131,60191.41092965,1450.45,2844.46,189.0,179.2,0.0,15.0,180.6,1909.2,807.5,0.81,2.58,1.79,1.0,3.0,-0.4857,0.0,18.42140459823313,19.25,30.0
02a60191o0427o,320.91415608695655,39.58090347826087,>20.04,0.0,3.0,o,22.131,60191.41636505,1511.85,2920.17,194.0,179.8,1.8,15.7,181.9,2017.3,828.5,0.62,2.51,1.74,1.0,3.0,-0.4927,2.1040411055436,18.3519140872414,19.25,30.0
02a60191o0470o,320.91415608695655,39.58090347826087,>20.01,0.0,3.0,o,22.126,60191.43606015,1534.05,2797.92,181.0,179.9,3.7,15.2,179.5,-737.2,784.0,0.53,2.64,1.75,1.0,3.0,-0.4877,4.575119529310892,18.795085633925826,19.19,30.0
02a60192o0354o,320.91415608695655,39.58090347826087,>20.09,0.0,3.0,o,21.964,60192.39111245,677.49,458.7,199.0,179.1,-6.7,13.8,179.2,450.3,682.8,0.8,2.28,1.79,1.0,3.0,-0.4887,-8.503964253572338,17.515627865566906,19.01,30.0
02a60192o0362o,320.91415608695655,39.58090347826087,>18.93,0.0,3.0,o,21.635,60192.39475385,655.99,418.71,74.0,139.2,-12.3,30.3,138.8,3440.4,1909.1,1.02,2.27,1.76,1.0,3.0,-0.4787,-20.502290448919233,50.5056423253864,18.48,30.0
02a60192o0374o,320.91415608695655,39.58090347826087,>19.59,0.0,3.0,o,21.88,60192.40020975,718.86,497.3,133.0,174.1,-48.2,18.7,180.4,2140.0,1062.8,0.99,2.58,1.71,1.0,3.0,-0.4797,-70.863337031019,27.492622458092434,18.72,30.0
02a60192o0398o,320.91415608695655,39.58090347826087,>19.79,0.0,3.0,o,21.871,60192.41112095,736.99,374.57,164.0,181.5,-10.1,16.5,185.3,1106.4,898.2,1.28,2.43,1.69,1.0,3.0,-0.4907,-14.079041765682193,23.00041476571844,18.78,30.0
02a60193o0385o,320.91415608695655,39.58090347826087,None,None,None,o,21.902,60193.52495285,None,None,None,None,None,None,None,None,None,None,None,None,1.0,3.0,-0.4637,None,None,18.87,30.0
02a60193o0416o,320.91415608695655,39.58090347826087,>18.32,0.0,3.0,o,21.422,60193.53947795,5165.8,10521.8,76.0,144.7,8.9,43.9,152.9,-26941.3,2932.8,1.31,2.15,1.85,1.0,3.0,-0.4697,17.822102629398742,87.9090230820904,18.14,30.0
02a60195o0378c,320.91415608695655,39.58090347826087,>20.044021803228375,0.0,1.8,c,22.17,60195.39343205,4815.53,7094.53,188.0,180.6,16.0,8.9,178.4,996.9,491.5,1.01,2.42,2.19,1.0,3.0,-0.4387,20.832347376890898,11.587993228395563,19.59,30.0
02a60195o0385c,320.91415608695655,39.58090347826087,>20.036556808189236,0.0,1.33,c,22.17,60195.39660515,4797.12,7056.23,174.0,179.3,12.1,9.1,179.5,317.5,587.6,0.78,2.4,2.17,1.0,3.0,-0.4397,15.495838846308596,11.653895330694896,19.62,30.0
02a60195o0397c,320.91415608695655,39.58090347826087,>20.49,0.0,3.0,c,22.169,60195.40203025,4853.86,7128.65,184.0,179.1,0.5,8.9,178.8,3358.6,569.9,0.81,2.41,2.18,1.0,3.0,-0.4387,0.6459550320766555,11.497999570964467,19.6,30.0
02a60195o0421c,320.91415608695655,39.58090347826087,>20.51,0.0,3.0,c,22.166,60195.41305665,4873.06,7012.2,182.0,179.3,-0.8,8.8,177.2,-292.6,557.5,0.77,2.4,2.18,1.0,3.0,-0.4397,-1.0330384052754134,11.363422458029548,19.61,30.0
02a60196o0348c,320.91415608695655,39.58090347826087,>20.5,0.0,3.0,c,22.166,60196.38114625,5956.28,9038.92,171.0,180.4,-3.0,8.8,180.8,461.6,493.0,1.1,2.4,2.2,1.0,3.0,-0.4377,-3.902239516423582,11.446569248175841,19.64,30.0
02a60196o0355c,320.91415608695655,39.58090347826087,>20.41,0.0,3.0,c,22.165,60196.38432565,5938.06,8999.45,180.0,180.7,8.5,9.4,178.3,-125.5,552.9,0.77,2.42,2.22,1.0,3.0,-0.4357,11.239474631818839,12.42953665165848,19.62,30.0
02a60196o0367c,320.91415608695655,39.58090347826087,>20.48,0.0,3.0,c,22.164,60196.38978045,5994.35,9076.99,190.0,181.0,7.6,8.9,179.7,26.2,509.5,0.92,2.41,2.2,1.0,3.0,-0.4377,9.945166558738016,11.6463134701011,19.61,30.0
02a60196o0390c,320.91415608695655,39.58090347826087,>20.37,0.0,3.0,c,22.163,60196.40029375,6014.48,8959.7,182.0,181.1,4.8,9.6,179.4,-531.0,501.8,0.81,2.44,2.23,1.0,3.0,-0.4327,6.422360386223453,12.844720772446905,19.59,30.0
02a60197o0391c,320.91415608695655,39.58090347826087,>20.43,0.0,3.0,c,22.161,60197.39938925,5958.99,9040.06,183.0,180.0,-3.6,7.4,180.4,471.0,577.8,1.11,2.7,2.47,1.0,3.0,-0.4137,-5.811951258548427,11.946788698127323,19.47,30.0
02a60197o0399c,320.91415608695655,39.58090347826087,>20.3,0.0,3.0,c,22.159,60197.40300445,5940.17,9000.4,176.0,179.5,2.2,8.0,180.5,1350.4,545.3,0.92,2.75,2.53,1.0,3.0,-0.4087,3.6951718528430972,13.43698855579308,19.44,30.0
02a60197o0413c,320.91415608695655,39.58090347826087,>20.43,0.0,3.0,c,22.16,60197.40933085,5996.49,9079.17,158.0,181.1,5.0,7.9,181.0,1327.4,479.2,1.04,2.61,2.38,1.0,3.0,-0.4207,7.574364730837549,11.967496274723329,19.52,30.0
02a60197o0436c,320.91415608695655,39.58090347826087,>20.35,0.0,3.0,c,22.158,60197.42049785,6014.88,8963.88,202.0,180.2,4.2,8.7,179.1,684.1,538.2,0.9,2.46,2.46,1.0,3.0,-0.4207,6.209809106401422,12.863176006117227,19.5,30.0
02a60198o0349c,320.91415608695655,39.58090347826087,>20.41,0.0,3.0,c,22.165,60198.37942035,4721.37,5162.05,176.0,180.8,-3.0,8.1,183.2,1564.5,494.0,0.93,2.64,2.36,1.0,3.0,-0.4267,-4.5624270120045685,12.318552932412334,19.5,30.0
02a60198o0357c,320.91415608695655,39.58090347826087,>20.46,0.0,3.0,c,22.164,60198.38305535,4702.28,5122.13,174.0,178.9,-0.7,8.1,179.0,1053.5,514.9,0.82,2.55,2.32,1.0,3.0,-0.4327,-1.01738411068791,11.77258756653153,19.52,30.0
02a60198o0371c,320.91415608695655,39.58090347826087,>20.35,0.0,3.0,c,22.164,60198.38959265,4760.43,5198.53,167.0,181.2,4.6,8.9,177.9,-686.8,486.1,0.83,2.57,2.33,1.0,3.0,-0.4337,6.773382811245122,13.105023265235129,19.48,30.0
02a60198o0395c,320.91415608695655,39.58090347826087,>20.38,0.0,3.0,c,22.16,60198.40049525,4780.34,5082.6,177.0,180.2,-6.8,8.2,181.3,236.7,553.6,0.79,2.62,2.39,1.0,3.0,-0.4297,-10.470486236640786,12.626174579478594,19.46,30.0
02a60199o0345c,320.91415608695655,39.58090347826087,>20.2,0.0,3.0,c,21.935,60199.37627705,4726.64,5164.16,158.0,179.5,-10.0,8.5,178.2,512.4,617.8,0.86,2.52,2.3,1.0,3.0,-0.4257,-17.469767377539934,14.849302270908945,19.26,30.0
02a60199o0353c,320.91415608695655,39.58090347826087,>20.28,0.0,3.0,c,21.975,60199.37989205,4707.64,5125.25,166.0,180.2,-3.5,8.4,181.2,313.2,547.9,0.98,2.5,2.27,1.0,3.0,-0.4277,-5.780862711061344,13.874070506547225,19.32,30.0
02a60199o0373c,320.91415608695655,39.58090347826087,>20.05,0.0,3.0,c,21.829,60199.38991205,4762.94,5201.12,161.0,180.6,-11.2,9.0,180.6,-367.0,598.3,0.85,2.5,2.28,1.0,3.0,-0.4247,-21.195888371199143,17.03241029828503,19.15,30.0
02a60199o0394c,320.91415608695655,39.58090347826087,>20.2,0.0,3.0,c,21.962,60199.40026295,4782.25,5084.53,194.0,177.7,1.3,8.8,176.2,-157.3,622.4,0.81,2.53,2.27,1.0,3.0,-0.4257,2.1950705138283095,14.858938862837787,19.28,30.0

