ZTF 2022rey req00381170 268.3069708333333 42.788525 0.04 0.040563956881262575 59802.40891000023
++++++++++++++++++++++++++++++++++++++++++++++++++++++++++++++++
t0, 59810.84616327616, 0.16858250380755635
x0, 0.00023846622500297716, 6.782888472086211e-06
x1, -3.274464299296076, 0.19118109269514494
c, 0.5607637417343326, 0.022369604746119775
mu, 36.879363819998126, 0.07907639614273448
hostMass, 10.665653521436408, 0.0016239326144556986
++++++++++++++++++++++++++++++++++++++++++++++++++++++++++++++++
zp, 26.2342, 25.3761, 26.3195, 26.2212, 26.3795, 26.2967, 26.3194, 26.2752, 26.0846, 26.3892, 26.3722, 26.0319, 26.379, 26.3655, 25.8812, 25.4958, 26.2647, 26.3218, 26.2533, 25.5348, 26.3094, 26.2536, 25.5274, 26.2822, 26.2665, 26.2725, 26.2646, 26.3242, 25.5352, 26.3471, 26.287, 26.3685, 26.2787, 26.3479, 26.2456, 26.3459, 26.2514, 26.264, 25.5799, 26.2613, 26.3066, 26.1458, 25.5946, 26.2468, 26.3732, 26.3861, 26.3838, 26.3977, 26.4032, 26.3066, 25.6419, 26.3231, 26.2835, 26.2568, 26.3185, 26.2551, 26.2909, 26.3395, 26.3889, 26.3062, 26.2276, 25.5186, 26.153, 26.0735, 25.5398, 26.2999, 26.3107, 26.3155, 25.6139, 26.2803, 26.1473, 25.5852, 26.2173, 26.2545, 26.2496, 26.0118, 26.169, 26.3351
filters, ZTF_r, ZTF_i, ZTF_r, ZTF_r, ZTF_g, ZTF_r, ZTF_r, ZTF_r, ZTF_g, ZTF_g, ZTF_g, ZTF_r, ZTF_g, ZTF_g, ZTF_g, ZTF_i, ZTF_g, ZTF_g, ZTF_r, ZTF_i, ZTF_g, ZTF_r, ZTF_i, ZTF_g, ZTF_r, ZTF_g, ZTF_r, ZTF_g, ZTF_i, ZTF_g, ZTF_r, ZTF_g, ZTF_r, ZTF_g, ZTF_g, ZTF_g, ZTF_r, ZTF_g, ZTF_i, ZTF_r, ZTF_g, ZTF_r, ZTF_i, ZTF_r, ZTF_g, ZTF_g, ZTF_g, ZTF_g, ZTF_g, ZTF_r, ZTF_i, ZTF_r, ZTF_r, ZTF_g, ZTF_g, ZTF_r, ZTF_r, ZTF_g, ZTF_g, ZTF_r, ZTF_r, ZTF_i, ZTF_r, ZTF_g, ZTF_i, ZTF_g, ZTF_g, ZTF_g, ZTF_i, ZTF_r, ZTF_g, ZTF_i, ZTF_r, ZTF_r, ZTF_r, ZTF_g, ZTF_r, ZTF_g
time, 59540.13131939992, 59637.475821800064, 59639.509988400154, 59734.44880789984, 59739.38520829985, 59760.299097199924, 59764.30317129986, 59775.30597219989, 59794.329375000205, 59798.2646643999, 59801.262303200085, 59802.24030089984, 59802.300150500145, 59802.32550929999, 59805.22086809995, 59805.34481480019, 59806.282222200185, 59807.20487269992, 59807.30697919987, 59808.285161999986, 59809.23718750011, 59809.26017360017, 59811.297905100044, 59812.24554400006, 59814.24364579981, 59814.28949069977, 59816.18232640019, 59816.21466440009, 59816.29886570014, 59818.19971060008, 59818.22300929995, 59819.18668980012, 59820.16082180012, 59820.17987270001, 59820.26778940018, 59821.18409720017, 59823.26388890017, 59823.30465279985, 59824.16280090017, 59825.1730324002, 59825.24412039993, 59827.308009299915, 59828.17475689994, 59829.15743059991, 59837.145960600115, 59840.16512730019, 59840.19592589978, 59841.186759300064, 59842.15824070014, 59842.19939809991, 59843.1627894002, 59844.1588773001, 59846.14292819984, 59846.22770830011, 59848.13940969994, 59848.17707179999, 59850.137048599776, 59850.16047450015, 59853.13504630001, 59853.185034700204, 59855.15408559982, 59857.16571759991, 59857.197233799845, 59857.23762729997, 59860.13163190009, 59862.178969900124, 59864.13199070003, 59870.12124999985, 59871.13472220022, 59877.135509300046, 59879.20431709988, 59881.15776620014, 59881.18101850012, 59889.13871529978, 59896.11128470022, 60042.40222219983, 60046.381284699775, 60099.42224540003
flux, 171.355969552986, 51.1694131655486, 132.517781464124, 41.2134040598597, 42.0985428774985, 24.6921284912662, 35.1401103362778, 47.7121084219643, 32.8372941735296, 73.5977512539656, 76.0273078235807, 163.9773890998, 95.3421915625607, 243.434906519663, 197.243601823312, 237.9634801766, 521.122500604424, 573.946462760445, 694.058742521709, 363.527589393831, 701.376764271292, 918.531432170201, 426.727824227379, 706.582358926065, 971.872833095255, 541.880359313481, 963.182865539715, 354.077737752324, 429.004979226769, 308.754068800766, 822.244891748928, 276.381520805773, 623.617019701258, 220.175046590195, 221.932382005809, 218.715743810029, 397.058655860288, 135.067187463474, 211.193001334633, 404.901298422773, 101.863143502648, 298.127764900927, 184.896268453833, 216.191051517143, 105.676029267514, 92.3024324736294, 74.0359020518602, 60.1804596899854, 55.733822425498, 145.885249664537, 65.7536076708333, 107.058733912402, 144.403229701768, 74.4329807837588, 55.4513152747933, 146.825722574021, 106.109966461799, 85.4008180683782, 36.7907281936664, 130.762317909899, 77.2487055590494, 63.0411003207922, 125.109031984615, 87.0704445906847, 43.8500787964247, 92.0447492723567, 86.5337837432824, 45.637407822963, 72.2014905650051, 91.1873382851985, 126.465545208701, 73.7574574560849, 69.7420992593984, 225.401042961232, 80.6353884567904, 127.531459466134, 52.7997448736372, 153.090450722913
dflux, 139.925486555677, 36.2424233098923, 56.4882518603421, 27.3585655020614, 27.8181840794905, 21.6299367327807, 31.9886968917176, 38.0388451472064, 25.0631618873619, 41.6911053954518, 58.1207026241458, 60.9941899797086, 59.7676824620627, 68.6441087519656, 65.6583607662457, 36.9081057582152, 48.1454338319792, 26.9386798110568, 33.883961682939, 27.1052091367154, 31.0532742704832, 30.3676555635291, 28.6732453490308, 31.02975334068, 28.79417964989, 30.4208077694538, 30.9441076236106, 26.9032657790662, 28.0961441417967, 29.6836040290082, 32.2576779269188, 27.3678052790353, 42.6829561191671, 39.3061901873431, 28.5456072737727, 27.9809509284367, 36.1522095179158, 38.5039853564749, 25.7658378629919, 32.3777934429046, 30.1004078256634, 41.2155361446782, 36.3874026185607, 43.9420159131289, 28.5304852026348, 27.2522985352563, 26.5607356315977, 31.3554395698504, 30.8179740775244, 32.9003335420055, 35.4078868525895, 29.6692707881066, 26.1259910961355, 34.6533184175572, 29.2858588112559, 29.91517684198, 26.6251922883192, 29.431777724245, 29.3969316700046, 26.7010043930401, 32.9189088731849, 31.9076268683431, 45.8616961956663, 67.4524453794287, 35.1970623337128, 83.4554745050838, 59.3546284626208, 28.8908622193325, 32.8759528390112, 42.2160441769986, 56.3394148561515, 44.9510522026947, 60.9306809152742, 90.9408616141574, 58.6296892622351, 83.1307560724455, 29.0006980623048, 90.462503979462
mag, 20.64945190347539, 21.10357390922231, 21.01381460858918, 22.18360378258212, 22.318832339461505, 22.81530367936532, 22.454892197998127, 22.07862847831594, 22.29368159096428, 21.722038637828597, 21.66977596972761, 20.494940082109167, 21.430787173696352, 20.399542868655058, 20.143692688774134, 19.554524220538873, 19.472350437034276, 19.424621540834746, 19.149809427344852, 19.13345655852671, 19.19452156461331, 18.845864943837718, 18.952022596540214, 19.159293024232497, 18.79747639400649, 19.43774147473124, 18.805328129656402, 19.951453445426512, 18.954044167917207, 20.123068276265293, 18.999497039800694, 20.26472749442017, 19.291405101485918, 20.490979757714364, 20.380048313816097, 20.496199885070244, 19.75426332985051, 20.93762535865067, 19.76820119465559, 19.742927076373967, 21.28655731399894, 19.959793939642065, 19.92727963403098, 20.409705715331825, 21.313258783800002, 21.473067134327025, 21.71019406952763, 21.949061248034315, 22.037902926121674, 20.896571542595687, 21.097101034907205, 21.249044742333567, 20.88455773322533, 21.577386471665257, 21.958720370414177, 20.838094632961397, 21.2265095568328, 21.51084492278332, 22.474554040386757, 21.014993474157045, 21.507871973067594, 21.019540538166574, 20.909778340484962, 21.22382309495585, 21.43487405472879, 21.389902452367117, 21.46773576518654, 22.16719757804002, 20.967534591343405, 21.380463652386872, 20.892369448353087, 20.915685156398546, 21.608562460902707, 20.372110196864313, 21.483285793796384, 20.747756675579915, 21.86242043988892, 20.872729745783523
dmag, 0.886588118981057, 0.7690084505851095, 0.46281592938513566, 0.7207408791747141, 0.7174407364565714, 0.9510887417322024, 0.9883658880426376, 0.8656115340433933, 0.8286913691203456, 0.6150397501699211, 0.8300142789687514, 0.4038581215650055, 0.6806214086350284, 0.3061573838403979, 0.36141937568634025, 0.1683975484014029, 0.10030893032756728, 0.050959979505108235, 0.05300566321836478, 0.08095425974792014, 0.048070688778570084, 0.035895628548175275, 0.07295418488301052, 0.047680395924339924, 0.03216766871925215, 0.06095251803402758, 0.0348813700627014, 0.08249558378913134, 0.07110640292307548, 0.10438263601588546, 0.0425947660583796, 0.10751159104140011, 0.07431232522640631, 0.1938282944343482, 0.1396506405414249, 0.13890143863170595, 0.0988563331294852, 0.3095138924128333, 0.1324613166015876, 0.08682052319451217, 0.3208334381857597, 0.15010074558383532, 0.21367181041847133, 0.22068183327764124, 0.2931277881898293, 0.32056367735605606, 0.38951308083049174, 0.5656941826719896, 0.6003569961140061, 0.2448574023581944, 0.5846618315203819, 0.3008909248808513, 0.19643559549807227, 0.505479721822829, 0.5734168259363928, 0.22121458011392442, 0.27243374199474607, 0.37417846068027155, 0.8675368656735225, 0.22170184527437795, 0.46267767111632985, 0.5495345976299055, 0.3980024717756759, 0.8411070184873879, 0.8714858884135532, 0.9844193272500686, 0.7447203422091031, 0.6873277119494731, 0.49437500505837717, 0.5026518861791908, 0.4836870181785176, 0.661695596646357, 0.9485611553552057, 0.43805381132838017, 0.7894347323687593, 0.7077318175041692, 0.5963496210997593, 0.6415711449012486
