ATLAS-ZTF 2022oux 1221646471865557100 334.1940942600142 86.93250326590747 0.019 0.019417363132287146 59772.424027801026
++++++++++++++++++++++++++++++++++++++++++++++++++++++++++++++++
t0, 59780.40735445174, 0.13271109590641572
x0, 0.00011461239716502395, 7.554346119675331e-06
x1, -3.514054381195528, 0.1824320316117749
c, 1.3474897330993414, 0.046303026661632635
mu, 35.29375128486387, 0.1579230417276897
hostMass, 10.768114423095657, 0.0017432402130689096
++++++++++++++++++++++++++++++++++++++++++++++++++++++++++++++++
zp, 22.088, 22.06, 22.055, 22.025, 22.024, 22.019, 22.022, 22.088, 22.088, 22.087, 22.084, 21.984, 21.987, 21.992, 21.981, 22.068, 21.935, 22.061, 22.02, 26.1713, 26.2555, 26.1829, 26.2508, 26.2182, 26.2387, 26.2347, 26.2027, 26.225, 26.1555, 26.1363, 26.1052, 26.1226, 26.1578, 26.1392, 26.1178, 26.125, 26.0954, 25.2494, 26.2104, 26.1054, 26.1038, 26.0958, 26.1148, 25.7164, 26.0118, 26.1143, 26.1811, 26.0636, 26.1236, 26.1809, 26.1579, 26.1381, 26.1453, 25.6616, 26.0376, 26.1115, 26.111, 26.1334, 26.1677, 26.1312, 26.0964, 26.1889, 26.139, 26.1378, 26.1692, 26.2117, 26.118, 26.2626, 26.2211, 26.1992, 26.1499, 26.1981, 26.1853, 26.2487, 26.2388, 26.1884
filters, o, o, o, o, o, o, o, o, o, o, o, c, c, c, c, o, c, o, o, ZTF_r, ZTF_g, ZTF_g, ZTF_g, ZTF_g, ZTF_g, ZTF_g, ZTF_g, ZTF_g, ZTF_r, ZTF_r, ZTF_r, ZTF_r, ZTF_r, ZTF_r, ZTF_r, ZTF_r, ZTF_g, ZTF_g, ZTF_g, ZTF_g, ZTF_r, ZTF_r, ZTF_g, ZTF_r, ZTF_g, ZTF_r, ZTF_g, ZTF_g, ZTF_r, ZTF_g, ZTF_r, ZTF_r, ZTF_r, ZTF_g, ZTF_r, ZTF_g, ZTF_r, ZTF_r, ZTF_g, ZTF_g, ZTF_r, ZTF_g, ZTF_r, ZTF_g, ZTF_r, ZTF_g, ZTF_r, ZTF_g, ZTF_r, ZTF_g, ZTF_r, ZTF_r, ZTF_r, ZTF_g, ZTF_g, ZTF_r
time, 59773.48685265, 59777.57838195, 59777.59399195, 59783.54363905, 59783.55360405, 59783.61607125, 59783.62080645, 59785.50066435, 59785.50386815, 59785.51028065, 59785.61491055, 59787.45806225, 59787.49531805, 59787.60445025, 59787.61424285, 59789.47906105, 59791.40326265, 59797.44000285, 59811.56165795, 59474.28565970017, 59478.345613399986, 59480.34728009999, 59748.38621529983, 59750.322384300176, 59768.38822920015, 59768.430405099876, 59770.368437500205, 59770.43582180003, 59772.37034719996, 59772.424027800094, 59774.30267360015, 59774.37859949982, 59776.39275459992, 59776.42990740016, 59779.270590300206, 59779.38535880018, 59781.3790972, 59781.447731500026, 59783.32390049985, 59785.34517360013, 59785.38618060015, 59787.34467589995, 59787.3684605998, 59789.344490699936, 59789.38204859989, 59793.22750000004, 59793.27986110002, 59795.323437499814, 59798.34980319999, 59798.388425900135, 59801.34653940005, 59803.39038190013, 59806.3634722, 59810.25005789986, 59810.28990740003, 59812.28567129979, 59812.32232639985, 59814.25438660011, 59814.29511569999, 59816.279884300195, 59816.316064800136, 59818.321666699834, 59818.402708299924, 59820.27710650023, 59822.25395830022, 59822.32848379994, 59824.304814800154, 59840.3203125, 59844.299085599836, 59863.34405090008, 59867.201770800166, 59880.127499999944, 59900.2572337999, 59908.24262729986, 59932.138449099846, 59932.23745370004
flux, 1063.2, 1125.0, 274.9, 1565.4, 291.3, 87.5, 1569.2, 721.9, 717.4, 198.8, 103.9, 1469.1, 1003.7, 63.8, 301.2, 376.2, 692.0, 761.7, 1064.8, 107.831393762133, 116.033026932406, 115.013713497394, 137.063623417414, 96.0106497136818, 37.0790676235375, 41.0883913831505, 99.210002314305, 89.0188392268568, 511.769444807168, 470.813466880539, 799.817973727201, 734.43164351766, 1175.00010434677, 1154.3732018778, 1351.13454157361, 1361.69071174967, 499.428086919576, 187.83545147313, 299.668693859432, 217.145706491086, 1135.43919048292, 945.572992854134, 156.584176425225, 550.575365379602, 147.850005330801, 570.203828915728, 177.187048668039, 102.374532059476, 342.35853121504, 111.032381641664, 259.522303331627, 243.407037382054, 252.989297163239, 82.8688379611002, 123.004505678074, 115.058216759764, 137.797152974243, 76.2928001418266, 31.957351702601, 41.2821720173663, 149.811806037045, 95.0245518586071, 75.8459731832983, 70.4437213222954, 80.6104642038448, 66.6857110872374, 123.409126119107, 60.3249647509476, 97.4010565453784, 112.684563168618, 46.141776415793, 68.0726948554252, 245.675702962576, 83.7682244976037, 38.5206725180394, 50.9936239131017
dflux, 1687.1, 1079.3, 1318.5, 653.2, 724.1, 854.0, 2007.7, 624.2, 745.0, 635.4, 827.3, 537.9, 736.8, 497.0, 551.0, 607.0, 514.4, 765.4, 725.1, 48.6195790573779, 100.931135187744, 69.9701190615515, 68.4507656374517, 54.8658515728683, 25.4754194899657, 31.0270847447869, 47.983086360252, 29.4054268684802, 55.712821196651, 51.4016789091891, 69.5879063088754, 65.8862394513736, 48.2085888302224, 49.5634950534616, 42.2244265799592, 42.1773165282144, 36.0905735718228, 48.8614068583713, 26.5943370326525, 25.7167054299312, 32.2766118868421, 32.4386381783027, 27.9856246202398, 38.1566026965158, 29.4205753488372, 33.9292972365039, 26.1649694124342, 28.5262911514322, 38.1623924447318, 28.7515419354397, 51.1045686176678, 60.3420456139197, 47.1744828296345, 35.9225893750815, 48.4332250330473, 25.6126515603588, 27.9728556387532, 33.1368530236512, 28.4985836287482, 26.263551430464, 32.960610093581, 37.0514610957652, 31.4851859423651, 29.8589542929126, 46.5892677907943, 35.3084835569128, 33.0102281850175, 37.764330409835, 37.1719525135676, 75.6639183560584, 34.1372484401001, 47.7629591236359, 97.7104338703053, 58.2724593763725, 32.6539005835361, 43.2102271629671
mag, 18.45, 18.48, 18.2, 18.1, 18.22, 18.23, 17.91, 18.65, 18.41, 18.33, 18.44, 19.48, 19.76, 19.81, 19.42, 18.69, 19.62, 18.64, 18.74, 21.08943695332859, 21.09404594561819, 21.031025935177446, 20.908494478367405, 21.262401478459346, 22.31587798749494, 22.200402152752872, 21.211311350589256, 21.351295182644908, 19.382814118063145, 19.45417780834667, 18.84772210127258, 18.957721548780896, 18.482705237060987, 18.48333440924691, 18.291053507989442, 18.289803812251083, 19.34921759343193, 19.56495609239346, 20.01879656267476, 20.26352188323842, 18.46589029968038, 18.656562351155785, 20.627930318952302, 18.864358060812254, 20.587246638697934, 19.22422467682898, 20.560020064158046, 21.038120175824893, 19.78739711374861, 21.067275861200272, 20.12246328242296, 20.1722671740158, 20.137544628693522, 20.86562187765907, 20.812797449952612, 20.959205903027208, 20.762899388225357, 21.42719111272137, 22.40627304434329, 22.09179365209909, 20.65753490092539, 21.24431042469607, 21.43916867960238, 21.518194274186325, 21.403221444773678, 21.651618033677966, 20.889631807470515, 21.811357307964578, 21.24969083035636, 21.06953893636812, 21.989664223891154, 21.6156676406152, 20.20939448152117, 21.441001723781046, 22.27456534824026, 21.919610308405588
dmag, 0.3, 0.25, 0.2, 0.09, 0.1, 0.11, 0.17, 0.17, 0.14, 0.12, 0.15, 0.28, 0.3, 0.28, 0.22, 0.16, 0.28, 0.19, 0.22, 0.48954238094364466, 0.9444258290762094, 0.660522029994411, 0.542226103783863, 0.6204503524900388, 0.7459622650852797, 0.819872185343967, 0.5251181621022856, 0.35864921228830465, 0.11819663650555855, 0.11853667684343366, 0.09446413030818256, 0.09740195183477664, 0.04454621755328263, 0.046616536945287626, 0.0339304393844442, 0.03362983912511498, 0.07845942870207953, 0.2824312344958546, 0.09635452467879348, 0.12858443578561196, 0.03086372778592109, 0.03724704932295618, 0.19404901923488546, 0.07524493030974447, 0.21604993350952262, 0.0646054350104691, 0.16032918207662475, 0.30253644600437457, 0.12102602201982042, 0.28114852226378356, 0.2138008165947168, 0.26916043306290344, 0.20245537863965266, 0.47065286316143584, 0.42751040412531327, 0.24169141398260358, 0.22040471419025784, 0.4715763607143389, 0.9682261633586549, 0.6907409969038315, 0.2388765522306674, 0.4233444090405898, 0.45071089283292404, 0.4602106064749969, 0.6275073006131092, 0.5748712626422038, 0.2904193635831398, 0.6796871070502009, 0.41435828395554325, 0.7290355772178736, 0.8032644046538608, 0.7618028649687067, 0.4318202995106874, 0.7552806480593826, 0.9203765088362826, 0.9200151792836908
