1981B 0.00603 0.00717 0.921(031) 1.140(062) 11.886(007) 0.147(023) 1.7(5) −0.0065 30.89(15) 0.98
1990N 0.00300 0.00407 1.122(031) 0.961(061) 12.677(007) 0.128(016) 2.3(7) −0.0021 31.78(29) 0.92
1994ae 0.00400 0.00512 1.046(031) 0.918(061) 13.073(008) 0.187(018) 1.7(7) −0.0042 32.09(26) 0.98
1995al 0.00500 0.00588 1.126(034) 0.891(061) 13.213(008) 0.182(017) 2.0(7) −0.0031 32.29(23) 0.94
1998aq 0.00370 0.00426 0.949(030) 1.046(060) 12.433(006) 0.025(012) 2.0(3) −0.0008 31.55(27) 0.95
2001el 0.00390 0.00368 0.952(031) 1.052(061) 12.653(006) 0.291(016) 2.2(3) −0.0029 31.26(27) 0.98
2002fk 0.00712 0.00661 0.979(030) 1.044(079) 13.269(006) 0.030(011) 2.6(2) −0.0024 32.45(16) 0.98
2003du 0.00638 0.00665 1.006(030) 0.979(060) 13.534(004) 0.025(013) 1.0(3) −0.0063 32.84(16) 0.98
2004dt 0.01972 0.01881 1.189(032) 1.104(061) 15.068(022) 0.149(025) 2.7(7) −0.0003 33.94(08) 0.15
2004ef 0.03097 0.02977 0.816(030) 1.331(060) 16.733(003) 0.162(016) 1.8(5) −0.0038 35.53(05) 0.98
2004eo 0.01569 0.01473 0.818(030) 1.314(060) 15.063(008) 0.130(025) 1.1(7) −0.0098 33.96(07) 0.97
2004ey 0.01578 0.01463 1.010(030) 0.967(060) 14.820(002) 0.026(018) 1.3(3) −0.0074 34.12(07) 0.97
2004gc 0.03208 0.03211 0.923(038) 1.079(076) 16.576(046) 0.226(051) 1.9(8) −0.0095 35.38(09) 0.93
2004gs 0.02663 0.02750 0.689(030) 1.557(060) 16.969(005) 0.190(014) 1.9(4) −0.0027 35.49(05) 0.98
2004gu 0.04583 0.04690 1.250(032) 0.823(061) 17.280(009) 0.097(031) 1.0(7) −0.0048 36.64(04) 0.98
2005A 0.01913 0.01834 0.963(032) 1.057(064) 17.117(015) 1.165(021) 1.7(1) −0.0013 34.37(07) 0.97
2005M 0.02200 0.02297 1.208(030) 0.796(060) 15.907(002) 0.055(020) 2.0(0) −0.0028 35.19(05) 0.98
2005W 0.00888 0.00795 0.923(031) 1.111(062) 14.034(006) 0.232(019) 1.9(6) −0.0041 32.82(15) 0.97
2005ag 0.07937 0.08002 1.190(031) 0.916(060) 18.443(005) 0.031(018) 1.6(3) −0.0024 37.82(04) 0.98
2005al 0.01239 0.01329 0.858(030) 1.340(060) 14.936(005) 0.009(009) 1.6(3) −0.0019 34.07(07) 0.96
2005am 0.00789 0.00897 0.725(030) 1.490(060) 13.619(004) 0.078(016) 1.1(8) −0.0060 32.45(10) 0.84
2005be 0.03500 0.03560 0.760(035) 1.455(073) 16.914(039) 0.032(022) 1.7(3) −0.0019 35.88(05) 0.98
2005bg 0.02307 0.02416 1.002(040) 1.023(079) 15.828(037) 0.075(029) 1.9(8) −0.0021 35.04(07) 0.98
2005bl 0.02404 0.02511 0.387(032) 1.906(061) 17.806(022) 0.330(033) 1.9(6) −0.0052 35.06(09) 0.97
2005bo 0.01389 0.01501 0.850(031) 1.293(063) 15.423(005) 0.333(016) 2.2(5) −0.0032 33.79(10) 0.94
2005cf 0.00646 0.00704 0.970(031) 1.039(102) 13.210(007) 0.093(019) 2.3(6) −0.0062 32.33(15) 0.98
2005el 0.01490 0.01489 0.838(030) 1.352(060) 14.943(007) 0.007(008) 1.5(4) −0.0031 34.04(07) 0.97
2005eq 0.02896 0.02835 1.122(032) 0.813(060) 16.241(006) 0.109(017) 2.4(6) −0.0054 35.40(04) 0.98
2005hc 0.04591 0.04498 1.193(031) 0.875(061) 17.305(004) 0.037(017) 2.4(2) −0.0004 36.64(04) 0.96
2005hj 0.05797 0.05695 1.280(034) 0.796(062) 17.695(009) 0.027(034) 1.3(3) −0.0088 37.05(04) 0.98