# Created by M.D. Woods -- 2024-11-12 11:03:49.089438 -- HUBBLE RESID STD: 0.2538595463702443
# {'z': 0.015, 'c': (0.2, 0.6), 'x1': (-4.5, 4.5), 'c_err': 0.1, 'x1_err': 0.5, 't0_err': 1, 'mu_err': 0.2}
objname, ra, dec, z, z_cmb, MJDs, MJDe, origin, t0, t0_err, x0, x0_err, x1, x1_err, c, c_err, mu, mu_err, hostMass, hostMass_err, cov00, cov01, cov02, cov03, cov10, cov11, cov12, cov13, cov20, cov21, cov22, cov23, cov30, cov31, cov32, cov33
2004gs, 129.596583, 17.627722, 0.0267, 0.02743521091657417, 53352.85, 53461.56, CSP, 53356.36578071601, 4.506946061155759e-05, 0.0020443699986528387, 3.9017683729122084e-06, -2.032308914174487, 0.010797725424057214, 0.2356948882136261, 0.0016881238245048278, 16.345287221724067, 0.005685966006046852, 10.524491610792518, 0.0008337715580172614, 2.031256496394224e-09, 4.571696577018443e-13, -1.374194871744056e-09, -1.7843311525440063e-10, 4.571696577018443e-13, 1.522379643585798e-11, -1.5043342623745683e-08, -5.084487450042413e-09, -1.374194871744056e-09, -1.5043342623745683e-08, 0.00011659109144968266, 1.0036889295226087e-06, -1.7843311525440063e-10, -5.084487450042413e-09, 1.0036889295226087e-06, 2.849762046860807e-06
2007ca, 202.774208, -15.101833, 0.0141, 0.015735060207281045, 54217.65, 54275.65, CSP, 54228.10598390407, 0.012866123441199306, 0.005916913127928361, 9.648809798686663e-06, 0.7115701076058278, 0.012205846240449514, 0.35740741862265313, 0.001271350311398513, 15.248558136428985, 0.004579953857390281, 9.100726295715653, 0.002123969178416933, 0.00016553713537612613, -3.53325120686859e-08, 2.9646046873043638e-05, 2.885858210467209e-06, -3.53325120686859e-08, 9.309953053123176e-11, -6.56120613623173e-08, -1.0629783692225332e-08, 2.9646046873043638e-05, -6.56120613623173e-08, 0.00014898298450874726, 6.227911453522082e-06, 2.885858210467209e-06, -1.0629783692225332e-08, 6.227911453522082e-06, 1.616331614293096e-06
2009al, 162.841958, 8.578528, 0.0221, 0.023294362161299355, 54891.71, 54973.54, CSP, 54896.99799795559, 0.07213045713069732, 0.005301603621402387, 1.9150272732194885e-05, -0.4874559651050614, 0.022410175087505535, 0.21158698581411525, 0.0024105467779783505, 15.618871884013803, 0.008873500596593085, 10.676596531095123, 0.0005467162453691708, 0.0052028053663819565, -8.678124796204977e-07, -0.0012077866282823558, 6.640349130162706e-05, -8.678124796204977e-07, 3.6673294571744696e-10, 8.018006646388953e-08, -3.6169747429910687e-08, -0.0012077866282823558, 8.018006646388953e-08, 0.0005022193427040845, -1.1736854701987263e-05, 6.640349130162706e-05, -3.6169747429910687e-08, -1.1736854701987263e-05, 5.810735768821807e-06
2006ev, 322.746917, 13.989222, 0.0287, 0.027057648155491495, 53993.59, 54039.52, CSP, 53989.9997328721, 0.07670086455254932, 0.0018943347226685477, 1.209737263037992e-05, -1.3276540554294458, 0.028973079865472817, 0.2139203714474274, 0.003514282996892983, 16.600744422996797, 0.013319151619684886, 10.748696257484479, 0.0007780565778547196, 0.0058830261872115175, -7.429328524361643e-07, -0.0012937355882240847, 0.00013052926496172638, -7.429328524361643e-07, 1.4634642455826517e-10, 4.2514849840605246e-08, -3.580082232246897e-08, -0.0012937355882240847, 4.2514849840605246e-08, 0.0008394494652220356, 8.962669341119045e-06, 0.00013052926496172638, -3.580082232246897e-08, 8.962669341119045e-06, 1.2350184982251127e-05
2006gj, 49.399167, -1.691722, 0.0284, 0.027522378419553843, 53998.83, 54096.59, CSP, 54000.04477064896, 0.05332698499842081, 0.0011163039740233307, 4.637674917607678e-06, -2.351373856548614, 0.02941176566874093, 0.4168419576187793, 0.003651595153463454, 16.413594589181642, 0.012609869485142328, 10.669635209313917, 0.0012479558890463075, 0.002843767766134705, -6.447748022294745e-08, -0.00047864329616319754, -4.52236830338974e-06, -6.447748022294745e-08, 2.1508028641407386e-11, -9.18350870881166e-09, -1.3222070213802165e-08, -0.00047864329616319754, -9.18350870881166e-09, 0.0008650647707890084, -6.110751097197456e-06, -4.52236830338974e-06, -1.3222070213802165e-08, -6.110751097197456e-06, 1.3334147164797785e-05
2007jh, 54.006417, 1.103389, 0.0408, 0.03836771333034954, 54363.86, 54413.8, CSP, 54364.45252253186, 0.11269370124136913, 0.0005521397088803319, 3.4620492633902596e-06, -1.6066417405830857, 0.05347211321121148, 0.40331948503106024, 0.006169886665111615, 17.33216929347329, 0.02124461678005103, 10.963091620417575, 0.0010519692878266553, 0.012699884857873758, -5.9122154197020374e-08, -0.003725198114081328, 2.2617675318352692e-07, -5.9122154197020374e-08, 1.198578510214104e-11, -3.739901406561273e-08, -1.6597373625740577e-08, -0.003725198114081328, -3.739901406561273e-08, 0.002859388455895798, 3.805143157456285e-05, 2.2617675318352692e-07, -1.6597373625740577e-08, 3.805143157456285e-05, 3.806750146032213e-05
2005mc, 126.7765, 21.646, 0.0252, 0.025657773714809186, 53736.79, 53773.62, CSP, 53730.68518790677, 0.07945568033392192, 0.002487173202549189, 1.9662067529208068e-05, -2.1831003016274186, 0.015927466708968385, 0.2777652484582651, 0.00331899566046242, 15.983980138798707, 0.013320410168053454, 13.004227849812548, 0.0005277710097430307, 0.006313209775517393, -1.410530860131457e-06, -6.264905561615528e-05, 0.00015932617063504177, -1.410530860131457e-06, 3.8659689952313827e-10, -5.552998176302572e-08, -5.4082840141510324e-08, -6.264905561615528e-05, -5.552998176302572e-08, 0.00025368525595885434, 7.736411865876884e-06, 0.00015932617063504177, -5.4082840141510324e-08, 7.736411865876884e-06, 1.1015732194168376e-05
2006kf, 55.460333, 8.156944, 0.0213, 0.02090716743106265, 54036.81, 54127.64, CSP, 54041.56963337621, 0.020113201269850833, 0.003140985145213509, 7.040419951394734e-06, -2.178588564444184, 0.013911577340777859, 0.24449066990957027, 0.0018475066543965238, 15.830429047116715, 0.006384693510751022, 10.847440404300489, 0.0005624670042569112, 0.0004045408744756671, 3.717957486233658e-08, -0.00013706877895401713, -1.1040257477535562e-05, 3.717957486233658e-08, 4.956751309199703e-11, -5.076447954579341e-08, -1.0885571808502831e-08, -0.00013706877895401713, -5.076447954579341e-08, 0.00019353260053447838, 8.517449855065767e-06, -1.1040257477535562e-05, -1.0885571808502831e-08, 8.517449855065767e-06, 3.4132808380394367e-06
2007hx, 31.612833, -0.899528, 0.0794, 0.07815815296284123, 54354.78, 54411.73, CSP, 54354.7747996948, 0.1920666701371374, 0.0003112083956123925, 2.0506652128775513e-06, 0.4554886952657411, 0.09787797926929243, 0.2015440715218808, 0.0059821257151139945, 18.871460175644977, 0.024356460303387954, 10.947106485783687, 0.006470108825979771, 0.03688971279870797, -1.664214094964456e-07, -0.013551437609352061, 0.00012529567460364485, -1.664214094964456e-07, 4.205227815306132e-12, 1.042944962118198e-09, -8.318343094146742e-09, -0.013551437609352061, 1.042944962118198e-09, 0.009581333031092279, 1.6694070312800466e-05, 0.00012529567460364485, -8.318343094146742e-09, 1.6694070312800466e-05, 3.578582807142812e-05
2007A, 6.319417, 12.886806, 0.0177, 0.01599141880672713, 54107.53, 54133.53, CSP, 54113.68349201693, 0.02810901357952389, 0.006783506271672503, 2.2031023894028906e-05, 0.5238550616770787, 0.04587694062616998, 0.2746277248063708, 0.0026809964911653347, 15.3181236273572, 0.011204140406342997, 6.774565304332999, 0.07187074108120962, 0.0007901167367553305, 7.219138193081863e-08, -0.00034960623150847084, -1.3010723183209852e-05, 7.219138193081863e-08, 4.853660138192726e-10, -7.07307884669981e-07, -5.371563895435948e-08, -0.00034960623150847084, -7.07307884669981e-07, 0.0021047534025980565, 7.933580230463816e-05, -1.3010723183209852e-05, -5.371563895435948e-08, 7.933580230463816e-05, 7.187742185640836e-06
2007mm, 16.444458, -0.758833, 0.0664, 0.06456278748171412, 54385.72, 54418.69, CSP, 54392.54955867706, 0.05166012985864654, 0.00019009128377089858, 1.4763892771044495e-06, -3.4321111849818147, 0.07139606511948426, 0.45901960017719745, 0.006907355424011377, 18.044603070975434, 0.024781685860125673, 9.37688091226328, 0.007453549893324646, 0.0026687698485149173, -7.067671979153033e-09, -8.501087410313849e-05, 2.52201869691074e-05, -7.067671979153033e-09, 2.179725297548999e-12, -4.5606268548804853e-08, -8.426264838307077e-09, -8.501087410313849e-05, -4.5606268548804853e-08, 0.0050980533744372555, 0.00014615769963460947, 2.52201869691074e-05, -8.426264838307077e-09, 0.00014615769963460947, 4.771155895361939e-05
2008C, 104.298042, 20.437139, 0.0166, 0.016903903224004785, 54469.81, 54552.5, CSP, 54467.39380422134, 0.11750586591733736, 0.006943618589042854, 4.4726751753701795e-05, -0.5051782490342127, 0.04406299581348749, 0.2582715990363634, 0.003430480633106142, 15.18409371988552, 0.014102041067540374, 10.028240434860418, 0.0010325410340992131, 0.013807640974481226, -4.220866079576723e-06, -0.0038601363745962985, 0.00014181836772607414, -4.220866079576723e-06, 2.0004823224372663e-09, 7.426688422308483e-07, -1.1549271796054633e-07, -0.0038601363745962985, 7.426688422308483e-07, 0.0019415983819827533, -8.000971587402776e-06, 0.00014181836772607414, -1.1549271796054633e-07, -8.000971587402776e-06, 1.1768197374116315e-05
2004dt, 30.553208, -0.097639, 0.0197, 0.017903858661518453, 53249.79, 53365.62, CSP, 53243.80504636091, 1.3266362657304853e-06, 0.010218712971402902, 1.7768472482519225e-05, -1.044735951664878, 0.007048919913818286, 0.24903382074220068, 0.0011578211284537095, 14.709544112006455, 0.004078222800141216, 9.894124914800818, 0.005391433500817889, 1.759966852543819e-12, -1.80102626933154e-15, 1.1237036921449047e-13, 6.181447934369806e-14, -1.80102626933154e-15, 3.1571861436204285e-10, -9.393936758463659e-08, -1.7540690712483453e-08, 1.1237036921449047e-13, -9.393936758463659e-08, 4.9687306371889535e-05, 3.7582018885516564e-06, 6.181447934369806e-14, -1.7540690712483453e-08, 3.7582018885516564e-06, 1.3405497654938214e-06
2006et, 10.690917, -23.558444, 0.0226, 0.020974594549934094, 53982.63, 54099.54, CSP, 53994.771842485214, 0.01463519631215604, 0.006368181125014025, 1.1743837899456837e-05, 0.8050686178296218, 0.014320133388475154, 0.2188642599535547, 0.0014402115169677087, 15.595921485888308, 0.005218162499399527, 10.743674520559422, 0.0005834478835465598, 0.00021418897306293183, -1.736532403626639e-08, -1.8591127792641407e-05, 1.1931228645055647e-06, -1.736532403626639e-08, 1.3791772860871876e-10, -1.0029208486692261e-07, -1.3690425182293991e-08, -1.8591127792641407e-05, -1.0029208486692261e-07, 0.00020506679588484547, 6.970885010867388e-06, 1.1931228645055647e-06, -1.3690425182293991e-08, 6.970885010867388e-06, 2.0742092136064284e-06
2009P, 170.161583, -3.546194, 0.0251, 0.026209683706048342, 54867.74, 54931.61, CSP, 54868.15002554321, 0.07947990483808098, 0.0023157684940024992, 9.304036655811874e-06, 1.5765815904899372, 0.03830605515720842, 0.405393494851611, 0.002896009508669621, 16.25640651602559, 0.011307360820547086, 9.7634902954309, 0.001489549641911028, 0.006317058339398183, -3.7080388408972484e-07, -0.0018695736535940212, -5.321206692366933e-06, -3.7080388408972484e-07, 8.656509809269101e-11, -3.056448292332242e-08, -1.937144432254872e-08, -0.0018695736535940212, -3.056448292332242e-08, 0.0014673857406099437, 3.605925557949669e-05, -5.321206692366933e-06, -1.937144432254872e-08, 3.605925557949669e-05, 8.386871074304859e-06
2006os, 43.754583, 16.009667, 0.0328, 0.031377006641074116, 54063.65, 54133.56, CSP, 54065.44824762262, 0.08897485984562081, 0.0009242149760503849, 4.087674950153632e-06, -0.6884202363139452, 0.03780466872455368, 0.5117019159942947, 0.0034052281174991586, 16.59036749022894, 0.012628901131765242, 10.76654740701287, 0.001213976022382484, 0.007916530257683109, -1.3902250896698004e-07, -0.002416937961809928, 1.2887118484030017e-05, -1.3902250896698004e-07, 1.67090864981135e-11, 7.530535818023218e-10, -1.1389371191108337e-08, -0.002416937961809928, 7.530535818023218e-10, 0.0014292207390627376, 1.8030613532710024e-05, 1.2887118484030017e-05, -1.1389371191108337e-08, 1.8030613532710024e-05, 1.1595578532206863e-05
2006bt, 239.127208, 20.045917, 0.0322, 0.03392523726373172, 53853.76, 53891.71, CSP, 53859.79416447501, 0.02853006072837161, 0.0023615445747928268, 6.603405071238822e-06, -0.37329844823903613, 0.0236496780521539, 0.2656635582308264, 0.002222399743981713, 16.353217565351713, 0.008134538328025109, 10.885766269512045, 0.0007686279394534686, 0.000813964438006121, -6.456921185107451e-08, -0.00015144372419113926, 1.3117990561795976e-05, -6.456921185107451e-08, 4.36049585348626e-11, -5.688230938509744e-08, -1.2574161647156997e-08, -0.00015144372419113926, -5.688230938509744e-08, 0.0005593114663955852, 1.1530870572134597e-05, 1.3117990561795976e-05, -1.2574161647156997e-08, 1.1530870572134597e-05, 4.939060622049984e-06
2008O, 104.393583, -45.812306, 0.0389, 0.03982266988336256, 54489.71, 54571.48, CSP, 54490.90932122734, 0.07280426233046455, 0.00070134451397497, 3.2880223010530954e-06, -2.062757243169963, 0.039893436584077735, 0.43677485255746834, 0.0036811967748271077, 16.90298057062227, 0.013546384932022008, 11.476554549097061, 0.12607025065414917, 0.005300462383150304, -1.4820923651504885e-07, -0.001315951728448545, 4.781723830918782e-05, -1.4820923651504885e-07, 1.0811090652222493e-11, 6.772792493767233e-09, -8.62172921171175e-09, -0.001315951728448545, 6.772792493767233e-09, 0.0015915269819053736, 4.120995200525943e-06, 4.781723830918782e-05, -8.62172921171175e-09, 4.120995200525943e-06, 1.3551209694997499e-05
2006ot, 33.770167, -20.766167, 0.0531, 0.05234559449767061, 54063.72, 54131.63, CSP, 54066.916800972045, 4.51728337793611e-05, 0.000905834153287701, 3.686293544985777e-06, -0.06324602066124341, 0.03895778305225306, 0.3015087373447388, 0.003691110781494686, 17.334205593654012, 0.013267990601067437, 11.181810456585577, 0.0011092005646865426, 2.0405849040198446e-09, -4.7621739104801445e-14, -4.52728376582137e-10, 9.518786995625495e-12, -4.7621739104801445e-14, 1.3588760099803808e-11, -6.364609076376446e-08, -1.0758135548431646e-08, -4.52728376582137e-10, -6.364609076376446e-08, 0.0015177395787918239, 2.7843175833681604e-05, 9.518786995625495e-12, -1.0758135548431646e-08, 2.7843175833681604e-05, 1.3624298801266311e-05
2006fw, 26.793083, -0.147, 0.0835, 0.08215156304994824, 54001.75, 54039.73, CSP, 54004.66542633904, 0.11560924811419682, 0.00037265859008988233, 2.2251512957149156e-06, -0.6598805472573088, 0.07555962346532302, 0.21544353667728747, 0.005744955249352662, 18.463738695646292, 0.02165109465159967, 9.861783859275818, 0.011990873422482031, 0.013365516632774148, -5.3590699659862317e-08, -0.004245167271437617, 3.1928489286341325e-05, -5.3590699659862317e-08, 4.951298288821768e-12, -5.3335925776984105e-08, -8.880756889170456e-09, -0.004245167271437617, -5.3335925776984105e-08, 0.005709699065276325, 6.720079735883314e-05, 3.1928489286341325e-05, -8.880756889170456e-09, 6.720079735883314e-05, 3.300451081706471e-05
2004gc, 80.458125, 6.676028, 0.0321, 0.031225952035492954, 53329.83, 53397.66, CSP, 53325.85677489027, 0.07625315199402394, 0.001717487878085365, 8.898513389366435e-06, -0.6231062431549461, 0.01849940895385649, 0.34042837784756336, 0.0025097890507495635, 16.437953977509096, 0.00977719662804667, 12.062701043577428, 0.013400455258840153, 0.005814545748018071, -5.824190391438295e-07, -0.0008012083247396898, 0.00010413415411859444, -5.824190391438295e-07, 7.918354054073372e-11, 3.3421617911509605e-08, -1.838083332301918e-08, -0.0008012083247396898, 3.3421617911509605e-08, 0.000342229717890009, -1.2971546773372515e-06, 0.00010413415411859444, -1.838083332301918e-08, -1.2971546773372515e-06, 6.299041079262396e-06
