MJD,m,dm,uJy,duJy,F,err,chi/N,RA,Dec,x,y,maj,min,phi,apfit,mag5sig,Sky,Obs
60682.445394,-22.306,3.111,-4,14,o,0,1.88,128.02037,21.62807,7344.87,9975.1,2.19,2.09,-70.4,-0.439,19.41,20.55,02a60682o0533o
60682.447202,20.373,0.498,26,13,o,0,2.08,128.02037,21.62807,7365.93,10014.54,2.23,2.11,-75.9,-0.44,19.45,20.56,02a60682o0537o
60682.451379,20.362,0.525,26,14,o,0,2.1,128.02037,21.62807,7307.21,9937.9,2.24,2.18,81.9,-0.437,19.44,20.6,02a60682o0546o
60682.470817,-19.802,0.327,-44,14,o,0,1.7,128.02037,21.62807,7282.55,10059.45,2.29,2.2,81.3,-0.433,19.44,20.73,02a60682o0584o
60684.418763,19.802,0.35,44,15,o,0,1.48,128.02037,21.62807,6027.99,4675.78,2.67,2.37,42.8,-0.387,19.21,20.03,01a60684o0456o
60684.420591,20.873,0.877,16,14,o,0,1.76,128.02037,21.62807,6008.82,4636.8,2.7,2.43,46.9,-0.393,19.18,20.03,01a60684o0460o
60684.4238,-21.703,1.917,-8,14,o,0,1.28,128.02037,21.62807,6064.42,4714.71,2.63,2.35,43.1,-0.391,19.23,20.03,01a60684o0467o
60684.433233,-20.515,0.612,-23,14,o,0,1.99,128.02037,21.62807,6086.43,4599.68,2.75,2.38,53.8,-0.387,19.17,20.1,01a60684o0486o
60686.38846,-20.622,1.154,-20,24,o,0,1.75,128.02037,21.62807,8397.29,1514.77,2.59,2.05,-57.1,-0.45,18.64,19.11,02a60686o0180o
60686.391174,-19.495,0.458,-58,26,o,0,1.46,128.02037,21.62807,8414.38,1553.42,2.91,2.4,-55.7,-0.431,18.5,19.12,02a60686o0186o
60686.39435,19.425,0.444,62,27,o,0,1.34,128.02037,21.62807,8355.58,1476.38,2.79,2.27,-58.4,-0.439,18.53,19.11,02a60686o0193o
60686.399791,-19.686,0.452,-48,22,o,0,1.56,128.02037,21.62807,8333.87,1595.33,2.46,1.85,-60.0,-0.469,18.7,19.16,02a60686o0205o
60692.493199,22.96,15.857,2,38,o,0,1.19,128.02037,21.62807,8666.46,4219.41,2.48,2.29,27.6,-0.43,17.93,18.2,01a60692o0581o
60692.496408,-21.148,2.258,-13,28,o,0,1.39,128.02037,21.62807,8686.02,4257.38,2.54,2.34,30.2,-0.423,18.62,19.08,01a60692o0588o
60692.504437,-19.823,0.434,-43,19,o,0,1.38,128.02037,21.62807,8627.65,4178.53,2.51,2.32,34.6,-0.423,19.0,19.56,01a60692o0604o
60692.515501,-19.719,0.311,-47,15,o,0,2.18,128.02037,21.62807,8610.86,4295.37,2.42,2.28,30.7,-0.426,18.99,19.52,01a60692o0627o
60692.617622,20.109,0.876,33,29,o,0,0.9,128.02037,21.62807,2589.22,4616.18,2.76,2.41,44.1,-0.395,18.67,19.07,01a60692o0833o
60692.618079,-20.92,1.561,-16,24,o,0,1.27,128.02037,21.62807,2607.94,4654.92,2.72,2.38,42.4,-0.391,18.7,19.07,01a60692o0834o
60692.618536,23.372,13.583,2,22,o,0,1.58,128.02037,21.62807,2548.23,4576.64,2.7,2.36,40.6,-0.399,18.73,19.07,01a60692o0835o
60692.618993,-19.168,0.337,-78,26,o,0,1.25,128.02037,21.62807,2529.47,4692.71,2.75,2.42,42.7,-0.398,18.67,19.06,01a60692o0836o
60692.61945,-24.138,27.833,-1,22,o,0,1.39,128.02037,21.62807,2567.02,4634.72,2.68,2.35,42.0,-0.401,18.71,19.06,01a60692o0837o
60692.868531,-21.069,2.143,-14,29,o,0,1.13,128.02037,21.62807,7870.36,6014.37,2.48,2.2,-52.8,-0.403,18.39,18.87,03a60693o0199o
60692.868982,-20.952,1.932,-15,29,o,0,0.93,128.02037,21.62807,7852.68,5975.22,2.45,2.14,-53.1,-0.414,18.4,18.88,03a60693o0200o
60692.869432,-20.249,0.957,-29,28,o,0,1.68,128.02037,21.62807,7910.61,6054.32,2.49,2.19,-51.6,-0.404,18.37,18.87,03a60693o0201o
60692.869883,-20.167,0.96,-31,30,o,0,1.35,128.02037,21.62807,7932.21,5939.35,2.48,2.19,-54.8,-0.413,18.4,18.87,03a60693o0202o
60692.870333,20.408,1.109,25,28,o,0,1.33,128.02037,21.62807,7893.35,5996.04,2.44,2.15,-55.0,-0.404,18.4,18.87,03a60693o0203o
60693.481737,-19.102,0.17,-83,14,o,0,2.18,128.02037,21.62807,1863.11,6335.72,2.36,2.01,30.5,-0.425,19.11,19.96,02a60693o0585o
60693.484924,19.241,0.231,73,17,o,0,1.88,128.02037,21.62807,1843.95,6294.97,2.42,2.06,29.7,-0.427,19.09,19.95,02a60693o0592o
60693.490948,-19.621,0.356,-52,18,o,0,1.49,128.02037,21.62807,1902.36,6377.64,2.53,2.17,31.8,-0.413,19.04,19.9,02a60693o0605o
60693.520012,-19.382,0.258,-64,16,o,0,1.74,128.02037,21.62807,1917.12,6254.53,2.4,1.99,32.3,-0.425,19.09,19.86,02a60693o0662o
60694.464697,22.509,4.464,4,16,o,0,1.04,128.02037,21.62807,7537.5,2857.42,2.27,2.25,-5.0,-0.399,19.15,20.16,02a60694o0558o
60694.49694,21.011,0.915,14,13,o,0,3.33,128.02037,21.62807,7509.79,2818.77,2.22,2.18,-45.5,-0.403,19.17,20.18,02a60694o0626o
60694.500107,20.171,0.451,31,14,o,0,2.56,128.02037,21.62807,7572.02,2898.05,2.3,2.27,-30.2,-0.399,19.17,20.2,02a60694o0633o
60694.505568,22.173,2.568,5,13,o,0,3.25,128.02037,21.62807,7592.98,2782.47,2.32,2.27,-37.8,-0.397,19.15,20.18,02a60694o0645o
60695.461427,21.267,1.112,11,13,o,0,1.67,128.02037,21.62807,3019.17,7736.47,2.57,2.41,55.7,-0.41,19.37,20.38,01a60695o0540o
60695.464233,-22.504,3.778,-4,14,o,0,1.3,128.02037,21.62807,3039.74,7775.01,2.65,2.46,53.4,-0.406,19.33,20.38,01a60695o0546o
60695.494982,-21.406,1.403,-10,14,o,0,1.27,128.02037,21.62807,2983.43,7691.26,2.67,2.4,58.8,-0.395,19.31,20.31,01a60695o0609o
60695.500286,-20.889,0.836,-16,13,o,0,1.29,128.02037,21.62807,2965.11,7807.81,2.67,2.4,49.0,-0.404,19.28,20.3,01a60695o0620o
60696.451443,-19.652,0.245,-50,12,o,0,1.61,128.02037,21.62807,6499.81,5797.45,2.66,2.42,45.5,-0.385,19.46,20.68,01a60696o0522o
60696.454838,-17.525,0.756,-355,268,o,0,1.24,128.02037,21.62807,6520.58,5835.23,2.68,2.43,45.6,-0.373,15.8,16.34,01a60696o0528o
60696.486485,22.825,5.353,3,14,o,0,1.34,128.02037,21.62807,6468.42,5752.33,2.71,2.44,52.2,-0.38,19.17,20.27,01a60696o0594o
60696.491609,-20.474,0.466,-24,11,o,0,1.62,128.02037,21.62807,6445.87,5867.68,2.81,2.47,44.4,-0.375,19.37,20.55,01a60696o0605o
60697.572609,-20.381,0.866,-26,22,o,0,1.18,128.02037,21.62807,9232.65,7911.98,2.89,2.88,-69.5,-0.425,18.83,19.93,01a60697o0706o
60697.578919,20.762,0.829,18,15,o,0,1.42,128.02037,21.62807,9230.54,7912.29,3.3,3.17,51.5,-0.397,19.11,20.5,01a60697o0718o
60697.583924,-18.962,0.285,-94,27,o,0,0.81,128.02037,21.62807,9229.61,7912.56,2.88,2.57,45.2,-0.419,18.6,19.79,01a60697o0727o
60697.590806,-21.032,1.109,-14,16,o,0,1.16,128.02037,21.62807,9226.47,7913.51,2.8,2.46,43.3,-0.421,19.18,20.38,01a60697o0739o
60699.448039,20.184,0.379,31,12,o,0,1.54,128.02037,21.62807,3118.02,9686.55,2.9,2.72,71.6,-0.38,19.43,20.87,01a60699o0506o
60699.482828,20.198,0.388,30,12,o,0,1.59,128.02037,21.62807,3143.03,9720.2,2.9,2.78,79.2,-0.383,19.41,20.88,01a60699o0578o
60699.486031,-20.52,0.478,-22,11,o,0,1.6,128.02037,21.62807,3083.91,9640.68,2.78,2.58,72.0,-0.382,19.48,20.9,01a60699o0584o
60699.49159,23.768,10.5,1,12,o,0,1.41,128.02037,21.62807,3064.9,9756.64,2.74,2.57,73.9,-0.387,19.5,20.87,01a60699o0596o
60700.487118,-19.895,0.25,-40,10,o,0,2.36,128.02037,21.62807,6407.25,3854.17,2.6,2.34,33.7,-0.391,19.49,20.89,01a60700o0344o
60700.489947,20.622,0.468,20,10,o,0,2.81,128.02037,21.62807,6426.26,3892.35,2.49,2.3,42.9,-0.4,19.57,20.87,01a60700o0350o
60700.495486,-20.857,1.147,-16,19,o,0,1.47,128.02037,21.62807,6370.45,3814.45,2.83,2.5,38.2,-0.374,18.98,20.31,01a60700o0362o
60700.505694,-20.353,0.506,-26,13,o,0,1.48,128.02037,21.62807,6350.83,3929.66,2.63,2.43,39.8,-0.386,19.23,20.46,01a60700o0383o
60703.583295,20.971,0.884,15,13,o,0,1.39,128.02037,21.62807,7265.82,8008.2,3.0,2.78,51.6,-0.375,19.27,20.58,01a60703o0325o
60703.586575,21.634,1.686,8,14,o,0,1.05,128.02037,21.62807,7282.06,8047.17,2.84,2.64,54.0,-0.391,19.32,20.57,01a60703o0332o
60703.593134,19.148,0.182,80,14,o,0,1.49,128.02037,21.62807,7219.83,7970.0,3.05,2.93,-71.9,-0.399,19.2,20.54,01a60703o0346o
60703.607882,-25.575,70.0,0,15,o,0,1.35,128.02037,21.62807,7196.92,8088.33,3.05,2.82,55.8,-0.393,19.02,20.37,01a60703o0377o
60704.468689,-19.388,0.306,-64,20,o,0,1.3,128.02037,21.62807,605.7,4117.42,2.57,2.31,45.0,-0.376,18.73,20.01,01a60704o0573o
60704.487468,-19.641,0.617,-50,31,o,0,1.47,128.02037,21.62807,625.04,4154.55,2.54,2.26,44.1,-0.386,18.29,19.59,01a60704o0611o
60704.490822,-18.233,0.217,-185,40,o,0,2.35,128.02037,21.62807,565.54,4074.61,2.55,2.29,45.7,-0.383,17.92,19.25,01a60704o0618o
60704.496015,-18.81,0.372,-109,40,o,0,1.86,128.02037,21.62807,546.89,4189.78,2.56,2.25,43.5,-0.378,17.9,19.23,01a60704o0629o
60708.370878,-21.444,1.231,-10,12,o,0,1.61,128.02037,21.62807,4137.19,8939.04,2.74,2.43,56.1,-0.382,19.42,20.85,01a60708o0359o
60708.374208,-21.68,1.565,-8,12,o,0,1.38,128.02037,21.62807,4118.48,8900.02,2.78,2.46,54.8,-0.382,19.34,20.84,01a60708o0366o
60708.409477,-20.946,0.724,-15,11,o,0,1.6,128.02037,21.62807,6384.52,1591.49,2.7,2.6,33.8,-0.416,19.46,20.79,01a60708o0441o
60708.429124,-21.623,1.233,-8,10,o,0,2.28,128.02037,21.62807,6366.39,1705.11,2.65,2.48,31.7,-0.417,19.5,20.82,01a60708o0480o
60709.379942,-20.19,0.372,-30,11,c,0,1.29,128.02037,21.62807,6478.74,1617.02,2.37,2.22,-70.0,-0.409,19.58,21.28,02a60709o0380c
60709.381748,-19.499,0.18,-58,10,c,0,1.29,128.02037,21.62807,6497.62,1656.31,2.35,2.22,-70.5,-0.408,19.57,21.28,02a60709o0384c
60709.405653,-20.021,0.28,-36,10,c,0,1.74,128.02037,21.62807,6436.59,1578.66,2.37,2.21,-71.2,-0.409,19.57,21.29,02a60709o0435c
60709.434155,21.8,1.5,7,10,c,0,1.62,128.02037,21.62807,4146.97,8874.37,2.57,2.39,19.4,-0.396,19.54,21.28,02a60709o0495c
60710.363198,-19.981,0.331,-37,12,o,0,4.28,128.02037,21.62807,10339.36,1371.56,2.5,1.59,-56.8,-0.51,19.42,20.41,02a60710o0342o
60710.366314,-20.01,0.426,-36,15,o,0,3.12,128.02037,21.62807,10357.49,1410.54,2.47,1.57,-55.3,-0.516,19.37,20.42,02a60710o0347o
60710.368125,-20.026,0.333,-35,12,o,0,2.56,128.02037,21.62807,455.08,1341.0,2.09,1.78,-56.8,-0.483,19.42,20.4,02a60710o0351o
60710.369029,-18.946,0.16,-96,15,o,0,5.52,128.02037,21.62807,10300.72,1335.3,2.33,1.51,-56.9,-0.525,19.39,20.43,02a60710o0353o
60710.373242,-19.181,0.139,-77,11,o,0,4.4,128.02037,21.62807,472.3,1379.56,2.17,1.81,-56.9,-0.479,19.4,20.41,02a60710o0361o
60710.374607,-20.665,0.628,-20,12,o,0,4.37,128.02037,21.62807,10279.14,1453.31,2.45,1.58,-57.1,-0.525,19.4,20.44,02a60710o0364o
60710.376416,-19.343,0.178,-66,12,o,0,3.25,128.02037,21.62807,415.32,1300.36,2.18,1.84,-59.7,-0.478,19.39,20.42,02a60710o0368o
60710.383333,-20.088,0.334,-34,11,o,0,5.17,128.02037,21.62807,394.86,1418.48,2.11,1.81,-56.3,-0.485,19.41,20.46,02a60710o0383o
60710.404831,20.651,0.549,20,11,o,0,1.8,128.02037,21.62807,1388.56,2688.29,2.87,2.58,53.1,-0.394,19.36,20.7,01a60710o0379o
60711.268172,19.449,0.244,60,15,o,0,1.76,128.02037,21.62807,1359.23,2634.23,2.5,2.47,16.9,-0.438,19.16,20.09,01a60711o0130o
60711.273452,-21.97,3.029,-6,18,o,0,1.5,128.02037,21.62807,9309.96,7934.22,2.58,2.44,-53.1,-0.428,19.05,20.02,02a60711o0137o
60711.277198,19.975,0.367,37,14,o,0,1.99,128.02037,21.62807,1398.7,2674.96,2.57,2.48,47.3,-0.428,19.2,20.14,01a60711o0147o
60711.28294,-20.01,0.483,-36,17,o,0,1.23,128.02037,21.62807,9225.12,7976.23,2.3,2.12,-58.6,-0.449,19.24,20.06,02a60711o0155o
