MJD,m,dm,uJy,duJy,F,err,chi/N,RA,Dec,x,y,maj,min,phi,apfit,mag5sig,Sky,Obs
60684.152321,-21.844,2.345,-7,16,o,0,0.8,82.40921,-61.82259,3568.16,4812.02,1.97,1.81,-66.3,-0.44,18.98,19.95,04a60684o0261o
60684.155168,21.306,1.792,11,20,o,0,1.17,82.40921,-61.82259,3588.09,4849.86,2.11,1.94,-38.6,-0.487,18.94,19.91,04a60684o0267o
60684.160677,-21.05,1.535,-14,21,o,0,0.63,82.40921,-61.82259,3531.23,4774.12,1.99,1.84,-64.7,-0.459,18.98,19.95,04a60684o0279o
60684.171688,-21.112,1.345,-13,18,o,0,0.84,82.40921,-61.82259,3508.19,4890.88,1.97,1.83,-63.2,-0.447,18.97,19.96,04a60684o0303o
60685.876503,21.484,2.491,9,23,o,0,0.9,82.40921,-61.82259,9278.98,709.47,2.58,2.29,-60.0,-0.425,18.85,19.85,03a60686o0210o
60685.880601,21.765,3.447,7,25,o,0,0.75,82.40921,-61.82259,9300.15,750.92,2.69,2.34,-52.4,-0.435,18.8,19.84,03a60686o0219o
60685.886125,20.074,0.675,34,23,o,0,0.76,82.40921,-61.82259,9243.82,667.0,2.61,2.31,-57.5,-0.426,18.85,19.83,03a60686o0231o
60685.896282,20.307,0.807,27,22,o,0,1.07,82.40921,-61.82259,9219.94,782.43,2.72,2.44,-57.3,-0.423,18.83,19.85,03a60686o0253o
60688.170592,20.195,1.509,30,46,o,0,0.92,82.40921,-61.82259,9283.13,7188.59,2.38,1.94,-3.6,-0.407,18.28,18.74,04a60688o0094o
60688.173809,-20.791,2.143,-18,38,o,0,1.21,82.40921,-61.82259,9302.62,7228.81,2.41,1.98,-5.2,-0.403,18.22,18.72,04a60688o0101o
60688.1847,20.99,5.407,15,79,o,0,0.82,82.40921,-61.82259,9247.36,7148.8,2.44,1.93,-0.9,-0.409,18.18,18.76,04a60688o0124o
60688.1903,20.234,1.572,29,46,o,0,1.49,82.40921,-61.82259,9228.51,7263.37,2.32,1.91,-4.5,-0.406,17.98,18.21,04a60688o0136o
60688.19443,-18.69,0.553,-121,67,o,0,1.14,82.40921,-61.82259,125.35,7222.16,2.5,2.0,-83.7,-0.347,17.25,17.26,04a60688o0145o
60688.197675,-19.158,1.173,-79,92,o,0,0.92,82.40921,-61.82259,143.46,7259.22,2.6,2.07,-85.0,-0.333,16.99,17.09,04a60688o0152o
60688.204645,-18.293,0.779,-175,136,o,0,1.46,82.40921,-61.82259,86.94,7186.3,2.53,2.06,-82.9,-0.333,17.53,17.75,04a60688o0167o
60688.214708,-21.809,6.222,-7,43,o,0,1.44,82.40921,-61.82259,70.61,7305.01,2.47,1.99,-73.9,-0.351,18.22,18.61,04a60688o0188o
60692.063031,20.86,0.991,16,16,o,0,0.77,82.40921,-61.82259,5718.99,7397.35,2.18,1.9,-44.6,-0.437,19.3,20.84,04a60692o0022o
60692.064857,20.001,0.427,36,16,o,0,0.71,82.40921,-61.82259,5698.4,7358.95,2.23,1.91,-47.4,-0.437,19.35,20.86,04a60692o0026o
60692.068067,21.048,1.078,14,15,o,0,0.94,82.40921,-61.82259,5757.97,7436.51,2.25,1.94,-49.2,-0.434,19.29,20.83,04a60692o0033o
60692.073102,20.036,0.449,35,16,o,0,1.32,82.40921,-61.82259,5778.51,7321.24,2.27,1.94,-46.5,-0.44,19.29,20.8,04a60692o0044o
60693.873472,-22.005,2.703,-6,16,o,0,1.53,82.40921,-61.82259,7594.44,6777.35,2.4,2.14,-55.8,-0.405,19.11,20.18,03a60694o0208o
60693.876634,-20.168,0.492,-31,15,o,0,1.07,82.40921,-61.82259,7613.02,6817.59,2.46,2.23,-58.0,-0.411,19.03,20.16,03a60694o0215o
60693.883091,23.246,9.4,2,17,o,0,1.16,82.40921,-61.82259,7561.71,6736.31,2.59,2.32,-57.6,-0.415,18.99,20.16,03a60694o0229o
60693.895032,-21.337,1.596,-11,17,o,0,1.26,82.40921,-61.82259,7542.5,6850.33,2.61,2.39,-61.2,-0.397,19.02,20.24,03a60694o0255o
60696.123227,20.256,0.369,29,11,c,0,1.16,82.40921,-61.82259,5512.4,4704.09,2.15,1.93,-47.4,-0.396,19.58,21.77,04a60696o0208c
60696.13037,20.361,0.364,26,10,c,0,1.12,82.40921,-61.82259,5532.48,4744.06,2.11,1.94,-53.0,-0.392,19.59,21.79,04a60696o0223c
60696.133564,22.426,2.677,4,10,c,0,0.76,82.40921,-61.82259,5475.56,4666.52,2.16,1.98,-42.4,-0.39,19.58,21.77,04a60696o0230c
60696.149526,21.456,1.234,10,12,c,0,0.71,82.40921,-61.82259,5455.45,4781.7,2.14,1.96,-57.7,-0.392,19.57,21.65,04a60696o0264c
60697.861448,-22.574,4.5,-3,15,o,0,1.46,82.40921,-61.82259,9599.83,8909.11,2.79,2.21,-56.7,-0.419,19.05,20.6,03a60698o0184o
60697.864659,19.53,0.402,56,22,o,0,1.15,82.40921,-61.82259,9617.25,8949.62,2.76,2.25,-57.8,-0.413,19.19,20.73,03a60698o0191o
60697.870064,20.823,1.21,17,21,o,0,0.95,82.40921,-61.82259,9564.64,8864.49,3.22,2.69,-67.1,-0.465,19.2,20.93,03a60698o0202o
60697.876905,21.356,1.667,10,17,o,0,1.09,82.40921,-61.82259,698.07,8601.96,3.42,2.97,-59.7,-0.376,19.14,20.98,03a60698o0217o
60697.880128,20.529,0.757,22,17,o,0,0.71,82.40921,-61.82259,714.7,8640.22,2.86,2.58,-65.4,-0.375,19.25,20.93,03a60698o0224o
60697.883343,-24.18,18.75,-1,14,o,0,1.23,82.40921,-61.82259,9544.82,8977.8,2.69,2.42,-62.6,-0.412,19.33,20.9,03a60698o0231o
60697.885612,-21.912,2.536,-6,16,o,0,1.04,82.40921,-61.82259,665.13,8564.51,2.9,2.63,-59.5,-0.383,19.27,20.92,03a60698o0236o
60697.896629,-21.944,2.806,-6,17,o,0,0.88,82.40921,-61.82259,645.12,8681.71,2.68,2.37,-66.0,-0.383,19.32,20.82,03a60698o0260o
60700.132927,20.526,0.426,22,10,c,0,1.4,82.40921,-61.82259,3217.32,2788.31,2.08,1.91,50.8,-0.404,19.51,21.53,04a60700o0231c
60700.135705,21.051,0.836,14,12,c,0,0.57,82.40921,-61.82259,3237.9,2826.95,2.13,1.99,53.3,-0.396,19.49,21.49,04a60700o0237c
60700.145587,20.898,0.685,16,11,c,0,1.03,82.40921,-61.82259,3178.38,2750.32,2.16,1.99,64.3,-0.394,19.45,21.38,04a60700o0258c
60700.15291,20.642,0.533,20,11,c,0,1.1,82.40921,-61.82259,3156.58,2867.16,2.1,1.95,45.7,-0.396,19.52,21.4,04a60700o0274c
60701.880478,18.09,1.392,211,294,o,0,1.37,82.40921,-61.82259,1947.72,6911.26,2.73,2.44,-54.0,-0.397,18.11,19.56,03a60702o0171o
60701.884144,21.372,1.681,10,17,o,0,1.08,82.40921,-61.82259,1964.71,6949.3,2.81,2.54,-51.2,-0.377,19.03,20.48,03a60702o0179o
60701.889611,-21.5,1.556,-9,14,o,0,1.65,82.40921,-61.82259,1912.53,6872.94,2.68,2.44,-56.2,-0.383,19.07,20.47,03a60702o0191o
60701.90148,-24.07,20.75,-1,18,o,0,1.14,82.40921,-61.82259,1893.57,6989.47,2.73,2.5,-60.7,-0.388,19.04,20.43,03a60702o0217o
60704.122363,20.268,0.345,28,10,c,0,1.03,82.40921,-61.82259,6851.93,3089.11,2.38,2.07,-23.4,-0.38,19.44,21.39,04a60704o0225c
60704.125588,20.279,0.428,28,12,c,0,1.22,82.40921,-61.82259,6871.59,3128.57,2.38,2.1,-23.2,-0.377,19.4,21.36,04a60704o0232c
60704.131758,20.963,0.787,15,12,c,0,0.81,82.40921,-61.82259,6812.7,3049.35,2.31,2.05,-21.4,-0.387,19.45,21.34,04a60704o0245c
60704.141933,-23.485,7.909,-2,12,c,0,1.03,82.40921,-61.82259,6790.79,3164.9,2.26,2.01,-23.9,-0.385,19.46,21.3,04a60704o0267c
60705.862416,22.735,4.5,3,13,o,0,1.06,82.40921,-61.82259,5721.52,6758.66,2.33,2.13,-50.2,-0.419,19.44,20.94,03a60706o0209o
60705.867884,-20.895,0.65,-16,10,o,0,1.39,82.40921,-61.82259,5741.39,6799.56,2.46,2.16,-49.1,-0.409,19.43,20.97,03a60706o0220o
60705.871085,-25.22,33.0,0,10,o,0,2.27,82.40921,-61.82259,5688.05,6719.45,2.41,2.11,-51.2,-0.409,19.42,20.97,03a60706o0227o
60705.881238,21.207,1.025,12,12,o,0,0.94,82.40921,-61.82259,5669.14,6833.46,2.42,2.15,-52.4,-0.408,19.41,20.97,03a60706o0249o
60708.119004,21.979,1.657,6,10,c,0,1.19,82.40921,-61.82259,7078.36,566.73,2.47,2.3,-4.6,-0.381,19.47,21.57,04a60708o0218c
60708.122638,20.366,0.463,26,12,c,0,0.9,82.40921,-61.82259,7099.93,606.73,2.51,2.33,-3.5,-0.379,19.47,21.57,04a60708o0226c
60708.129166,22.221,2.64,5,12,c,0,0.98,82.40921,-61.82259,7038.64,525.89,2.59,2.41,13.2,-0.39,19.44,21.56,04a60708o0240c
60708.141375,20.849,0.67,17,11,c,0,0.97,82.40921,-61.82259,7016.08,642.92,2.43,2.27,-1.7,-0.392,19.48,21.54,04a60708o0266c
60709.850736,-21.396,1.534,-10,15,o,0,0.88,82.40921,-61.82259,2828.93,10497.26,2.59,2.32,-46.7,-0.395,19.41,20.87,03a60710o0189o
60709.860437,21.041,0.901,14,12,o,0,1.25,82.40921,-61.82259,2796.65,10457.57,2.56,2.32,-49.8,-0.395,19.4,20.92,03a60710o0210o
60709.863645,20.461,0.644,24,15,o,0,1.04,82.40921,-61.82259,1400.87,337.11,2.45,2.23,-74.7,-0.429,19.35,20.89,03a60710o0217o
60709.866828,-21.28,1.25,-11,14,o,0,0.79,82.40921,-61.82259,1424.5,376.11,2.32,2.12,-77.7,-0.436,19.39,20.91,03a60710o0224o
60709.872779,21.205,1.062,12,13,o,0,0.91,82.40921,-61.82259,1364.49,299.2,2.3,2.13,-71.8,-0.44,19.43,21.01,03a60710o0237o
