MJD,m,dm,uJy,duJy,F,err,chi/N,RA,Dec,x,y,maj,min,phi,apfit,mag5sig,Sky,Obs
60683.514677,20.303,0.417,28,11,o,0,1.55,160.67154,44.10322,7150.53,7091.58,2.56,2.14,40.6,-0.418,19.45,20.78,02a60683o0687o
60683.516966,22.913,5.059,2,13,o,0,1.07,160.67154,44.10322,7171.6,7131.08,2.59,2.15,39.6,-0.419,19.44,20.79,02a60683o0692o
60683.519721,-26.01,75.0,0,11,o,0,1.23,160.67154,44.10322,7111.75,7054.34,2.56,2.14,43.5,-0.419,19.45,20.82,02a60683o0698o
60683.542665,20.337,0.45,27,12,o,0,1.11,160.67154,44.10322,7090.03,7175.96,2.63,2.15,42.9,-0.422,19.47,20.91,02a60683o0747o
60685.505043,21.207,1.114,12,13,o,0,1.29,160.67154,44.10322,5110.92,7525.17,2.77,2.45,52.9,-0.369,19.14,20.0,01a60685o0649o
60685.508247,20.138,0.509,32,16,o,0,0.9,160.67154,44.10322,5092.99,7486.34,2.92,2.44,52.6,-0.345,19.15,20.03,01a60685o0656o
60687.436493,20.503,2.028,23,46,o,0,0.79,160.67154,44.10322,6850.1,8831.43,2.51,2.46,-48.5,-0.414,18.47,18.91,02a60687o0427o
60687.438402,-20.967,3.0,-15,45,o,0,1.03,160.67154,44.10322,6865.61,8869.3,2.84,2.52,36.3,-0.398,18.37,18.92,02a60687o0431o
60687.441161,19.901,1.322,40,52,o,0,0.82,160.67154,44.10322,6808.3,8793.92,3.02,2.96,-71.4,-0.413,18.25,18.94,02a60687o0437o
60687.446274,-19.87,0.963,-41,39,o,0,1.04,160.67154,44.10322,6786.09,8912.06,2.57,2.52,81.0,-0.415,18.45,18.98,02a60687o0448o
60687.676085,21.438,3.3,10,32,o,0,0.72,160.67154,44.10322,3740.96,1696.58,2.79,2.67,44.5,-0.406,18.29,19.01,02a60687o0937o
60691.454335,20.309,1.427,27,39,o,0,1.22,160.67154,44.10322,815.36,9044.13,2.16,1.99,24.8,-0.488,18.51,18.85,02a60691o0548o
60691.456154,21.301,4.212,11,46,o,0,0.89,160.67154,44.10322,834.42,9086.79,1.99,1.87,-31.6,-0.479,18.57,18.86,02a60691o0552o
60691.479729,20.385,1.402,26,36,o,0,1.5,160.67154,44.10322,768.46,9008.18,1.98,1.91,-10.3,-0.487,18.68,18.96,02a60691o0603o
60691.495088,21.71,4.528,8,34,o,0,1.5,160.67154,44.10322,743.6,9122.15,1.92,1.89,-34.2,-0.49,18.68,19.0,02a60691o0636o
60693.493508,21.217,1.544,12,18,o,0,1.15,160.67154,44.10322,6608.26,9194.94,2.84,2.57,56.0,-0.397,19.05,19.78,01a60693o0617o
60693.495336,21.243,1.609,12,19,o,0,1.04,160.67154,44.10322,6588.73,9155.34,3.19,2.65,52.4,-0.362,18.95,19.8,01a60693o0621o
60693.502288,22.598,6.3,3,21,o,0,0.74,160.67154,44.10322,6644.86,9234.6,3.24,2.62,52.9,-0.356,18.96,19.81,01a60693o0635o
60693.50747,19.885,0.484,40,20,o,0,1.0,160.67154,44.10322,6664.02,9117.48,3.02,2.65,50.8,-0.386,18.97,19.82,01a60693o0646o
60695.40575,20.693,0.718,19,14,o,0,1.07,160.67154,44.10322,3169.6,4841.14,2.33,1.84,33.0,-0.442,19.24,20.11,02a60695o0427o
60695.407584,20.506,0.634,23,14,o,0,1.22,160.67154,44.10322,3186.89,4879.79,2.33,1.85,32.6,-0.449,19.23,20.1,02a60695o0431o
60695.410348,20.511,0.818,23,18,o,0,0.68,160.67154,44.10322,3126.66,4800.67,2.34,1.87,35.1,-0.45,19.23,20.09,02a60695o0437o
60695.419635,20.926,1.081,16,17,o,0,1.15,160.67154,44.10322,3105.0,4916.05,2.28,1.82,32.7,-0.451,19.25,20.09,02a60695o0457o
60697.333797,22.536,3.72,4,13,o,0,1.33,160.67154,44.10322,9090.79,5022.56,2.29,2.13,-63.5,-0.435,19.32,20.43,02a60697o0251o
60697.338243,21.194,1.135,12,14,o,0,1.12,160.67154,44.10322,9094.9,5022.49,2.28,2.11,-65.9,-0.44,19.38,20.43,02a60697o0260o
60697.342012,20.256,0.534,29,15,o,0,0.89,160.67154,44.10322,1528.25,5503.54,2.78,2.62,35.3,-0.406,19.28,20.54,01a60697o0278o
60697.347191,-21.04,0.967,-14,14,o,0,0.78,160.67154,44.10322,1527.21,5504.45,2.72,2.56,34.3,-0.404,19.32,20.54,01a60697o0287o
60699.513944,20.731,0.626,18,12,c,0,0.83,160.67154,44.10322,3239.88,6787.45,2.6,2.36,38.0,-0.396,19.59,21.52,02a60699o0668c
60699.515756,-23.779,9.286,-1,10,c,0,1.42,160.67154,44.10322,3259.74,6825.27,2.72,2.4,35.0,-0.391,19.54,21.53,02a60699o0672c
60699.521229,20.621,0.475,20,10,c,0,4.07,160.67154,44.10322,3202.18,6750.69,2.61,2.27,37.1,-0.396,19.61,21.53,02a60699o0684c
60699.529424,21.641,1.275,8,10,c,0,1.25,160.67154,44.10322,3176.96,6867.36,2.71,2.37,34.3,-0.389,19.58,21.52,02a60699o0702c
60703.613745,20.296,0.364,28,10,c,0,1.13,160.67154,44.10322,3390.34,5411.99,2.42,2.23,30.8,-0.41,19.44,21.27,02a60703o0220c
60703.61705,21.328,0.957,11,10,c,0,1.59,160.67154,44.10322,3371.83,5372.34,2.45,2.27,32.8,-0.411,19.46,21.28,02a60703o0227c
60703.62218,20.889,0.694,16,11,c,0,1.12,160.67154,44.10322,3427.48,5447.39,2.4,2.2,28.0,-0.409,19.51,21.3,02a60703o0238c
60703.632268,20.831,0.61,17,10,c,0,1.19,160.67154,44.10322,3448.48,5328.65,2.42,2.21,31.9,-0.41,19.56,21.36,02a60703o0259c
60709.426784,20.239,0.32,29,9,o,0,1.73,160.67154,44.10322,5773.61,1622.08,2.65,2.52,54.9,-0.434,19.52,21.03,01a60709o0486o
60709.434717,24.142,14.0,1,11,o,0,1.1,160.67154,44.10322,5752.78,1587.56,2.81,2.69,46.9,-0.424,19.53,21.04,01a60709o0503o
60709.439383,20.31,0.47,27,13,o,0,0.82,160.67154,44.10322,5813.29,1664.81,2.86,2.72,50.8,-0.422,19.48,21.05,01a60709o0513o
60709.46536,20.669,0.584,20,11,o,0,0.97,160.67154,44.10322,5828.48,1548.09,2.81,2.63,47.0,-0.424,19.47,20.95,01a60709o0568o
60710.344785,-23.125,9.625,-2,20,o,0,1.04,160.67154,44.10322,1492.49,5496.07,3.62,3.44,45.1,-0.349,18.84,20.2,01a60710o0269o
60710.355233,21.636,1.745,8,14,o,0,1.45,160.67154,44.10322,1572.64,5455.03,2.98,2.78,56.6,-0.369,19.11,20.25,01a60710o0288o
60711.31306,-21.329,1.864,-11,20,o,0,1.08,160.67154,44.10322,9133.29,4996.51,2.42,2.3,-50.0,-0.424,18.95,19.79,02a60711o0210o
60711.3184,21.587,1.889,8,16,o,0,1.7,160.67154,44.10322,9150.39,5033.83,2.41,2.25,-52.6,-0.425,19.01,19.84,02a60711o0220o
60711.325601,22.343,4.172,4,18,o,0,1.25,160.67154,44.10322,9091.32,4957.43,2.31,2.2,-50.1,-0.429,19.05,19.89,02a60711o0231o
60711.327532,-22.186,3.156,-5,15,o,0,1.44,160.67154,44.10322,1567.74,5452.45,2.63,2.58,55.7,-0.419,19.07,20.02,01a60711o0240o
