MJD,m,dm,uJy,duJy,F,err,chi/N,RA,Dec,x,y,maj,min,phi,apfit,mag5sig,Sky,Obs
60682.599362,20.312,0.434,27,12,o,0,1.23,189.79124,13.47269,3022.26,5403.87,2.64,2.12,29.3,-0.399,19.45,20.87,02a60682o0858o
60682.602125,20.882,0.755,16,12,o,0,1.01,189.79124,13.47269,3042.18,5443.67,2.78,2.26,26.6,-0.377,19.44,20.87,02a60682o0864o
60682.605437,20.902,0.771,16,12,o,0,1.45,189.79124,13.47269,2982.11,5366.14,2.6,1.96,33.2,-0.43,19.51,20.85,02a60682o0871o
60682.616121,22.337,3.179,4,13,o,0,0.91,189.79124,13.47269,2959.5,5482.53,2.75,2.18,24.0,-0.391,19.43,20.91,02a60682o0894o
60684.528079,-21.469,1.638,-9,15,o,0,1.32,189.79124,13.47269,8641.59,9252.61,2.56,2.41,-62.7,-0.455,19.16,20.06,01a60684o0683o
60684.531282,20.1,0.408,33,14,o,0,1.58,189.79124,13.47269,8625.5,9212.91,2.54,2.42,-64.4,-0.461,19.26,20.15,01a60684o0690o
60684.542289,-21.229,1.171,-12,14,o,0,1.28,189.79124,13.47269,8687.84,9291.39,2.67,2.45,-57.0,-0.452,19.44,20.59,01a60684o0712o
60684.547831,-21.536,1.266,-9,11,o,0,1.25,189.79124,13.47269,8710.37,9174.95,2.56,2.48,-85.0,-0.446,19.45,20.68,01a60684o0724o
60684.576065,24.086,13.429,1,11,o,0,2.3,189.79124,13.47269,1940.92,1312.89,1.91,1.84,55.9,-0.48,19.37,20.52,02a60684o0803o
60684.577875,20.618,0.685,21,14,o,0,1.06,189.79124,13.47269,1956.8,1352.82,1.94,1.87,50.4,-0.473,19.14,20.36,02a60684o0807o
60684.589168,21.556,1.475,9,13,o,0,1.44,189.79124,13.47269,1897.66,1273.66,1.91,1.86,57.8,-0.472,19.46,20.62,02a60684o0831o
60684.595514,21.055,0.759,14,10,o,0,2.13,189.79124,13.47269,1876.53,1390.73,1.96,1.87,46.2,-0.474,19.31,20.52,02a60684o0845o
60685.099616,19.752,0.304,46,14,c,0,1.34,189.79124,13.47269,8492.95,9301.38,2.7,2.31,-55.7,-0.392,19.32,20.71,03a60685o0685c
60685.101873,-21.762,2.088,-7,15,c,0,1.27,189.79124,13.47269,8477.8,9261.75,2.84,2.47,-52.7,-0.387,19.12,20.44,03a60685o0690c
60685.104154,21.587,2.538,8,21,c,0,0.94,189.79124,13.47269,8533.46,9340.94,2.87,2.51,-54.8,-0.38,18.95,20.09,03a60685o0695c
60685.105992,-22.74,7.333,-3,21,c,0,1.29,189.79124,13.47269,8554.65,9224.3,2.76,2.35,-53.2,-0.382,18.82,19.77,03a60685o0699c
60687.314236,20.334,1.336,27,36,o,0,2.11,189.79124,13.47269,3540.93,3439.5,1.97,1.9,-72.4,-0.453,17.74,18.36,04a60687o0618o
60687.316052,0.0,0.0,0,0,o,0,-2.0,189.79124,13.47269,3474.95,3354.56,1.91,1.9,-18.3,-0.491,16.48,17.98,04a60687o0622o
60687.321512,-19.818,1.225,-43,53,o,0,1.0,189.79124,13.47269,3580.89,3477.33,1.94,1.89,-63.4,-0.457,17.64,19.14,04a60687o0634o
60687.331651,19.861,1.872,41,77,o,0,1.19,189.79124,13.47269,3601.28,3360.77,1.98,1.92,-44.5,-0.452,17.39,17.68,04a60687o0656o
60689.028906,-22.004,6.028,-6,35,o,0,1.24,189.79124,13.47269,4262.44,6963.64,2.38,2.16,-52.9,-0.366,18.14,18.35,03a60689o0547o
60689.043927,-21.026,2.309,-14,33,o,0,1.08,189.79124,13.47269,4244.74,6925.66,2.29,2.07,-56.9,-0.38,18.31,18.49,03a60689o0579o
60689.047545,-19.336,0.597,-67,40,o,0,1.0,189.79124,13.47269,4299.03,7003.82,2.27,2.03,-50.9,-0.392,18.18,18.34,03a60689o0587o
60689.056597,-19.691,0.728,-48,35,o,0,1.0,189.79124,13.47269,4323.3,6887.66,2.37,2.14,-49.2,-0.378,18.33,18.59,03a60689o0607o
60690.501869,-19.711,0.562,-47,27,o,0,1.47,189.79124,13.47269,1149.74,7424.39,2.24,2.11,14.6,-0.442,18.49,18.89,02a60690o0653o
60690.505071,20.456,1.106,24,26,o,0,1.4,189.79124,13.47269,1168.98,7464.07,2.23,2.07,13.7,-0.441,18.54,18.91,02a60690o0660o
60690.5087,19.986,0.636,37,23,o,0,1.44,189.79124,13.47269,1106.14,7383.75,2.23,2.02,18.0,-0.427,18.55,18.93,02a60690o0668o
60690.53249,21.177,1.897,12,23,o,0,1.57,189.79124,13.47269,1083.05,7501.11,2.16,1.97,16.1,-0.443,18.69,19.06,02a60690o0718o
60690.550138,21.831,2.554,7,17,o,0,1.74,189.79124,13.47269,9476.56,3143.73,2.43,2.33,-44.0,-0.437,18.86,19.33,01a60690o0750o
60690.551971,23.281,10.333,2,18,o,0,1.15,189.79124,13.47269,9456.95,3104.74,2.4,2.34,-33.5,-0.43,18.89,19.34,01a60690o0754o
60690.554726,23.595,14.5,1,19,o,0,1.02,189.79124,13.47269,9516.09,3182.43,2.33,2.25,-23.8,-0.427,18.92,19.35,01a60690o0760o
60690.56348,19.838,0.445,42,19,o,0,1.08,189.79124,13.47269,9537.13,3066.11,2.45,2.34,-0.8,-0.412,18.87,19.38,01a60690o0779o
60690.62452,-21.344,1.57,-10,16,o,0,1.6,189.79124,13.47269,116.37,1760.72,2.55,2.3,54.1,-0.359,18.88,19.36,01a60690o0908o
60690.624641,21.636,3.727,8,30,o,0,1.1,189.79124,13.47269,10474.65,8807.4,2.45,2.27,-49.3,-0.443,18.7,19.19,02a60690o0912o
60690.624976,-21.901,2.656,-6,17,o,0,1.23,189.79124,13.47269,95.56,1721.45,2.32,2.22,60.0,-0.402,18.94,19.36,01a60690o0909o
60690.625093,-21.97,5.474,-6,32,o,0,1.6,189.79124,13.47269,10495.23,8846.67,2.55,2.3,-51.9,-0.44,18.65,19.19,02a60690o0913o
60690.625433,21.721,2.111,7,16,o,0,1.74,189.79124,13.47269,156.36,1799.71,2.36,2.21,57.3,-0.381,18.93,19.36,01a60690o0910o
60690.625546,-20.292,1.218,-28,34,o,0,1.06,189.79124,13.47269,10434.36,8768.54,2.42,2.18,-52.3,-0.494,18.65,19.2,02a60690o0914o
60690.62589,-23.365,11.812,-2,19,o,0,0.98,189.79124,13.47269,175.24,1682.02,2.36,2.21,55.9,-0.392,18.94,19.36,01a60690o0911o
60690.625999,22.458,6.913,4,26,o,0,1.41,189.79124,13.47269,10415.08,8886.04,2.38,2.17,-48.1,-0.571,18.69,19.21,02a60690o0915o
60690.626346,19.75,0.439,46,20,o,0,1.01,189.79124,13.47269,135.31,1740.97,2.39,2.22,55.2,-0.384,18.91,19.36,01a60690o0912o
60690.626451,19.916,0.665,39,26,o,0,1.29,189.79124,13.47269,10455.07,8827.45,2.41,2.18,-51.3,-0.458,18.7,19.2,02a60690o0916o
60690.671454,-20.327,1.109,-27,30,o,0,1.16,189.79124,13.47269,10350.87,8863.06,2.51,2.37,35.2,-0.47,18.4,18.51,01a60690o1005o
60690.676297,19.997,0.893,36,32,o,0,1.14,189.79124,13.47269,202.37,1681.19,2.18,1.88,32.0,-0.413,17.96,18.08,02a60690o1020o
60691.002947,-19.181,0.716,-77,55,o,0,1.08,189.79124,13.47269,118.42,1676.47,3.01,2.9,-73.0,-0.321,17.76,18.09,03a60691o0487o
60691.003398,20.139,1.636,32,52,o,0,1.29,189.79124,13.47269,99.77,1636.64,2.89,2.69,-48.3,-0.378,17.85,18.09,03a60691o0488o
60691.003849,19.334,0.713,67,48,o,0,1.03,189.79124,13.47269,159.79,1715.83,2.95,2.74,-47.8,-0.371,17.83,18.1,03a60691o0489o
60691.004299,22.631,17.538,3,56,o,0,0.78,189.79124,13.47269,180.69,1598.83,2.88,2.71,-42.9,-0.368,17.88,18.11,03a60691o0490o
60691.00475,20.609,2.535,21,52,o,0,1.25,189.79124,13.47269,140.15,1656.71,2.87,2.7,-43.8,-0.348,17.83,18.12,03a60691o0491o
60691.108407,19.645,0.716,50,36,o,0,1.3,189.79124,13.47269,300.78,1591.49,2.79,2.32,-68.4,-0.377,18.16,18.45,03a60691o0714o
60691.303649,20.104,1.462,33,48,o,0,1.06,189.79124,13.47269,9376.92,3139.2,2.44,2.2,-15.2,-0.371,17.93,17.9,04a60691o0480o
60691.309593,-18.73,0.347,-117,41,o,0,1.67,189.79124,13.47269,9358.79,3100.85,2.41,2.12,-17.2,-0.403,18.01,18.08,04a60691o0492o
60691.313215,19.028,0.507,89,45,o,0,0.99,189.79124,13.47269,9418.59,3178.85,2.46,2.28,-12.1,-0.37,18.05,18.1,04a60691o0500o
60691.323189,19.072,0.462,85,39,o,0,1.23,189.79124,13.47269,9439.0,3063.39,2.45,2.18,-11.8,-0.394,18.16,18.2,04a60691o0522o
60691.565961,24.776,36.25,0,16,o,0,1.12,189.79124,13.47269,9477.64,3137.94,2.33,2.26,-10.2,-0.426,18.96,19.5,01a60691o0554o
60691.569701,20.872,0.908,16,15,o,0,1.55,189.79124,13.47269,9459.74,3099.78,2.47,2.39,-16.3,-0.427,18.94,19.51,01a60691o0562o
60691.572497,-21.973,3.73,-6,22,o,0,1.08,189.79124,13.47269,9518.77,3177.79,2.84,2.78,-29.3,-0.386,18.79,19.51,01a60691o0568o
60691.577881,21.544,2.952,9,26,o,0,1.17,189.79124,13.47269,9539.71,3059.71,2.72,2.49,5.7,-0.388,18.43,19.19,01a60691o0579o
60692.549324,-19.865,0.604,-41,25,o,0,1.14,189.79124,13.47269,9946.23,700.2,2.31,2.15,-21.7,-0.454,18.68,19.07,01a60692o0697o
60692.551177,-20.15,0.705,-32,22,o,0,1.55,189.79124,13.47269,9926.77,661.01,2.28,2.13,-27.4,-0.444,18.77,19.19,01a60692o0701o
60692.571897,19.75,0.419,46,19,o,0,1.57,189.79124,13.47269,9982.79,735.51,2.25,2.08,-30.3,-0.45,18.87,19.29,01a60692o0740o
60692.574711,21.734,2.758,7,20,o,0,1.26,189.79124,13.47269,10004.07,616.73,2.32,2.13,-37.8,-0.445,18.9,19.45,01a60692o0746o
60696.494071,-19.674,1.118,-49,55,o,0,1.17,189.79124,13.47269,3891.84,1227.6,2.13,1.95,47.1,-0.461,17.89,18.33,02a60696o0627o
60696.496894,-21.265,2.803,-11,32,o,0,1.39,189.79124,13.47269,3906.73,1264.33,2.24,1.86,40.0,-0.458,18.01,18.83,02a60696o0633o
60696.500088,20.205,1.958,30,59,o,0,1.14,189.79124,13.47269,3847.08,1186.08,2.17,1.91,40.5,-0.462,17.7,18.05,02a60696o0640o
60696.506075,-20.076,1.033,-34,35,o,0,1.3,189.79124,13.47269,3832.09,1304.63,2.21,1.95,42.3,-0.466,17.74,18.48,02a60696o0653o
60696.669635,22.621,4.88,3,16,o,0,1.37,189.79124,13.47269,6698.26,9318.97,2.44,2.09,36.7,-0.413,19.12,19.86,02a60696o0999o
60697.658782,20.946,1.08,15,16,o,0,1.66,189.79124,13.47269,456.98,7188.53,2.26,1.95,0.4,-0.397,18.96,19.81,02a60697o0876o
60697.661883,21.461,1.23,10,12,o,0,1.28,189.79124,13.47269,10069.55,3355.29,2.75,2.41,12.9,-0.354,19.3,20.53,01a60697o0870o
60697.669272,-19.884,0.481,-40,19,o,0,0.85,189.79124,13.47269,10070.75,3355.42,2.71,2.48,10.3,-0.35,18.88,19.59,01a60697o0884o
60697.670587,19.61,0.371,52,19,o,0,1.19,189.79124,13.47269,58.83,3393.73,2.9,2.55,44.5,-0.34,18.72,19.29,01a60697o0886o
60697.672786,20.982,1.476,15,22,o,0,1.96,189.79124,13.47269,10070.24,3353.94,2.47,2.37,-48.3,-0.38,18.49,18.64,01a60697o0890o
60697.673983,-19.928,0.994,-39,39,o,0,0.63,189.79124,13.47269,58.02,3392.14,2.58,2.36,49.8,-0.357,18.32,18.31,01a60697o0892o
60698.523207,-21.527,1.259,-9,11,o,0,1.35,189.79124,13.47269,1772.46,5445.05,2.93,2.75,44.5,-0.392,19.42,20.93,01a60698o0554o
60698.526041,-20.663,0.614,-20,12,o,0,1.06,189.79124,13.47269,1757.01,5406.59,3.01,2.84,50.0,-0.389,19.42,20.93,01a60698o0560o
60698.52889,20.577,0.549,21,12,o,0,1.1,189.79124,13.47269,1814.02,5484.1,2.92,2.7,46.0,-0.392,19.48,20.94,01a60698o0566o
60698.534039,-24.072,14.0,-1,12,o,0,1.17,189.79124,13.47269,1835.21,5367.82,3.06,2.77,46.6,-0.383,19.42,20.94,01a60698o0577o
60699.312694,-20.878,0.701,-16,11,o,0,1.9,189.79124,13.47269,1701.33,5483.62,2.01,1.86,-70.4,-0.425,19.21,20.47,04a60699o0612o
60699.340392,21.143,0.947,13,12,o,0,1.8,189.79124,13.47269,1685.91,5445.75,2.1,1.9,-63.7,-0.423,19.23,20.53,04a60699o0672o
60699.343563,-22.632,3.68,-3,12,o,0,1.41,189.79124,13.47269,1742.78,5522.41,1.99,1.84,-69.9,-0.449,19.21,20.46,04a60699o0679o
60699.348539,-22.829,5.048,-3,14,o,0,1.41,189.79124,13.47269,1762.58,5405.89,2.1,1.87,-72.8,-0.42,19.27,20.56,04a60699o0690o
60700.624341,20.242,0.361,29,10,o,0,1.11,189.79124,13.47269,8561.16,9481.89,2.56,2.46,71.8,-0.443,19.68,21.17,01a60700o0631o
60703.29333,-20.398,0.399,-25,10,c,0,1.3,189.79124,13.47269,2382.6,7121.61,2.45,1.91,-78.5,-0.371,19.35,21.0,04a60703o0599c
60703.295147,-21.531,1.085,-9,10,c,0,1.34,189.79124,13.47269,2363.57,7082.65,2.54,1.98,-76.0,-0.367,19.31,21.02,04a60703o0603c
60703.317665,20.725,0.59,19,11,c,0,1.92,189.79124,13.47269,2419.41,7161.05,2.58,2.04,-76.6,-0.363,19.34,21.15,04a60703o0651c
60703.340876,-21.144,0.843,-13,11,c,0,1.13,189.79124,13.47269,2441.4,7045.74,2.55,2.05,-73.4,-0.362,19.4,21.26,04a60703o0701c
60704.536001,-20.269,0.72,-28,20,o,0,1.35,189.79124,13.47269,7957.58,787.18,2.3,2.14,27.7,-0.454,18.65,20.19,01a60704o0710o
60704.538664,-21.52,2.636,-9,24,o,0,1.29,189.79124,13.47269,7939.48,748.91,2.58,2.35,-14.8,-0.458,18.44,20.22,01a60704o0715o
60704.542036,-20.166,0.556,-31,17,o,0,1.5,189.79124,13.47269,7997.63,827.62,2.36,2.19,-22.6,-0.482,18.81,20.64,01a60704o0722o
60704.547573,-21.648,1.789,-8,14,o,0,1.54,189.79124,13.47269,8016.63,709.88,2.3,2.12,-11.8,-0.477,19.14,20.9,01a60704o0734o
60707.270695,23.531,9.429,1,13,c,0,1.28,189.79124,13.47269,8492.01,7299.88,2.68,2.27,-48.8,-0.418,19.27,21.03,04a60707o0555c
60707.272532,-20.558,0.651,-22,14,c,0,1.17,189.79124,13.47269,8472.73,7260.41,2.66,2.31,-50.1,-0.405,19.28,21.02,04a60707o0559c
60707.299417,22.042,2.69,6,15,c,0,0.89,189.79124,13.47269,8530.65,7341.73,2.69,2.23,-47.5,-0.405,19.33,21.07,04a60707o0617c
60707.304843,20.85,0.762,17,13,c,0,1.13,189.79124,13.47269,8551.02,7225.49,2.67,2.28,-39.8,-0.416,19.32,21.07,04a60707o0629c
60708.500182,-22.515,2.682,-4,10,c,0,1.34,189.79124,13.47269,5050.7,7239.99,2.84,2.32,36.0,-0.387,19.55,21.37,02a60708o0646c
60708.502014,21.737,1.333,7,10,c,0,1.38,189.79124,13.47269,5073.42,7280.77,2.54,2.24,33.2,-0.405,19.56,21.38,02a60708o0650c
60708.505832,-25.224,33.5,0,10,c,0,1.23,189.79124,13.47269,5012.65,7201.25,2.57,2.27,35.5,-0.405,19.57,21.37,02a60708o0658c
60708.524475,-21.311,1.267,-11,14,o,0,1.33,189.79124,13.47269,5575.85,3316.8,2.72,2.36,16.8,-0.409,19.15,21.0,01a60708o0678o
60708.526835,20.664,0.636,20,12,o,0,1.27,189.79124,13.47269,5555.59,3276.3,2.93,2.51,37.6,-0.384,19.35,21.07,01a60708o0683o
60708.529579,-21.238,1.164,-12,14,o,0,0.98,189.79124,13.47269,5611.46,3353.71,3.04,2.63,36.2,-0.379,19.26,21.07,01a60708o0689o
60708.535064,20.421,0.532,25,13,o,0,1.34,189.79124,13.47269,5632.2,3238.16,3.06,2.53,36.1,-0.381,19.22,21.06,01a60708o0701o
60708.539364,-20.916,0.626,-16,10,c,0,1.32,189.79124,13.47269,4983.91,7322.17,2.61,2.25,35.1,-0.401,19.64,21.44,02a60708o0730c
60709.072381,-21.963,1.911,-6,11,o,0,2.02,189.79124,13.47269,5552.02,3326.5,2.16,1.94,-49.5,-0.449,19.4,20.87,03a60709o0669o
60709.074185,-20.605,0.545,-21,11,o,0,1.12,189.79124,13.47269,5533.33,3287.53,2.24,2.04,-48.2,-0.441,19.38,20.87,03a60709o0673o
60709.088774,-21.128,0.862,-13,11,o,0,1.31,189.79124,13.47269,5597.18,3367.34,2.29,2.06,-50.7,-0.439,19.36,20.86,03a60709o0705o
60709.091941,-22.019,2.154,-6,12,o,0,1.61,189.79124,13.47269,5621.35,3251.52,2.29,2.04,-50.8,-0.432,19.36,20.85,03a60709o0712o
60710.445252,-20.327,0.467,-27,13,o,0,1.43,189.79124,13.47269,498.36,7197.29,2.48,2.36,53.2,-0.428,19.36,20.44,01a60710o0456o
60710.450401,-21.593,1.695,-8,14,o,0,1.33,189.79124,13.47269,481.76,7160.19,2.69,2.49,58.8,-0.412,19.32,20.5,01a60710o0465o
60710.458902,-20.655,0.625,-20,12,o,0,1.17,189.79124,13.47269,565.11,7121.08,2.66,2.47,64.1,-0.407,19.32,20.51,01a60710o0481o
60710.513861,21.446,1.19,10,11,c,0,1.1,189.79124,13.47269,8945.45,7036.98,2.71,2.47,33.3,-0.401,19.57,21.38,02a60710o0652c
60710.516126,24.087,12.0,1,10,c,0,1.63,189.79124,13.47269,8964.77,7076.42,2.72,2.49,35.6,-0.406,19.56,21.38,02a60710o0657c
60710.518909,20.621,0.54,20,11,c,0,1.11,189.79124,13.47269,8906.9,6998.96,2.72,2.48,36.9,-0.397,19.54,21.38,02a60710o0663c
60710.526225,-20.113,0.32,-33,10,c,0,1.17,189.79124,13.47269,8884.7,7118.25,2.68,2.45,33.3,-0.401,19.58,21.38,02a60710o0679c
60711.304803,21.499,0.939,9,9,c,0,1.78,189.79124,13.47269,1596.53,3549.31,2.24,1.98,46.8,-0.392,19.36,21.1,04a60711o0555c
60711.307961,-20.785,0.55,-18,10,c,0,1.79,189.79124,13.47269,1576.8,3510.59,2.15,1.96,54.6,-0.408,19.37,21.12,04a60711o0562c
60711.311145,-20.837,0.607,-17,10,c,0,1.66,189.79124,13.47269,1633.98,3587.94,2.22,1.98,51.4,-0.397,19.37,21.12,04a60711o0569c
60711.342339,21.979,2.031,6,12,c,0,1.21,189.79124,13.47269,8884.07,7088.77,2.63,2.21,-27.8,-0.407,19.41,21.17,04a60711o0637c
60711.448768,-21.101,1.119,-13,15,o,0,0.93,189.79124,13.47269,482.84,7159.24,2.76,2.65,56.1,-0.419,19.33,20.63,01a60711o0462o
60711.449516,-22.204,2.632,-5,12,o,0,1.86,189.79124,13.47269,10127.56,3335.0,2.2,2.11,-37.3,-0.421,19.21,20.44,02a60711o0458o
60711.449698,-22.539,3.522,-4,12,o,0,1.29,189.79124,13.47269,10505.96,7244.84,2.78,2.56,-54.7,-0.42,19.33,20.56,01a60711o0464o
60711.454847,22.065,2.171,5,12,o,0,1.0,189.79124,13.47269,10491.89,7206.16,2.83,2.51,-63.7,-0.437,19.38,20.67,01a60711o0474o
60711.461044,-22.022,2.269,-6,13,o,0,1.12,189.79124,13.47269,10087.44,3296.77,1.99,1.92,-8.3,-0.462,19.39,20.64,02a60711o0481o
60711.465626,20.612,0.662,21,14,o,0,1.2,189.79124,13.47269,10061.85,3414.43,2.31,2.21,-14.2,-0.407,19.26,20.66,02a60711o0490o
60711.467239,-17.577,0.021,-338,7,o,0,34.94,189.79124,13.47269,73.84,3284.51,2.28,2.02,22.3,-0.408,19.39,20.61,02a60711o0493o
60711.47189,-17.814,0.028,-272,8,o,0,27.84,189.79124,13.47269,53.54,3401.14,2.13,1.85,29.2,-0.432,19.39,20.6,02a60711o0502o
60711.51222,21.375,1.455,10,15,o,0,0.82,189.79124,13.47269,10095.68,3358.66,2.0,1.85,-34.6,-0.463,19.49,20.7,02a60711o0574o
60711.526061,-18.017,0.074,-226,17,o,0,6.41,189.79124,13.47269,84.16,3342.03,2.07,1.75,23.7,-0.443,19.51,20.68,02a60711o0599o
