MJD,m,dm,uJy,duJy,F,err,chi/N,RA,Dec,x,y,maj,min,phi,apfit,mag5sig,Sky,Obs
60682.343591,22.321,3.366,4,14,o,0,2.05,65.38233,41.33859,1234.79,8342.08,2.01,1.91,-25.7,-0.464,19.25,20.17,02a60682o0317o
60682.348866,-25.642,59.5,0,12,o,0,1.17,65.38233,41.33859,1215.73,8301.59,1.98,1.85,-27.2,-0.468,19.29,20.16,02a60682o0328o
60682.352059,20.038,0.402,35,14,o,0,2.9,65.38233,41.33859,1272.63,8378.68,2.04,1.94,-9.5,-0.455,19.25,20.15,02a60682o0335o
60682.362118,-20.766,0.658,-18,12,o,0,3.64,65.38233,41.33859,1291.06,8263.18,1.98,1.8,-11.2,-0.463,19.32,20.15,02a60682o0357o
60683.346194,21.571,2.071,8,18,o,0,1.24,65.38233,41.33859,1225.4,8335.49,2.01,1.83,-16.1,-0.467,19.11,19.74,02a60683o0322o
60683.351656,21.215,1.237,12,15,o,0,2.05,65.38233,41.33859,1207.07,8293.2,2.07,1.87,9.8,-0.455,19.1,19.72,02a60683o0334o
60683.354852,20.166,0.502,31,16,o,0,1.06,65.38233,41.33859,1263.05,8371.52,2.06,1.88,-2.6,-0.458,19.09,19.76,02a60683o0341o
60683.364631,-21.867,2.467,-6,16,o,0,1.62,65.38233,41.33859,1281.46,8251.68,2.07,1.95,-3.5,-0.452,19.06,19.71,02a60683o0362o
60684.346812,21.458,2.338,10,22,o,0,0.98,65.38233,41.33859,7853.22,8356.28,2.54,2.5,20.4,-0.437,18.77,19.18,01a60684o0310o
60684.350331,-20.807,1.228,-17,21,o,0,1.21,65.38233,41.33859,7873.61,8393.9,2.58,2.5,35.7,-0.436,18.77,19.19,01a60684o0317o
60684.385298,22.572,6.654,3,23,o,0,0.95,65.38233,41.33859,7817.87,8314.6,2.53,2.45,50.2,-0.432,18.81,19.18,01a60684o0388o
60684.413564,21.546,2.621,9,23,o,0,0.97,65.38233,41.33859,7799.81,8431.13,2.51,2.47,85.7,-0.436,18.82,19.28,01a60684o0446o
60690.387963,0.0,20.337,0,27,o,0,1.11,65.38233,41.33859,4728.37,6243.98,2.95,2.67,43.3,-0.406,18.54,19.29,02a60690o0407o
60690.391141,-22.13,5.219,-5,27,o,0,0.85,65.38233,41.33859,4709.21,6204.38,2.69,2.3,34.3,-0.407,18.64,19.28,02a60690o0414o
60690.414595,20.238,0.74,29,22,o,0,1.52,65.38233,41.33859,4766.7,6280.14,2.62,2.1,36.1,-0.412,18.63,19.18,02a60690o0465o
60690.421887,19.909,0.59,40,23,o,0,1.4,65.38233,41.33859,4787.29,6161.96,2.66,2.14,33.0,-0.408,18.64,19.13,02a60690o0481o
60691.34159,20.784,0.827,18,15,o,0,2.22,65.38233,41.33859,4735.97,6246.26,2.37,1.74,31.5,-0.435,19.04,19.62,02a60691o0303o
60691.346821,20.25,0.531,29,15,o,0,1.5,65.38233,41.33859,4716.12,6210.44,2.38,1.79,32.8,-0.433,19.02,19.6,02a60691o0314o
60691.352848,-20.655,0.833,-20,16,o,0,2.07,65.38233,41.33859,4773.31,6284.6,2.36,1.77,32.2,-0.44,19.08,19.62,02a60691o0327o
60691.367645,20.129,0.468,32,15,o,0,1.98,65.38233,41.33859,4794.03,6166.15,2.52,1.86,34.2,-0.425,19.01,19.61,02a60691o0359o
60691.433677,-21.878,2.463,-6,16,o,0,1.25,65.38233,41.33859,5793.23,4310.32,2.43,2.29,35.3,-0.423,18.94,19.5,01a60691o0274o
60691.436917,-20.059,0.506,-34,17,o,0,5.11,65.38233,41.33859,5811.74,4348.81,2.6,2.43,44.8,-0.404,18.87,19.47,01a60691o0281o
60691.442071,19.885,0.527,40,21,o,0,1.14,65.38233,41.33859,5752.93,4272.2,2.67,2.59,48.7,-0.407,18.8,19.45,01a60691o0292o
60691.462521,-20.815,1.071,-17,18,o,0,1.49,65.38233,41.33859,5730.35,4389.79,2.53,2.26,42.8,-0.405,18.87,19.31,01a60691o0336o
60693.365101,-22.549,4.0,-4,14,o,0,1.82,65.38233,41.33859,6929.6,3853.28,2.26,2.04,30.2,-0.417,19.09,19.9,02a60693o0338o
60693.387441,-21.39,1.805,-10,18,o,0,0.83,65.38233,41.33859,6905.12,3808.43,2.27,2.09,37.6,-0.411,19.05,19.9,02a60693o0385o
60693.400589,-20.74,0.753,-18,14,o,0,2.1,65.38233,41.33859,6957.04,3885.22,2.43,2.0,34.6,-0.414,19.05,19.85,02a60693o0413o
60693.40533,21.769,2.136,7,15,o,0,1.14,65.38233,41.33859,3623.97,6729.75,2.63,2.26,44.1,-0.376,19.19,19.98,01a60693o0428o
60693.405749,-20.193,0.426,-30,13,o,0,1.91,65.38233,41.33859,6982.44,3770.24,2.17,1.98,28.1,-0.415,19.08,19.82,02a60693o0424o
60693.408124,-25.319,49.0,0,13,o,0,1.6,65.38233,41.33859,3644.17,6769.18,2.89,2.39,44.4,-0.34,19.11,19.98,01a60693o0434o
60693.415568,20.29,0.576,28,16,o,0,1.2,65.38233,41.33859,3586.79,6690.99,3.13,2.61,44.8,-0.318,19.05,19.97,01a60693o0450o
60693.426813,20.323,0.601,27,16,o,0,1.08,65.38233,41.33859,3567.48,6805.1,3.04,2.5,47.9,-0.326,19.05,19.9,01a60693o0474o
60694.383065,19.141,0.713,80,57,o,0,1.52,65.38233,41.33859,5167.86,10528.27,2.17,2.08,-68.5,-0.42,19.19,20.12,02a60694o0385o
60694.385886,20.242,0.802,29,23,o,0,2.47,65.38233,41.33859,5150.74,10488.86,2.11,2.03,-66.9,-0.431,19.22,20.09,02a60694o0391o
60694.409064,20.923,1.352,16,21,o,0,2.25,65.38233,41.33859,5222.34,10446.68,2.63,2.5,-71.6,-0.399,18.97,20.04,02a60694o0440o
60695.329386,-22.218,2.306,-5,11,c,0,1.97,65.38233,41.33859,2386.56,339.0,2.38,2.21,-71.8,-0.405,19.47,21.02,02a60695o0272c
60695.333091,22.076,2.31,5,12,c,0,1.53,65.38233,41.33859,2366.77,298.83,2.38,2.21,75.9,-0.39,19.39,21.02,02a60695o0280c
60695.338264,-21.721,1.379,-7,10,c,0,1.53,65.38233,41.33859,2428.51,377.12,2.35,2.18,-81.8,-0.414,19.48,21.01,02a60695o0291c
60695.344698,-20.632,0.881,-20,18,c,0,1.4,65.38233,41.33859,5144.6,10492.43,2.46,2.29,-52.0,-0.412,19.49,21.02,02a60695o0305c
60695.348329,22.362,3.091,4,13,c,0,1.56,65.38233,41.33859,2450.73,256.1,2.37,2.15,-69.7,-0.402,19.46,21.01,02a60695o0313c
60695.373483,-21.364,1.706,-10,18,c,0,1.3,65.38233,41.33859,5218.5,10454.16,2.54,2.42,36.4,-0.389,19.44,21.09,02a60695o0366c
60695.457902,-21.383,1.368,-10,14,o,0,2.61,65.38233,41.33859,5350.79,69.32,2.66,2.55,-49.0,-0.445,18.97,19.81,01a60695o0533o
60695.490997,22.259,4.357,4,20,o,0,1.36,65.38233,41.33859,5276.53,112.71,2.73,2.59,-58.1,-0.446,18.73,19.44,01a60695o0601o
60697.313693,21.877,2.205,6,14,o,0,1.56,65.38233,41.33859,8947.1,10410.28,2.86,1.97,-58.5,-0.425,19.37,20.64,02a60697o0212o
60697.318202,20.234,0.488,29,14,o,0,1.5,65.38233,41.33859,8939.75,10406.49,2.76,2.02,-51.8,-0.422,19.4,20.66,02a60697o0221o
60697.322372,-21.277,1.143,-11,13,o,0,2.07,65.38233,41.33859,8938.06,10405.07,2.72,2.06,-52.9,-0.427,19.43,20.65,02a60697o0229o
60697.326842,-23.387,8.636,-2,14,o,0,1.64,65.38233,41.33859,8936.64,10404.39,2.72,2.05,-54.7,-0.432,19.46,20.67,02a60697o0237o
60697.431896,21.614,1.585,8,13,o,0,1.3,65.38233,41.33859,4107.83,10451.67,2.85,2.64,83.0,-0.377,19.34,20.68,01a60697o0447o
60697.436344,20.663,0.662,20,13,o,0,1.17,65.38233,41.33859,4103.16,10450.34,2.8,2.63,-85.2,-0.382,19.37,20.67,01a60697o0455o
60697.440543,21.303,1.147,11,12,o,0,1.58,65.38233,41.33859,4104.22,10449.13,3.01,2.65,71.1,-0.36,19.28,20.67,01a60697o0463o
60697.445415,20.599,0.529,21,11,o,0,1.58,65.38233,41.33859,4102.34,10450.73,2.79,2.61,81.4,-0.381,19.34,20.65,01a60697o0472o
60699.33136,22.115,2.086,5,11,c,0,0.85,65.38233,41.33859,5066.6,8572.41,2.48,2.42,29.2,-0.398,19.51,21.27,02a60699o0274c
60699.334538,20.175,0.38,31,12,c,0,1.08,65.38233,41.33859,5048.55,8533.57,2.47,2.42,5.9,-0.404,19.53,21.27,02a60699o0281c
60699.342301,23.356,6.273,2,10,c,0,1.24,65.38233,41.33859,5104.88,8610.1,2.51,2.41,27.4,-0.403,19.5,21.29,02a60699o0298c
60699.355762,21.776,1.674,7,12,c,0,0.92,65.38233,41.33859,5125.67,8492.28,2.51,2.46,23.8,-0.402,19.51,21.29,02a60699o0327c
60708.262573,21.174,0.85,12,10,o,0,2.31,65.38233,41.33859,9621.27,4030.39,2.5,2.34,-46.4,-0.428,19.49,20.62,01a60708o0132o
60708.265784,22.74,3.739,3,11,o,0,1.79,65.38233,41.33859,9642.05,4068.92,2.55,2.4,-49.3,-0.414,19.48,20.63,01a60708o0139o
60708.27558,-21.653,1.419,-8,11,o,0,1.47,65.38233,41.33859,9584.23,3992.18,2.55,2.4,-47.4,-0.422,19.46,20.65,01a60708o0159o
60708.29331,-20.455,0.459,-24,11,o,0,1.85,65.38233,41.33859,9566.84,4107.91,2.61,2.45,-44.7,-0.413,19.44,20.58,01a60708o0196o
60709.302598,-20.666,0.544,-20,11,o,0,4.64,65.38233,41.33859,895.86,6510.59,1.98,1.84,-18.9,-0.463,19.4,20.45,02a60709o0218o
60709.305766,20.64,0.619,20,12,o,0,2.35,65.38233,41.33859,877.2,6472.05,2.03,1.84,5.7,-0.455,19.39,20.44,02a60709o0225o
60709.311736,21.618,1.425,8,12,o,0,3.0,65.38233,41.33859,936.78,6546.58,1.99,1.84,-12.6,-0.458,19.4,20.43,02a60709o0238o
60709.321613,21.67,1.364,8,11,o,0,2.38,65.38233,41.33859,9639.66,4024.62,2.66,2.52,-46.5,-0.419,19.32,20.53,01a60709o0259o
60709.322705,20.911,0.667,16,10,o,0,4.86,65.38233,41.33859,958.89,6427.5,1.99,1.84,-0.3,-0.461,19.42,20.45,02a60709o0261o
60709.325786,-22.186,2.8,-5,14,o,0,1.06,65.38233,41.33859,9659.22,4062.57,2.61,2.54,-19.5,-0.409,19.32,20.56,01a60709o0268o
60709.336974,21.188,0.758,12,9,o,0,2.83,65.38233,41.33859,9600.76,3987.82,2.58,2.39,6.4,-0.404,19.32,20.52,01a60709o0292o
60709.353778,-21.294,1.151,-11,13,o,0,1.48,65.38233,41.33859,9581.26,4107.36,2.78,2.67,0.9,-0.379,19.22,20.46,01a60709o0328o
60710.249729,20.723,0.823,19,15,o,0,1.0,65.38233,41.33859,1553.34,177.67,2.51,2.33,81.9,-0.458,19.27,20.22,01a60710o0095o
60710.255985,-21.219,1.258,-12,15,o,0,0.8,65.38233,41.33859,1575.98,216.74,2.47,2.31,73.4,-0.449,19.26,20.24,01a60710o0106o
60710.261726,21.377,1.12,10,11,o,0,2.29,65.38233,41.33859,1519.17,135.58,2.51,2.29,75.3,-0.451,19.3,20.25,01a60710o0116o
60710.278287,22.033,2.208,6,12,o,0,3.58,65.38233,41.33859,6761.73,6666.69,2.2,1.94,43.0,-0.455,19.28,20.2,02a60710o0162o
60710.281014,20.78,0.803,18,14,o,0,1.59,65.38233,41.33859,6742.32,6627.95,2.23,1.93,39.9,-0.448,19.33,20.2,02a60710o0168o
60710.291107,23.249,6.6,2,12,o,0,2.7,65.38233,41.33859,6797.24,6704.34,2.22,2.02,42.9,-0.447,19.24,20.18,02a60710o0189o
60710.296636,20.019,0.358,36,13,o,0,2.71,65.38233,41.33859,6817.15,6591.9,2.17,1.9,35.8,-0.452,19.31,20.18,02a60710o0201o
60710.373768,20.859,1.021,16,17,o,0,1.19,65.38233,41.33859,4121.65,10429.84,2.99,2.81,-84.0,-0.365,19.04,20.08,01a60710o0323o
60710.379955,20.975,1.0,15,15,o,0,1.42,65.38233,41.33859,4142.72,10469.26,2.91,2.7,-87.0,-0.372,19.07,20.08,01a60710o0334o
60710.385779,20.509,0.705,23,16,o,0,1.4,65.38233,41.33859,4077.26,10388.86,3.01,2.74,-46.9,-0.387,19.07,20.09,01a60710o0345o
60710.392526,-21.724,1.735,-7,13,o,0,1.73,65.38233,41.33859,4058.22,10507.56,2.8,2.62,-84.2,-0.38,19.12,20.13,01a60710o0357o
60711.333299,19.936,0.48,38,18,o,0,1.21,65.38233,41.33859,4128.66,10430.88,2.84,2.66,-70.6,-0.388,18.94,19.78,01a60711o0251o
60711.33878,21.463,1.836,9,17,o,0,1.25,65.38233,41.33859,4146.68,10469.97,2.95,2.62,69.7,-0.361,18.92,19.77,01a60711o0260o
60711.345905,20.32,0.685,27,18,o,0,0.88,65.38233,41.33859,4085.45,10391.73,2.74,2.61,-65.3,-0.386,18.95,19.74,01a60711o0272o
