MJD,m,dm,uJy,duJy,F,err,chi/N,RA,Dec,x,y,maj,min,phi,apfit,mag5sig,Sky,Obs
60682.041504,18.835,0.285,106,30,o,0,1.07,2.50225,-16.83521,4378.31,3087.36,2.04,1.88,-27.7,-0.498,18.5,18.97,04a60682o0026o
60682.044725,22.596,8.4,3,28,o,0,0.58,2.50225,-16.83521,4397.5,3126.57,2.02,1.9,-22.5,-0.481,18.65,19.25,04a60682o0033o
60682.049864,21.9,3.021,6,19,o,0,1.32,2.50225,-16.83521,4339.36,3049.76,2.02,1.9,-22.9,-0.48,18.73,19.44,04a60682o0044o
60682.066713,19.599,0.434,52,23,o,0,1.16,2.50225,-16.83521,4320.26,3167.19,1.99,1.9,-14.6,-0.468,18.75,19.44,04a60682o0080o
60682.791193,19.522,0.545,56,31,o,0,1.19,2.50225,-16.83521,4427.26,3078.04,2.67,2.46,-40.3,-0.407,18.26,18.88,03a60683o0025o
60682.794386,20.315,1.046,27,28,o,0,1.19,2.50225,-16.83521,4446.89,3118.09,2.76,2.5,-20.1,-0.407,18.38,19.14,03a60683o0032o
60682.799824,20.248,0.928,29,27,o,0,1.11,2.50225,-16.83521,4389.51,3038.86,2.67,2.4,-57.5,-0.388,18.49,19.35,03a60683o0044o
60682.810437,-22.286,6.095,-4,27,o,0,1.19,2.50225,-16.83521,4367.83,3154.37,2.78,2.51,-40.9,-0.39,18.5,19.41,03a60683o0067o
60684.205583,21.454,4.213,10,40,o,0,0.95,2.50225,-16.83521,2454.78,1325.5,1.98,1.84,-68.0,-0.509,18.11,18.21,02a60684o0008o
60684.211947,20.085,0.69,34,23,o,0,1.57,2.50225,-16.83521,2435.11,1287.55,1.98,1.76,-70.7,-0.509,18.71,19.27,02a60684o0022o
60684.223351,19.551,0.375,55,21,o,0,1.35,2.50225,-16.83521,2493.5,1368.66,2.05,1.81,-67.5,-0.492,18.92,19.55,02a60684o0047o
60684.232547,-23.091,8.389,-2,18,o,0,1.96,2.50225,-16.83521,2510.91,1251.64,2.18,1.9,-63.2,-0.481,18.86,19.36,02a60684o0067o
60685.040926,19.671,0.683,49,34,o,0,1.11,2.50225,-16.83521,8116.95,9200.18,2.25,1.81,-9.3,-0.431,18.35,18.79,04a60685o0025o
60685.044143,-22.786,13.444,-3,38,o,0,0.88,2.50225,-16.83521,8137.09,9240.49,2.2,1.83,-10.2,-0.443,18.46,18.97,04a60685o0032o
60685.049708,20.447,1.264,24,30,o,0,1.1,2.50225,-16.83521,8075.11,9160.06,2.34,2.01,-13.5,-0.362,18.48,19.16,04a60685o0044o
60685.070926,20.03,0.852,35,30,o,0,1.65,2.50225,-16.83521,8056.18,9279.1,2.18,1.8,-11.6,-0.423,18.44,19.01,04a60685o0089o
60686.036702,-20.176,1.866,-31,58,o,0,1.5,2.50225,-16.83521,8378.07,4838.62,2.35,1.95,-15.2,-0.425,17.89,17.96,04a60686o0017o
60686.039881,-20.389,1.911,-25,48,o,0,1.02,2.50225,-16.83521,8397.62,4877.79,2.44,1.99,-14.4,-0.411,18.14,18.46,04a60686o0024o
60686.047256,20.255,1.186,29,34,o,0,1.11,2.50225,-16.83521,8337.35,4799.97,2.42,1.95,-16.7,-0.426,18.4,18.93,04a60686o0040o
60686.064002,19.695,0.663,48,32,o,0,0.97,2.50225,-16.83521,8316.51,4916.79,2.36,1.88,-15.1,-0.425,18.4,18.92,04a60686o0076o
60686.786157,20.85,2.13,17,35,o,0,1.19,2.50225,-16.83521,8369.98,4923.18,2.5,2.04,-61.4,-0.388,18.1,18.19,03a60687o0015o
60686.789314,19.058,0.317,86,27,o,0,2.06,2.50225,-16.83521,8389.09,4962.27,2.57,2.07,-61.6,-0.386,18.25,18.51,03a60687o0022o
60686.797035,-20.221,0.895,-30,26,o,0,1.26,2.50225,-16.83521,8334.16,4883.08,2.56,2.01,-60.2,-0.396,18.44,18.89,03a60687o0039o
60686.807184,19.929,0.776,39,30,o,0,0.95,2.50225,-16.83521,8309.69,4997.55,2.6,2.1,-63.6,-0.386,18.41,18.91,03a60687o0061o
60687.786877,-19.699,1.214,-48,58,o,0,1.21,2.50225,-16.83521,2376.16,1195.08,2.71,2.51,-64.1,-0.388,17.65,17.93,03a60688o0017o
60687.790053,20.951,2.843,15,43,o,0,1.29,2.50225,-16.83521,2395.0,1234.71,2.85,2.65,-63.2,-0.38,17.72,18.09,03a60688o0024o
60687.79782,19.169,0.429,78,34,o,0,0.88,2.50225,-16.83521,2337.92,1156.12,2.7,2.46,-65.9,-0.381,18.32,18.89,03a60688o0041o
60687.811108,-22.758,12.214,-3,35,o,0,1.17,2.50225,-16.83521,2316.82,1272.78,2.67,2.46,-70.5,-0.379,18.34,18.83,03a60688o0070o
60689.070956,-23.032,20.308,-2,45,o,0,1.22,2.50225,-16.83521,2274.97,1251.99,2.41,1.94,42.0,-0.416,18.08,18.47,04a60689o0033o
60689.074131,19.164,0.639,78,50,o,0,0.98,2.50225,-16.83521,2295.85,1291.81,2.26,1.93,41.7,-0.432,18.05,18.41,04a60689o0040o
60689.080678,19.082,0.522,84,44,o,0,1.69,2.50225,-16.83521,2237.62,1216.27,2.43,1.97,41.7,-0.423,17.96,18.34,04a60689o0054o
60689.095125,18.844,0.57,105,60,o,0,0.83,2.50225,-16.83521,2217.43,1334.98,2.47,1.92,43.4,-0.424,17.82,18.15,04a60689o0085o
60690.03519,-19.232,0.657,-74,48,o,0,1.72,2.50225,-16.83521,2571.98,5128.8,2.26,2.13,-62.3,-0.447,17.64,17.76,04a60690o0014o
60690.038365,19.975,1.187,37,44,o,0,0.91,2.50225,-16.83521,2591.56,5168.32,2.32,2.16,-72.6,-0.405,18.05,18.5,04a60690o0021o
60690.045729,20.465,1.131,24,27,o,0,1.2,2.50225,-16.83521,2530.35,5091.08,2.2,2.01,-84.7,-0.397,18.54,19.34,04a60690o0037o
60690.05637,20.567,1.3,22,28,o,0,1.01,2.50225,-16.83521,2512.52,5208.69,2.17,1.97,-86.0,-0.41,18.49,19.22,04a60690o0060o
60690.785319,-18.997,0.608,-91,56,o,0,1.08,2.50225,-16.83521,2577.73,5073.58,3.27,2.98,-62.2,-0.401,17.87,18.29,03a60691o0015o
60690.788476,-19.469,0.649,-59,38,o,0,1.26,2.50225,-16.83521,2596.33,5112.04,3.32,3.02,-62.9,-0.387,18.06,18.87,03a60691o0022o
60690.795729,-21.296,2.404,-11,26,o,0,1.16,2.50225,-16.83521,2539.22,5032.87,2.96,2.62,-62.9,-0.399,18.54,19.52,03a60691o0038o
60690.805855,22.265,7.0,4,32,o,0,1.04,2.50225,-16.83521,2517.49,5148.19,3.13,2.81,-59.6,-0.426,18.42,19.41,03a60691o0060o
60694.033287,19.387,0.854,64,54,c,0,0.86,2.50225,-16.83521,10160.74,863.55,3.49,2.54,-25.2,-0.317,17.94,18.51,04a60694o0012c
60694.036467,-21.592,4.062,-8,34,c,0,1.14,2.50225,-16.83521,10178.46,902.82,3.37,2.64,-23.8,-0.318,18.41,19.14,04a60694o0019c
60694.041933,20.288,0.785,28,22,c,0,1.15,2.50225,-16.83521,10116.24,824.66,3.31,2.57,-22.4,-0.327,18.74,20.0,04a60694o0031c
60694.052534,20.815,1.015,17,17,c,0,0.9,2.50225,-16.83521,10094.68,943.2,3.21,2.48,-22.5,-0.341,19.11,20.66,04a60694o0054c
60694.782212,17.26,0.248,453,112,o,0,1.56,2.50225,-16.83521,10240.63,998.58,2.66,2.34,-59.1,-0.436,17.23,16.98,03a60695o0011o
60694.783114,-17.952,0.377,-240,90,o,0,1.52,2.50225,-16.83521,87.74,756.08,2.78,2.5,-69.7,-0.407,17.54,17.48,03a60695o0013o
60694.785913,19.035,0.639,88,56,o,0,1.53,2.50225,-16.83521,10257.93,1037.85,2.67,2.22,-65.6,-0.389,17.79,17.85,03a60695o0019o
60694.786364,-20.23,1.769,-29,52,o,0,1.45,2.50225,-16.83521,106.63,796.37,2.74,2.41,-72.3,-0.381,17.97,18.23,03a60695o0020o
60694.792254,-20.635,1.782,-20,36,o,0,1.24,2.50225,-16.83521,10198.09,954.97,2.79,2.32,-63.1,-0.403,18.4,19.02,03a60695o0033o
60694.793616,19.685,0.608,48,30,o,0,0.94,2.50225,-16.83521,48.79,716.06,2.7,2.4,-74.1,-0.416,18.62,19.4,03a60695o0036o
60694.802323,21.022,1.833,14,26,o,0,1.23,2.50225,-16.83521,10171.72,1069.82,3.24,2.61,-73.5,-0.387,18.62,19.71,03a60695o0055o
60696.209546,21.44,4.702,10,45,c,0,1.28,2.50225,-16.83521,511.37,1397.27,2.67,2.34,-66.1,-0.431,17.81,18.72,02a60696o0012c
60696.212709,-21.993,4.647,-6,27,c,0,1.12,2.50225,-16.83521,491.25,1357.49,2.66,2.35,-64.3,-0.429,18.44,19.39,02a60696o0019c
60696.213161,19.147,0.84,80,67,c,0,0.6,2.50225,-16.83521,10520.13,1373.96,2.98,2.11,-58.0,-0.44,18.63,19.65,02a60696o0020c
60696.218182,-20.56,0.817,-22,18,c,0,1.43,2.50225,-16.83521,548.75,1437.2,2.76,2.39,-67.6,-0.429,18.88,20.08,02a60696o0031c
60696.229609,20.64,0.814,20,16,c,0,1.26,2.50225,-16.83521,567.78,1319.98,2.72,2.37,-67.7,-0.431,19.02,20.38,02a60696o0056c
60698.031441,19.408,0.962,63,60,c,0,1.1,2.50225,-16.83521,10237.09,2820.48,3.15,2.3,-20.3,-0.334,17.69,18.06,04a60698o0011c
60698.032343,-19.462,0.828,-60,49,c,0,1.24,2.50225,-16.83521,94.99,2825.77,2.93,1.96,39.5,-0.3,18.03,18.5,04a60698o0013c
60698.034614,20.197,1.307,30,40,c,0,1.11,2.50225,-16.83521,10254.9,2858.43,3.2,2.24,-18.9,-0.332,18.1,18.74,04a60698o0018c
60698.035515,22.007,5.281,6,30,c,0,1.2,2.50225,-16.83521,115.02,2864.87,2.94,1.97,39.8,-0.33,18.35,19.17,04a60698o0020c
60698.040044,20.368,0.871,26,22,c,0,1.21,2.50225,-16.83521,10194.87,2780.06,3.16,2.18,-21.5,-0.346,18.59,19.67,04a60698o0030c
60698.041871,22.923,13.308,2,33,c,0,1.08,2.50225,-16.83521,53.34,2787.29,3.19,1.94,42.8,-0.324,18.86,20.13,04a60698o0034c
60698.051041,20.768,1.013,18,18,c,0,0.94,2.50225,-16.83521,10173.26,2898.29,3.14,2.13,-22.4,-0.352,18.94,20.42,04a60698o0054c
60698.052485,-21.357,2.339,-10,24,c,0,1.3,2.50225,-16.83521,36.45,2907.38,2.95,1.94,38.3,-0.35,19.09,20.69,04a60698o0057c
60698.780572,19.72,1.652,47,78,o,0,1.02,2.50225,-16.83521,10270.43,2948.55,2.59,2.28,-44.3,-0.342,17.29,17.07,03a60699o0011o
60698.781473,-18.477,0.556,-148,82,o,0,1.21,2.50225,-16.83521,154.59,2709.5,2.63,2.46,-56.1,-0.314,17.64,17.59,03a60699o0013o
60698.783737,-19.879,1.15,-41,47,o,0,1.71,2.50225,-16.83521,10289.72,2985.94,2.7,2.21,-61.8,-0.319,17.75,17.8,03a60699o0018o
60698.784639,23.737,47.333,1,55,o,0,0.78,2.50225,-16.83521,174.33,2748.33,2.72,2.57,-57.3,-0.279,17.97,18.3,03a60699o0020o
60698.789176,-20.18,0.982,-31,30,o,0,1.4,2.50225,-16.83521,10230.92,2904.05,2.77,2.29,-62.7,-0.331,18.28,18.85,03a60699o0030o
60698.79099,19.53,0.657,56,37,o,0,0.73,2.50225,-16.83521,116.95,2669.84,2.7,2.47,-59.0,-0.333,18.56,19.36,03a60699o0034o
60698.79919,-21.119,1.724,-13,22,o,0,1.04,2.50225,-16.83521,10205.55,3017.84,2.98,2.52,-54.7,-0.323,18.6,19.72,03a60699o0052o
60698.801112,19.825,0.466,43,20,o,0,1.57,2.50225,-16.83521,93.24,2786.15,2.99,2.81,-79.1,-0.307,18.75,19.96,03a60699o0056o
60702.031524,20.322,1.767,27,48,c,0,0.69,2.50225,-16.83521,4241.79,1148.31,2.53,2.22,35.1,-0.397,17.89,18.42,04a60702o0026c
60702.034682,19.884,0.945,40,38,c,0,1.03,2.50225,-16.83521,4259.49,1187.01,2.53,2.22,35.8,-0.378,18.23,19.06,04a60702o0033c
60702.040114,20.231,0.822,29,24,c,0,0.85,2.50225,-16.83521,4200.48,1109.93,2.59,2.22,40.3,-0.379,18.69,19.93,04a60702o0045c
