MJD,m,dm,uJy,duJy,F,err,chi/N,RA,Dec,x,y,maj,min,phi,apfit,mag5sig,Sky,Obs
60682.111515,20.246,0.72,29,21,o,0,1.27,60.84,-35.02671,9257.43,7869.77,2.43,1.89,1.3,-0.417,19.24,20.47,04a60682o0176o
60682.114864,19.801,0.405,44,18,o,0,1.04,60.84,-35.02671,9276.75,7909.45,2.4,1.9,0.3,-0.423,19.25,20.44,04a60682o0183o
60682.131572,19.625,0.35,51,18,o,0,1.36,60.84,-35.02671,9200.06,7946.2,2.28,1.81,-0.2,-0.434,19.24,20.38,04a60682o0218o
60682.864291,20.037,0.556,35,20,o,0,0.86,60.84,-35.02671,9165.43,7978.24,3.01,2.4,-52.7,-0.389,19.07,20.34,03a60683o0184o
60682.867557,19.297,0.269,69,19,o,0,1.02,60.84,-35.02671,9184.27,8017.97,3.26,2.61,-43.4,-0.392,18.96,20.33,03a60683o0191o
60682.872687,20.815,1.056,17,18,o,0,1.11,60.84,-35.02671,9130.21,7937.31,3.3,2.63,-55.1,-0.374,18.95,20.32,03a60683o0202o
60682.883696,20.275,0.618,28,17,o,0,1.09,60.84,-35.02671,9112.19,8053.23,2.97,2.3,-50.9,-0.397,19.07,20.27,03a60683o0226o
60683.874128,20.586,0.706,21,15,o,0,1.05,60.84,-35.02671,9802.12,3948.18,2.45,1.98,-60.3,-0.387,19.09,20.12,03a60684o0205o
60683.876894,19.804,0.353,44,15,o,0,1.08,60.84,-35.02671,9822.41,3988.29,2.45,1.95,-58.6,-0.376,19.12,20.12,03a60684o0211o
60683.882513,19.875,0.422,41,17,o,0,0.94,60.84,-35.02671,9766.12,3906.65,2.46,1.97,-59.7,-0.381,19.1,20.09,03a60684o0223o
60683.897931,20.658,0.85,20,17,o,0,0.84,60.84,-35.02671,9745.65,4022.14,2.51,1.97,-59.9,-0.383,19.09,20.09,03a60684o0255o
60685.115547,19.81,0.443,43,19,o,0,1.02,60.84,-35.02671,9793.47,3814.39,2.62,1.99,-21.8,-0.412,18.9,19.73,04a60685o0184o
60685.121468,19.561,0.556,54,30,o,0,1.02,60.84,-35.02671,9814.5,3855.77,2.57,1.99,-21.7,-0.428,18.93,19.72,04a60685o0196o
60685.124653,19.423,0.353,62,22,o,0,1.43,60.84,-35.02671,9755.53,3774.95,2.68,2.05,-25.6,-0.395,18.93,19.69,04a60685o0203o
60685.137144,19.681,0.596,49,29,o,0,1.2,60.84,-35.02671,9734.08,3891.71,2.57,2.03,-22.3,-0.4,18.97,19.72,04a60685o0229o
60686.124236,21.59,2.688,8,23,o,0,1.77,60.84,-35.02671,3497.18,9563.52,2.08,1.72,-71.8,-0.451,18.71,19.29,04a60686o0205o
60686.127056,21.303,2.452,11,27,o,0,1.04,60.84,-35.02671,3515.7,9602.71,2.06,1.74,-70.0,-0.436,18.71,19.27,04a60686o0211o
60686.132697,-24.028,28.429,-1,25,o,0,1.16,60.84,-35.02671,3459.61,9525.31,2.06,1.72,-70.2,-0.43,18.73,19.25,04a60686o0223o
60686.142774,20.538,1.197,22,26,o,0,1.18,60.84,-35.02671,3438.42,9642.1,2.25,1.68,-74.3,-0.51,18.71,19.27,04a60686o0244o
60686.845099,-23.986,24.0,-1,22,o,0,1.05,60.84,-35.02671,3367.72,9519.94,2.83,2.34,-38.0,-0.367,18.77,19.5,03a60687o0143o
60686.848748,23.788,19.167,1,21,o,0,1.43,60.84,-35.02671,3385.73,9559.71,2.83,2.33,-43.0,-0.369,18.81,19.48,03a60687o0151o
60686.884731,19.528,0.384,56,22,o,0,1.27,60.84,-35.02671,3340.37,9480.29,2.58,2.19,-45.1,-0.39,18.84,19.48,03a60687o0171o
60686.890233,19.754,0.522,46,24,o,0,1.02,60.84,-35.02671,3318.91,9596.33,2.63,2.24,-44.9,-0.384,18.8,19.47,03a60687o0183o
60687.850922,19.704,0.564,48,27,o,0,0.86,60.84,-35.02671,5622.26,5992.61,2.71,2.35,-54.1,-0.399,18.6,19.31,03a60688o0157o
60687.856086,19.792,0.576,44,25,o,0,1.17,60.84,-35.02671,5641.18,6031.06,2.66,2.33,-52.6,-0.386,18.58,19.28,03a60688o0168o
60687.859744,21.109,1.747,13,23,o,0,1.15,60.84,-35.02671,5587.5,5952.24,2.67,2.27,-53.0,-0.38,18.58,19.27,03a60688o0176o
60687.869812,18.745,0.218,115,25,o,0,1.02,60.84,-35.02671,5568.06,6067.01,2.73,2.4,-49.6,-0.388,18.52,19.22,03a60688o0198o
60689.117425,19.638,0.464,51,24,o,0,1.75,60.84,-35.02671,5661.45,5968.74,1.93,1.8,-41.4,-0.427,18.54,18.96,04a60689o0133o
60689.122822,19.36,0.441,65,29,o,0,0.79,60.84,-35.02671,5681.38,6008.04,1.96,1.78,-42.8,-0.416,18.56,18.98,04a60689o0144o
60689.126063,20.519,1.02,22,23,o,0,1.64,60.84,-35.02671,5624.64,5930.56,1.89,1.72,-37.1,-0.427,18.53,18.95,04a60689o0151o
60689.137669,21.894,3.102,6,20,o,0,1.94,60.84,-35.02671,5606.75,6048.14,1.86,1.69,-41.0,-0.42,18.52,18.91,04a60689o0176o
60690.100313,19.749,0.607,46,28,o,0,1.14,60.84,-35.02671,7523.59,9874.14,2.09,1.81,-2.1,-0.445,18.73,19.42,04a60690o0155o
60690.104037,20.835,1.768,17,30,o,0,0.65,60.84,-35.02671,7543.48,9914.15,2.14,1.86,-5.8,-0.431,18.71,19.39,04a60690o0163o
60690.113941,19.654,0.513,50,26,o,0,1.26,60.84,-35.02671,7485.91,9836.11,2.07,1.91,-1.7,-0.41,18.7,19.34,04a60690o0184o
60690.119223,19.251,0.449,72,32,o,0,0.77,60.84,-35.02671,7467.47,9953.71,2.02,1.84,-8.7,-0.453,18.69,19.31,04a60690o0195o
60690.853264,-20.552,1.0,-22,22,o,0,1.07,60.84,-35.02671,7388.97,9932.87,3.04,2.36,-35.9,-0.401,18.91,19.82,03a60691o0163o
60690.856473,20.941,1.638,15,25,o,0,0.88,60.84,-35.02671,7408.9,9973.28,3.16,2.44,-37.4,-0.398,18.84,19.81,03a60691o0170o
60690.86214,21.451,1.86,10,18,o,0,1.47,60.84,-35.02671,7352.8,9892.39,3.08,2.52,-33.0,-0.392,18.8,19.79,03a60691o0182o
60690.872287,22.715,8.0,3,24,o,0,1.32,60.84,-35.02671,7334.59,10008.97,3.19,2.52,-35.3,-0.385,18.79,19.76,03a60691o0204o
60691.842467,19.766,0.31,45,14,o,0,0.95,60.84,-35.02671,3792.25,2084.11,2.24,2.02,-58.9,-0.421,19.2,20.32,03a60692o0141o
60691.845739,20.886,0.835,16,13,o,0,1.45,60.84,-35.02671,3813.45,2123.1,2.2,1.97,-60.9,-0.421,19.21,20.28,03a60692o0148o
60691.852613,20.15,0.463,32,15,o,0,0.84,60.84,-35.02671,3758.62,2044.22,2.24,1.99,-62.2,-0.413,19.16,20.21,03a60692o0163o
60691.862845,20.557,0.629,22,14,o,0,1.31,60.84,-35.02671,3738.25,2160.42,2.22,2.0,-58.4,-0.419,19.14,20.15,03a60692o0185o
60693.099953,20.345,0.436,26,12,o,0,2.0,60.84,-35.02671,3727.34,2097.51,1.87,1.83,-80.4,-0.443,19.26,20.5,04a60693o0156o
60693.10559,19.57,0.256,54,14,o,0,1.25,60.84,-35.02671,3750.7,2138.77,1.95,1.85,-36.1,-0.445,19.17,20.33,04a60693o0168o
60693.109343,19.977,0.39,37,14,o,0,1.17,60.84,-35.02671,3690.67,2060.51,1.91,1.82,-36.0,-0.437,19.15,20.23,04a60693o0176o
60693.119198,20.577,0.735,21,16,o,0,0.68,60.84,-35.02671,3670.56,2176.61,1.88,1.76,74.1,-0.458,19.14,20.11,04a60693o0197o
60694.109946,20.335,0.293,27,8,c,0,0.81,60.84,-35.02671,3546.0,5585.83,2.13,1.83,-87.4,-0.383,19.65,21.79,04a60694o0179c
60694.113215,20.876,0.427,16,7,c,0,1.57,60.84,-35.02671,3564.95,5624.77,2.18,1.84,-84.8,-0.382,19.64,21.66,04a60694o0186c
60694.116513,20.796,0.572,17,10,c,0,0.66,60.84,-35.02671,3508.51,5548.47,2.1,1.84,-80.4,-0.38,19.59,21.51,04a60694o0193c
60694.119416,20.477,0.389,23,9,c,0,1.02,60.84,-35.02671,3489.88,5665.37,2.14,1.86,-84.3,-0.377,19.58,21.36,04a60694o0199c
60694.840079,20.213,0.442,30,13,o,0,0.88,60.84,-35.02671,3519.75,5556.22,2.61,2.25,-52.7,-0.385,19.31,20.83,03a60695o0137o
60694.843773,21.976,2.0,6,12,o,0,1.13,60.84,-35.02671,3538.76,5593.81,2.53,2.16,-58.6,-0.393,19.36,20.84,03a60695o0145o
60694.850205,20.909,0.81,16,13,o,0,0.98,60.84,-35.02671,3485.22,5515.01,2.52,2.21,-56.8,-0.391,19.33,20.85,03a60695o0159o
60694.864034,19.883,0.318,40,13,o,0,0.96,60.84,-35.02671,3464.71,5629.28,2.53,2.16,-58.0,-0.393,19.32,20.85,03a60695o0189o
60695.842996,20.006,0.313,36,11,o,0,1.48,60.84,-35.02671,1751.97,3604.81,2.68,2.36,-69.6,-0.403,19.33,21.08,03a60696o0145o
60695.846202,20.122,0.395,32,13,o,0,1.23,60.84,-35.02671,1771.21,3643.85,2.85,2.49,-71.2,-0.394,19.26,21.08,03a60696o0152o
60695.851432,20.385,0.515,26,13,o,0,1.04,60.84,-35.02671,1716.38,3565.22,2.69,2.42,-71.7,-0.402,19.31,21.1,03a60696o0163o
60695.863018,19.889,0.298,40,12,o,0,0.94,60.84,-35.02671,1694.69,3680.79,2.64,2.36,-68.3,-0.408,19.32,21.04,03a60696o0188o
60697.093495,21.614,1.136,8,9,c,0,0.98,60.84,-35.02671,1721.34,3676.11,2.35,2.03,54.7,-0.388,19.54,21.56,04a60697o0142c
60697.096674,20.484,0.393,23,9,c,0,1.27,60.84,-35.02671,1741.44,3714.6,2.3,2.0,54.8,-0.389,19.54,21.56,04a60697o0149c
60697.102799,20.481,0.387,23,9,c,0,1.48,60.84,-35.02671,1682.74,3636.75,2.3,2.0,55.4,-0.393,19.54,21.56,04a60697o0162c
60697.11525,20.138,0.261,32,8,c,0,1.93,60.84,-35.02671,1665.48,3756.38,2.39,2.19,48.2,-0.378,19.45,21.5,04a60697o0187c
60698.098445,20.496,0.433,23,10,c,0,0.87,60.84,-35.02671,5296.15,7514.24,2.35,1.82,-75.3,-0.413,19.64,21.73,04a60698o0157c
60698.101728,21.636,1.098,8,9,c,0,0.89,60.84,-35.02671,5315.52,7553.51,2.4,1.84,-73.9,-0.414,19.63,21.73,04a60698o0164c
60698.107207,20.822,0.551,17,9,c,0,0.67,60.84,-35.02671,5258.74,7475.76,2.35,1.79,-75.2,-0.416,19.66,21.73,04a60698o0176c
60698.121457,20.397,0.378,25,10,c,0,0.84,60.84,-35.02671,5237.61,7592.52,2.39,1.86,-74.6,-0.412,19.64,21.74,04a60698o0207c
60698.839281,20.402,0.446,25,11,o,0,1.14,60.84,-35.02671,5218.62,7522.3,2.44,2.05,-43.8,-0.396,19.43,20.9,03a60699o0139o
60698.842557,19.855,0.279,42,12,o,0,0.98,60.84,-35.02671,5237.19,7562.23,2.57,2.14,-41.3,-0.388,19.38,20.91,03a60699o0146o
60698.849446,20.441,0.506,24,12,o,0,1.07,60.84,-35.02671,5185.06,7483.19,2.49,2.1,-45.5,-0.396,19.41,20.86,03a60699o0161o
60698.861374,19.675,0.211,49,10,o,0,1.42,60.84,-35.02671,5166.1,7597.89,2.48,2.15,-43.0,-0.392,19.37,20.86,03a60699o0187o
60699.830575,-24.531,18.25,-1,10,o,0,1.11,60.84,-35.02671,1699.86,1662.94,2.3,2.04,-67.7,-0.418,19.49,21.13,03a60700o0122o
60699.834234,20.817,0.63,17,11,o,0,1.21,60.84,-35.02671,1718.65,1701.86,2.32,2.07,-68.9,-0.413,19.53,21.13,03a60700o0130o
60699.840668,19.822,0.27,43,12,o,0,1.03,60.84,-35.02671,1662.03,1623.68,2.36,2.1,-66.4,-0.413,19.49,21.11,03a60700o0144o
60699.853552,20.19,0.369,30,11,o,0,1.07,60.84,-35.02671,1643.17,1738.48,2.37,2.1,-69.0,-0.413,19.44,21.06,03a60700o0172o
60701.090859,20.364,0.34,26,9,c,0,1.35,60.84,-35.02671,1617.07,1729.3,2.48,1.89,45.8,-0.412,19.59,21.56,04a60701o0156c
60701.094044,20.503,0.439,23,10,c,0,1.16,60.84,-35.02671,1636.95,1768.24,2.41,1.86,45.9,-0.414,19.58,21.5,04a60701o0163c
60701.105311,20.155,0.331,32,10,c,0,0.83,60.84,-35.02671,1580.8,1695.29,2.38,1.88,39.6,-0.423,19.57,21.47,04a60701o0187c
60701.11089,20.26,0.332,29,10,c,0,1.32,60.84,-35.02671,1559.57,1810.47,2.43,1.91,43.0,-0.415,19.55,21.5,04a60701o0199c
60702.089233,20.904,0.593,16,9,c,0,0.98,60.84,-35.02671,7588.86,5892.87,2.41,2.09,-46.4,-0.397,19.57,21.68,04a60702o0152c
60702.092403,-22.883,3.235,-3,8,c,0,1.4,60.84,-35.02671,7605.76,5931.47,2.45,2.09,-42.9,-0.402,19.58,21.7,04a60702o0159c
60702.099837,-23.227,5.417,-2,10,c,0,1.16,60.84,-35.02671,7548.46,5855.98,2.48,2.13,-49.0,-0.399,19.55,21.68,04a60702o0175c
60702.110079,22.744,3.19,3,9,c,0,0.98,60.84,-35.02671,7528.2,5971.61,2.32,1.99,-47.2,-0.411,19.59,21.63,04a60702o0197c
60703.828331,20.177,0.346,31,11,o,0,1.53,60.84,-35.02671,5776.22,2037.1,2.31,2.08,-53.0,-0.433,19.35,20.85,03a60704o0135o
60703.832036,21.675,1.294,8,10,o,0,1.4,60.84,-35.02671,5794.01,2076.45,2.3,2.1,-51.7,-0.431,19.37,20.87,03a60704o0143o
60703.838431,21.247,0.934,12,11,o,0,1.24,60.84,-35.02671,5737.78,1997.08,2.3,2.08,-52.5,-0.433,19.37,20.87,03a60704o0157o
60703.858179,20.987,0.802,15,12,o,0,1.17,60.84,-35.02671,5716.45,2110.73,2.34,2.14,-54.8,-0.434,19.32,20.87,03a60704o0200o
60705.073134,22.739,3.318,3,10,c,0,1.24,60.84,-35.02671,5707.02,2000.42,2.16,2.09,-20.3,-0.405,19.49,21.31,04a60705o0122c
60705.076336,20.857,0.615,16,10,c,0,0.98,60.84,-35.02671,5726.6,2039.74,2.17,2.13,-46.1,-0.404,19.51,21.27,04a60705o0129c
60705.0819,21.172,0.728,12,9,c,0,1.29,60.84,-35.02671,5667.44,1962.91,2.18,2.1,-40.8,-0.404,19.51,21.27,04a60705o0141c
60705.092857,21.288,0.885,11,10,c,0,1.26,60.84,-35.02671,5649.18,2081.09,2.13,2.01,-32.2,-0.408,19.5,21.26,04a60705o0164c
60706.097395,20.71,0.517,19,10,c,0,0.99,60.84,-35.02671,1611.98,5710.39,2.22,1.98,76.0,-0.385,19.59,21.64,04a60706o0173c
60706.100207,20.264,0.353,28,10,c,0,1.25,60.84,-35.02671,1631.96,5749.66,2.23,2.01,83.3,-0.386,19.57,21.63,04a60706o0179c
60706.105699,20.367,0.408,26,11,c,0,0.86,60.84,-35.02671,1569.91,5672.06,2.28,1.99,79.9,-0.382,19.55,21.57,04a60706o0191c
60706.115891,21.469,1.137,9,11,c,0,0.63,60.84,-35.02671,1551.19,5790.46,2.21,1.98,80.4,-0.382,19.55,21.48,04a60706o0213c
60706.797644,21.412,1.4,10,14,o,0,0.94,60.84,-35.02671,1587.75,5630.01,2.67,2.33,-71.5,-0.41,19.3,20.91,03a60707o0071o
60706.80135,20.146,0.412,32,13,o,0,0.98,60.84,-35.02671,1606.4,5668.47,2.84,2.54,-70.3,-0.416,19.29,20.92,03a60707o0079o
60706.807754,21.405,1.286,10,13,o,0,1.27,60.84,-35.02671,1550.89,5590.84,2.66,2.32,-65.8,-0.407,19.34,20.9,03a60707o0093o
60706.818285,22.186,2.679,5,13,o,0,1.08,60.84,-35.02671,1532.12,5707.07,2.64,2.28,-68.5,-0.406,19.27,20.84,03a60707o0116o
60707.790577,20.612,0.658,21,14,o,0,0.93,60.84,-35.02671,1469.18,9606.66,2.63,2.33,-53.2,-0.434,19.42,20.8,03a60708o0057o
60707.794222,21.666,1.6,8,12,o,0,1.29,60.84,-35.02671,1487.58,9645.54,2.75,2.41,-54.0,-0.431,19.42,20.89,03a60708o0065o
60707.800183,20.013,0.396,36,14,o,0,1.01,60.84,-35.02671,1433.75,9567.95,2.66,2.31,-49.1,-0.431,19.46,20.93,03a60708o0078o
60707.810437,-21.577,1.605,-8,14,o,0,1.07,60.84,-35.02671,1412.75,9684.41,2.77,2.4,-49.7,-0.436,19.45,20.95,03a60708o0100o
60709.076097,20.135,0.497,32,16,o,0,0.79,60.84,-35.02671,1594.82,9693.77,2.64,1.9,-76.0,-0.413,19.37,20.76,04a60709o0130o
60709.079339,20.183,0.486,31,15,o,0,1.28,60.84,-35.02671,1615.48,9733.98,2.26,1.81,-73.2,-0.485,19.34,20.75,04a60709o0137o
60709.082559,20.659,1.01,20,20,o,0,1.38,60.84,-35.02671,1558.77,9656.83,2.36,1.85,-72.9,-0.466,19.12,20.35,04a60709o0144o
60709.095908,20.302,0.654,28,18,o,0,0.78,60.84,-35.02671,1540.16,9777.1,2.42,1.84,-73.0,-0.472,19.31,20.74,04a60709o0173o
60710.073012,21.018,1.156,14,16,o,0,0.85,60.84,-35.02671,5384.66,9455.87,1.95,1.71,-59.2,-0.456,19.29,20.51,04a60710o0126o
60710.07721,21.181,1.223,12,15,o,0,0.84,60.84,-35.02671,5401.49,9496.38,2.07,1.82,-54.7,-0.444,19.23,20.57,04a60710o0135o
60710.083606,22.41,3.97,4,16,o,0,1.09,60.84,-35.02671,5346.71,9418.89,1.98,1.74,-52.8,-0.451,19.27,20.47,04a60710o0149o
60710.098198,21.849,2.466,7,16,o,0,0.69,60.84,-35.02671,5328.69,9536.78,1.87,1.69,-48.4,-0.471,19.31,20.52,04a60710o0180o
60710.815806,22.069,2.656,5,14,o,0,1.2,60.84,-35.02671,5259.0,9466.46,2.65,2.21,-38.4,-0.383,19.22,20.39,03a60711o0116o
60710.8195,20.633,0.863,20,18,o,0,0.82,60.84,-35.02671,5274.76,9506.01,2.69,2.22,-34.0,-0.385,19.16,20.37,03a60711o0124o
60710.826904,20.848,1.053,17,18,o,0,0.85,60.84,-35.02671,5224.72,9425.19,2.71,2.25,-34.7,-0.379,19.15,20.31,03a60711o0140o
