MJD,m,dm,uJy,duJy,F,err,chi/N,RA,Dec,x,y,maj,min,phi,apfit,mag5sig,Sky,Obs
60683.225024,21.3,1.455,11,16,o,0,1.25,9.82491,44.35367,7032.55,3971.94,2.16,1.92,34.7,-0.427,19.05,19.64,02a60683o0060o
60683.230691,-20.79,0.832,-18,15,o,0,1.66,9.82491,44.35367,7014.61,3932.56,2.13,1.95,35.5,-0.423,19.05,19.65,02a60683o0072o
60683.246818,20.94,0.944,15,14,o,0,1.56,9.82491,44.35367,7073.09,4011.06,2.14,1.89,33.6,-0.419,19.05,19.65,02a60683o0107o
60683.250018,-20.305,0.668,-27,18,o,0,1.17,9.82491,44.35367,7092.11,3891.48,2.16,1.92,33.9,-0.415,19.03,19.64,02a60683o0114o
60685.285308,-21.293,2.264,-11,25,o,0,0.86,9.82491,44.35367,7477.32,2506.76,2.46,2.38,12.2,-0.439,18.73,19.1,01a60685o0178o
60685.291063,19.781,1.681,44,75,o,0,1.66,9.82491,44.35367,3033.97,8027.45,2.25,2.08,20.4,-0.413,18.1,18.18,02a60685o0151o
60685.292288,-20.575,1.061,-21,23,o,0,1.02,9.82491,44.35367,7495.36,2545.51,2.35,2.3,10.1,-0.449,18.79,19.04,01a60685o0193o
60685.295071,19.951,0.702,38,27,o,0,1.51,9.82491,44.35367,7439.08,2469.09,2.43,2.39,14.0,-0.444,18.5,18.69,01a60685o0199o
60685.305713,21.192,1.871,12,23,o,0,1.23,9.82491,44.35367,7417.48,2587.49,2.34,2.3,5.9,-0.458,18.74,18.98,01a60685o0222o
60687.285953,22.334,5.833,4,25,o,0,1.22,9.82491,44.35367,3244.87,2215.04,2.37,2.23,32.7,-0.426,18.48,19.0,02a60687o0148o
60687.289188,-19.457,0.481,-60,29,o,0,1.25,9.82491,44.35367,3226.15,2175.25,2.74,2.6,37.9,-0.405,18.37,18.98,02a60687o0155o
60687.295598,19.425,0.517,62,32,o,0,1.05,9.82491,44.35367,3284.51,2251.78,2.53,2.4,34.8,-0.415,18.37,18.94,02a60687o0169o
60687.306786,-18.841,0.302,-106,32,o,0,1.31,9.82491,44.35367,3303.94,2132.8,2.77,2.72,-39.1,-0.411,18.23,18.85,02a60687o0193o
60688.284693,-20.25,1.349,-29,39,o,0,0.99,9.82491,44.35367,1580.42,4728.28,3.02,2.8,37.3,-0.363,18.16,18.61,01a60688o0183o
60688.297686,-17.742,1.186,-290,344,o,0,0.99,9.82491,44.35367,1541.77,4686.8,3.22,2.86,41.8,-0.346,16.41,16.49,01a60688o0211o
60691.24333,23.46,8.929,2,13,o,0,1.05,9.82491,44.35367,9247.79,1993.09,2.27,1.67,-61.0,-0.484,19.46,20.56,02a60691o0090o
60691.247042,-20.994,0.754,-14,11,o,0,1.62,9.82491,44.35367,9228.55,1951.55,2.23,1.68,-62.2,-0.482,19.43,20.49,02a60691o0098o
60691.252196,20.572,0.528,21,11,o,0,1.61,9.82491,44.35367,9285.22,2030.5,2.19,1.64,-61.8,-0.486,19.36,20.31,02a60691o0109o
60691.262441,-23.554,10.692,-1,15,o,0,1.28,9.82491,44.35367,9306.26,1911.97,2.23,1.69,-57.6,-0.486,19.17,19.99,02a60691o0131o
60693.300854,-21.555,1.455,-9,13,o,0,1.58,9.82491,44.35367,1978.38,837.36,2.54,2.39,42.7,-0.421,19.26,20.27,01a60693o0206o
60693.325621,22.432,4.964,4,19,o,0,0.85,9.82491,44.35367,1994.81,878.36,2.47,2.44,16.9,-0.456,19.03,19.83,01a60693o0258o
60693.328887,20.918,1.303,16,20,o,0,0.83,9.82491,44.35367,1940.39,795.31,2.65,2.45,46.2,-0.414,18.91,19.72,01a60693o0265o
60693.350611,-21.649,2.893,-8,23,o,0,1.28,9.82491,44.35367,1919.32,912.47,2.45,2.41,5.9,-0.461,18.81,19.33,01a60693o0311o
60695.223485,20.172,0.354,31,11,c,0,1.85,9.82491,44.35367,1246.76,6237.66,2.29,2.18,-38.1,-0.431,19.41,20.73,02a60695o0042c
60695.226674,-22.261,2.543,-4,12,c,0,1.1,9.82491,44.35367,1228.59,6200.56,2.29,2.17,-47.7,-0.434,19.4,20.79,02a60695o0049c
60695.232646,-20.999,0.864,-14,12,c,0,1.24,9.82491,44.35367,1282.16,6272.29,2.29,2.24,-16.1,-0.425,19.41,20.83,02a60695o0062c
60695.2428,20.794,0.701,18,12,c,0,1.01,9.82491,44.35367,1301.18,6159.37,2.29,2.19,-40.7,-0.432,19.41,20.88,02a60695o0084c
60697.23551,-21.523,1.174,-9,10,o,0,1.64,9.82491,44.35367,9377.98,2334.79,2.49,2.34,-56.3,-0.464,19.38,20.49,01a60697o0069o
60697.238284,22.209,3.083,5,15,o,0,0.87,9.82491,44.35367,9397.08,2373.41,2.51,2.4,-51.2,-0.452,19.37,20.5,01a60697o0075o
60697.244288,23.183,7.2,2,14,o,0,1.0,9.82491,44.35367,9341.97,2299.57,2.48,2.33,-57.4,-0.47,19.4,20.49,01a60697o0088o
60697.25682,-20.32,0.438,-27,12,o,0,1.4,9.82491,44.35367,9322.05,2418.42,2.59,2.31,-61.4,-0.468,19.39,20.47,01a60697o0115o
60697.274466,20.758,0.64,18,12,o,0,1.48,9.82491,44.35367,5416.16,4590.76,2.49,2.41,71.1,-0.444,19.4,20.51,01a60697o0151o
60697.279384,21.369,1.284,10,13,o,0,1.5,9.82491,44.35367,5415.09,4590.86,2.76,2.56,44.1,-0.422,19.3,20.5,01a60697o0161o
60697.284879,21.78,1.63,7,12,o,0,1.57,9.82491,44.35367,5414.74,4593.37,2.8,2.54,46.4,-0.412,19.32,20.49,01a60697o0171o
60699.238211,21.246,1.0,12,12,c,0,0.89,9.82491,44.35367,1138.03,4301.13,2.33,2.28,-57.2,-0.419,19.44,21.02,02a60699o0072c
60699.241441,-21.514,1.172,-9,11,c,0,1.07,9.82491,44.35367,1119.08,4262.43,2.35,2.32,37.6,-0.417,19.44,21.03,02a60699o0079c
60699.26351,23.612,8.333,1,11,c,0,1.46,9.82491,44.35367,1178.23,4336.97,2.37,2.32,30.9,-0.42,19.39,21.01,02a60699o0127c
60699.270454,20.282,0.383,28,11,c,0,1.28,9.82491,44.35367,1197.36,4216.96,2.35,2.32,36.1,-0.422,19.36,20.99,02a60699o0142c
60705.22936,18.183,10.765,194,2084,o,0,0.77,9.82491,44.35367,3843.13,781.42,2.75,2.5,30.8,-0.404,14.52,15.64,01a60705o0064o
60705.246153,-19.046,2.015,-87,176,o,0,1.09,9.82491,44.35367,3808.59,742.0,2.64,2.42,35.9,-0.427,16.78,17.8,01a60705o0100o
60705.260613,-17.957,2.581,-238,615,o,0,0.86,9.82491,44.35367,3793.58,859.62,2.64,2.39,40.0,-0.424,15.61,16.64,01a60705o0131o
60709.24484,-21.37,1.656,-10,17,o,0,0.87,9.82491,44.35367,5323.5,8444.16,2.88,2.61,51.3,-0.386,19.08,20.04,01a60709o0094o
60709.268097,21.294,1.411,11,16,o,0,1.36,9.82491,44.35367,5339.2,8484.07,2.72,2.54,52.5,-0.391,19.11,20.06,01a60709o0144o
60709.270921,0.0,20.857,0,16,o,0,1.33,9.82491,44.35367,5277.41,8406.55,2.85,2.74,69.2,-0.389,19.04,20.05,01a60709o0150o
