MJD,m,dm,uJy,duJy,F,err,chi/N,RA,Dec,x,y,maj,min,phi,apfit,mag5sig,Sky,Obs
60685.109742,-20.706,0.849,-19,16,o,0,1.69,51.53804,-26.19783,3662.63,6977.81,2.13,1.73,-75.4,-0.44,18.82,19.54,04a60685o0172o
60685.112763,-21.121,1.689,-13,22,o,0,0.99,51.53804,-26.19783,3683.45,7016.71,2.11,1.73,-72.6,-0.437,18.82,19.54,04a60685o0178o
60685.12042,-22.849,9.0,-3,24,o,0,0.9,51.53804,-26.19783,3627.82,6941.61,2.06,1.71,-74.9,-0.44,18.82,19.53,04a60685o0194o
60685.130368,20.207,0.602,30,18,o,0,1.26,51.53804,-26.19783,3602.89,7055.59,2.05,1.76,-72.3,-0.417,18.81,19.52,04a60685o0215o
60686.097136,-24.982,47.0,0,17,o,0,2.19,51.53804,-26.19783,2484.54,2631.94,2.07,1.83,59.7,-0.418,18.67,19.26,04a60686o0147o
60686.100322,-20.578,1.134,-21,24,o,0,1.13,51.53804,-26.19783,2502.28,2670.98,2.03,1.83,62.3,-0.436,18.7,19.23,04a60686o0154o
60686.1077,21.462,2.468,9,23,o,0,1.0,51.53804,-26.19783,2443.33,2593.99,2.0,1.83,60.8,-0.428,18.65,19.19,04a60686o0170o
60686.118992,-20.565,0.908,-22,20,o,0,1.39,51.53804,-26.19783,2426.87,2710.68,1.98,1.78,61.3,-0.427,18.66,19.17,04a60686o0194o
60686.843748,-20.411,0.885,-25,22,o,0,1.12,51.53804,-26.19783,2542.22,2580.43,2.54,2.17,-65.1,-0.409,18.72,19.45,03a60687o0140o
60686.846929,21.29,1.824,11,20,o,0,1.19,51.53804,-26.19783,2559.43,2620.12,2.43,2.11,-63.8,-0.403,18.73,19.41,03a60687o0147o
60686.852863,-20.559,1.036,-22,22,o,0,0.72,51.53804,-26.19783,2501.58,2542.29,2.46,2.19,-66.9,-0.403,18.73,19.39,03a60687o0160o
60686.886558,21.29,1.88,11,21,o,0,1.21,51.53804,-26.19783,2488.67,2656.94,2.37,2.1,-64.8,-0.408,18.74,19.38,03a60687o0175o
60687.845392,-21.675,4.036,-8,31,o,0,1.26,51.53804,-26.19783,9108.69,9363.49,3.32,2.81,-45.0,-0.419,18.4,19.22,03a60688o0145o
60687.852337,22.6,10.385,3,34,o,0,0.96,51.53804,-26.19783,9127.44,9403.45,3.28,2.57,-46.2,-0.416,18.46,19.19,03a60688o0160o
60687.861592,22.582,9.133,3,31,o,0,0.96,51.53804,-26.19783,9073.33,9321.96,3.04,2.48,-44.4,-0.405,18.5,19.15,03a60688o0180o
60687.864809,21.713,4.613,8,35,o,0,1.06,51.53804,-26.19783,9052.02,9437.1,3.16,2.54,-46.4,-0.409,18.48,19.11,03a60688o0187o
60689.131237,-19.691,0.955,-48,46,o,0,1.55,51.53804,-26.19783,9235.33,9263.15,2.33,1.73,-1.6,-0.452,18.42,18.82,04a60689o0162o
60689.134941,-20.395,1.783,-25,45,o,0,0.91,51.53804,-26.19783,9254.22,9302.82,2.33,1.71,-1.7,-0.45,18.41,18.8,04a60689o0170o
60689.140471,-19.648,0.962,-50,48,o,0,1.34,51.53804,-26.19783,9193.95,9223.28,2.37,1.75,-0.3,-0.439,18.4,18.77,04a60689o0182o
60689.15043,19.705,1.043,48,50,o,0,0.85,51.53804,-26.19783,9177.08,9341.89,2.25,1.72,-3.4,-0.451,18.36,18.7,04a60689o0203o
60690.09464,22.189,4.528,5,22,o,0,1.33,51.53804,-26.19783,6695.59,2922.58,2.11,1.82,-31.8,-0.446,18.72,19.42,04a60690o0143o
60690.09798,20.559,0.912,22,20,o,0,1.86,51.53804,-26.19783,6714.42,2962.11,2.13,1.84,-27.2,-0.44,18.73,19.4,04a60690o0150o
60690.104962,22.236,4.543,5,21,o,0,1.05,51.53804,-26.19783,6654.57,2883.21,2.11,1.82,-27.4,-0.434,18.69,19.36,04a60690o0165o
60690.116303,-20.979,1.757,-15,26,o,0,1.04,51.53804,-26.19783,6635.01,3001.77,2.14,1.83,-25.4,-0.437,18.64,19.28,04a60690o0189o
60690.834431,21.664,2.326,8,18,o,0,1.33,51.53804,-26.19783,6739.66,2976.55,2.59,2.25,-54.3,-0.42,18.86,19.88,03a60691o0122o
60690.838102,-22.398,4.292,-4,17,o,0,1.28,51.53804,-26.19783,6757.0,3015.28,2.54,2.24,-50.9,-0.426,18.87,19.84,03a60691o0130o
60690.843564,20.446,0.727,24,18,o,0,1.51,51.53804,-26.19783,6703.36,2936.34,2.4,2.09,-52.0,-0.434,18.93,19.81,03a60691o0142o
60690.854164,-21.552,2.075,-9,18,o,0,1.24,51.53804,-26.19783,6683.58,3051.95,2.53,2.19,-54.0,-0.426,18.8,19.74,03a60691o0165o
60691.825103,-22.046,2.513,-6,14,o,0,0.8,51.53804,-26.19783,7636.65,5423.94,2.35,2.03,-56.4,-0.425,19.34,20.6,03a60692o0103o
60691.828282,-22.645,3.304,-3,10,o,0,1.16,51.53804,-26.19783,7654.97,5463.15,2.32,2.0,-56.3,-0.424,19.29,20.53,03a60692o0110o
60691.835555,20.599,0.728,21,15,o,0,1.12,51.53804,-26.19783,7602.01,5384.23,2.39,2.01,-53.1,-0.424,19.21,20.33,03a60692o0126o
60691.846651,20.915,0.918,16,14,o,0,1.01,51.53804,-26.19783,7582.89,5498.97,2.33,2.03,-54.0,-0.435,19.1,20.13,03a60692o0150o
60693.069755,-21.048,0.821,-14,11,o,0,1.53,51.53804,-26.19783,7660.77,5345.53,2.19,1.81,-21.4,-0.44,19.32,20.75,04a60693o0091o
60693.073996,-22.658,4.227,-3,13,o,0,1.14,51.53804,-26.19783,7680.28,5386.55,2.26,1.89,-20.8,-0.429,19.31,20.68,04a60693o0100o
60693.079635,-21.215,1.25,-12,15,o,0,0.91,51.53804,-26.19783,7623.49,5309.19,2.31,2.03,-18.9,-0.42,19.21,20.62,04a60693o0112o
60693.089373,21.946,2.404,6,14,o,0,1.12,51.53804,-26.19783,7604.15,5424.54,2.16,1.79,-22.9,-0.436,19.32,20.64,04a60693o0133o
60694.091083,-21.322,1.111,-11,12,c,0,0.85,51.53804,-26.19783,7067.25,8828.98,2.72,2.03,-68.9,-0.418,19.58,21.83,04a60694o0138c
60694.094314,-20.4,0.338,-25,8,c,0,1.3,51.53804,-26.19783,7087.92,8868.34,2.72,2.04,-68.8,-0.404,19.62,21.86,04a60694o0145c
60694.101673,-23.574,7.714,-1,10,c,0,1.16,51.53804,-26.19783,7030.83,8790.2,2.63,2.02,-69.6,-0.421,19.62,21.79,04a60694o0161c
60694.104859,-23.365,6.556,-2,11,c,0,0.93,51.53804,-26.19783,7012.03,8906.35,2.66,1.98,-70.7,-0.411,19.66,21.74,04a60694o0168c
60694.828493,21.443,1.392,10,13,o,0,1.24,51.53804,-26.19783,6955.5,8877.75,2.82,2.28,-41.2,-0.41,19.27,20.72,03a60695o0112o
60694.831714,-19.907,0.354,-40,14,o,0,1.01,51.53804,-26.19783,6976.56,8917.67,2.82,2.29,-44.6,-0.413,19.28,20.72,03a60695o0119o
60694.841952,20.982,0.905,15,13,o,0,1.38,51.53804,-26.19783,6923.52,8838.08,2.88,2.37,-37.7,-0.404,19.26,20.76,03a60695o0141o
60694.847948,-20.765,0.615,-18,11,o,0,1.65,51.53804,-26.19783,6902.31,8952.35,2.81,2.28,-41.6,-0.409,19.32,20.79,03a60695o0154o
60695.824627,21.618,1.581,8,13,o,0,0.9,51.53804,-26.19783,5521.66,6897.48,2.67,2.38,-44.9,-0.404,19.32,20.98,03a60696o0105o
60695.828282,20.637,0.6,20,12,o,0,1.06,51.53804,-26.19783,5541.17,6937.7,2.77,2.46,-50.6,-0.394,19.26,21.0,03a60696o0113o
60695.835125,23.732,9.0,1,10,o,0,1.67,51.53804,-26.19783,5486.54,6857.51,2.74,2.4,-49.0,-0.397,19.29,21.01,03a60696o0128o
60695.847757,-24.832,30.5,0,13,o,0,1.1,51.53804,-26.19783,5466.34,6973.23,2.84,2.53,-46.8,-0.392,19.24,20.95,03a60696o0155o
60697.150607,-23.066,4.267,-2,9,c,0,1.68,51.53804,-26.19783,5584.51,6886.21,2.36,1.96,-66.3,-0.386,19.38,21.17,04a60697o0256c
60697.154061,-23.714,8.429,-1,10,c,0,1.72,51.53804,-26.19783,5602.66,6925.88,2.49,2.09,-56.6,-0.414,19.31,21.16,04a60697o0262c
60697.161537,21.527,1.302,9,12,c,0,1.23,51.53804,-26.19783,5545.57,6850.03,2.48,2.05,-62.4,-0.414,19.31,21.1,04a60697o0276c
60697.173373,-22.865,4.333,-3,11,c,0,1.39,51.53804,-26.19783,5522.69,6965.99,2.29,1.94,-73.9,-0.39,19.28,20.92,04a60697o0299c
60698.093817,-22.529,2.458,-4,9,c,0,1.08,51.53804,-26.19783,4352.58,582.42,2.32,2.07,36.7,-0.417,19.59,21.65,04a60698o0147c
60698.096587,-20.975,0.588,-15,9,c,0,1.33,51.53804,-26.19783,4369.65,619.32,2.29,2.11,38.2,-0.404,19.57,21.66,04a60698o0153c
60698.104492,-20.902,0.581,-16,9,c,0,1.41,51.53804,-26.19783,4311.03,542.69,2.37,2.09,37.1,-0.404,19.57,21.62,04a60698o0170c
60698.114555,-21.569,1.069,-9,9,c,0,1.15,51.53804,-26.19783,4289.42,659.73,2.3,2.09,37.1,-0.405,19.57,21.65,04a60698o0192c
60698.833774,21.009,0.901,14,13,o,0,1.13,51.53804,-26.19783,4456.74,579.06,2.32,2.11,-30.6,-0.388,19.37,20.84,03a60699o0127o
60698.836975,-21.681,1.316,-8,10,o,0,1.28,51.53804,-26.19783,4475.4,618.55,2.28,2.05,-52.5,-0.389,19.38,20.83,03a60699o0134o
60698.843009,-23.646,8.111,-1,10,o,0,1.59,51.53804,-26.19783,4418.07,539.75,2.34,2.09,-57.3,-0.38,19.38,20.81,03a60699o0147o
60698.853561,20.726,0.664,19,12,o,0,0.89,51.53804,-26.19783,4399.08,655.99,2.43,2.19,-45.8,-0.372,19.29,20.76,03a60699o0170o
60699.811931,22.88,3.944,3,10,o,0,1.07,51.53804,-26.19783,5476.33,4966.84,2.33,2.03,-55.7,-0.414,19.45,21.03,03a60700o0081o
60699.815592,21.433,1.1,10,11,o,0,1.26,51.53804,-26.19783,5494.18,5005.79,2.28,2.02,-52.6,-0.416,19.47,21.03,03a60700o0089o
60699.821966,-20.594,0.539,-21,11,o,0,1.24,51.53804,-26.19783,5441.75,4927.52,2.46,2.24,-56.3,-0.405,19.4,21.01,03a60700o0103o
60699.836491,23.383,6.091,2,10,o,0,1.08,51.53804,-26.19783,5421.76,5043.01,2.34,2.07,-50.8,-0.406,19.43,20.99,03a60700o0135o
60701.060631,-22.95,3.85,-2,9,c,0,1.06,51.53804,-26.19783,5483.39,4945.73,2.16,1.92,-57.2,-0.388,19.53,21.45,04a60701o0091c
60701.063805,-21.73,1.361,-7,10,c,0,0.93,51.53804,-26.19783,5500.5,4983.15,2.18,1.91,-53.7,-0.386,19.51,21.43,04a60701o0098c
60701.069279,-22.589,2.931,-3,10,c,0,0.74,51.53804,-26.19783,5442.7,4904.65,2.08,1.91,-55.5,-0.389,19.54,21.43,04a60701o0110c
60701.079258,-22.083,1.595,-5,8,c,0,0.99,51.53804,-26.19783,5425.78,5024.01,2.24,1.94,-57.0,-0.388,19.49,21.37,04a60701o0131c
60702.110992,-22.476,2.348,-4,9,c,0,1.35,51.53804,-26.19783,1331.96,9147.33,2.84,1.98,-80.3,-0.358,19.56,21.53,04a60702o0199c
60702.113807,-20.602,0.484,-21,10,c,0,0.69,51.53804,-26.19783,1350.6,9186.22,2.84,2.01,-79.4,-0.36,19.55,21.54,04a60702o0205c
60702.121259,20.857,0.59,16,10,c,0,1.48,51.53804,-26.19783,1293.18,9109.62,2.82,2.0,-81.5,-0.36,19.55,21.49,04a60702o0221c
60702.14128,-21.413,1.103,-10,11,c,0,1.21,51.53804,-26.19783,1274.38,9230.24,2.87,2.01,-81.8,-0.354,19.45,21.32,04a60702o0264c
60703.800521,23.763,12.857,1,15,o,0,0.88,51.53804,-26.19783,9578.5,5407.03,2.59,2.08,-62.3,-0.39,19.31,20.77,03a60704o0074o
60703.804151,20.543,0.574,22,13,o,0,1.41,51.53804,-26.19783,9600.13,5446.53,2.71,2.23,-61.2,-0.385,19.26,20.78,03a60704o0082o
60703.809636,-21.443,1.067,-10,10,o,0,1.4,51.53804,-26.19783,9542.31,5367.17,2.52,2.1,-59.2,-0.387,19.32,20.78,03a60704o0094o
60703.821527,-21.504,1.5,-9,14,o,0,0.75,51.53804,-26.19783,9524.22,5483.0,2.55,2.09,-61.9,-0.386,19.32,20.75,03a60704o0120o
60705.045472,21.813,1.667,7,11,c,0,1.5,51.53804,-26.19783,9603.47,5283.19,2.9,2.21,-23.8,-0.392,19.47,21.31,04a60705o0062c
60705.048655,-21.858,1.543,-7,10,c,0,1.71,51.53804,-26.19783,9624.68,5323.08,2.89,2.17,-22.7,-0.398,19.44,21.32,04a60705o0069c
60705.053891,-21.8,1.564,-7,11,c,0,1.43,51.53804,-26.19783,9564.64,5244.05,2.79,2.1,-23.5,-0.408,19.47,21.33,04a60705o0080c
60705.065874,-20.558,0.488,-22,11,c,0,1.63,51.53804,-26.19783,9546.0,5360.92,2.73,2.06,-24.5,-0.411,19.47,21.26,04a60705o0106c
60706.076201,-21.551,1.28,-9,11,c,0,0.85,51.53804,-26.19783,5159.76,8913.11,2.91,2.01,-74.8,-0.387,19.49,21.53,04a60706o0127c
60706.07937,-21.258,0.859,-11,10,c,0,1.47,51.53804,-26.19783,5180.16,8951.37,2.77,1.9,-75.2,-0.401,19.5,21.51,04a60706o0134c
60706.086259,-21.263,0.817,-11,9,c,0,1.17,51.53804,-26.19783,5122.72,8873.91,2.78,1.91,-77.1,-0.392,19.49,21.49,04a60706o0149c
60706.107554,21.17,0.851,12,10,c,0,1.07,51.53804,-26.19783,5101.4,8993.7,2.82,1.92,-75.2,-0.396,19.44,21.37,04a60706o0195c
60706.793529,-22.238,2.727,-5,13,o,0,1.4,51.53804,-26.19783,5055.29,8914.04,2.92,2.53,-44.9,-0.384,19.26,20.75,03a60707o0062o
60706.79674,-21.165,0.969,-12,12,o,0,1.27,51.53804,-26.19783,5075.68,8954.41,2.81,2.45,-46.2,-0.382,19.25,20.8,03a60707o0069o
60706.802719,22.798,4.692,3,13,o,0,1.21,51.53804,-26.19783,5021.12,8874.53,2.94,2.58,-43.9,-0.368,19.2,20.81,03a60707o0082o
60706.814629,-20.194,0.479,-30,14,o,0,0.9,51.53804,-26.19783,5001.43,8991.28,2.97,2.57,-43.4,-0.368,19.18,20.75,03a60707o0108o
60707.783257,20.472,0.648,24,15,o,0,1.35,51.53804,-26.19783,566.5,2650.03,2.51,2.08,-74.0,-0.383,19.09,20.19,03a60708o0041o
60707.786955,20.999,0.989,14,14,o,0,0.82,51.53804,-26.19783,585.22,2689.34,2.53,2.12,-73.7,-0.391,19.26,20.54,03a60708o0049o
60707.792869,-22.415,3.385,-4,13,o,0,1.22,51.53804,-26.19783,529.58,2610.79,2.53,2.08,-75.2,-0.392,19.36,20.78,03a60708o0062o
60707.802977,23.234,7.167,2,13,o,0,0.91,51.53804,-26.19783,510.12,2728.1,2.56,2.1,-73.6,-0.384,19.36,20.86,03a60708o0084o
60709.069792,20.245,0.421,29,12,o,0,2.2,51.53804,-26.19783,511.47,2750.01,2.45,1.86,50.5,-0.399,19.34,20.71,04a60709o0117o
60709.072779,20.827,0.841,17,14,o,0,1.15,51.53804,-26.19783,530.23,2788.48,2.56,1.84,48.2,-0.389,19.34,20.71,04a60709o0123o
60709.077938,-22.173,3.452,-5,17,o,0,0.9,51.53804,-26.19783,471.53,2711.56,2.42,1.85,51.4,-0.42,19.29,20.65,04a60709o0134o
60709.089944,-20.183,0.424,-31,13,o,0,1.35,51.53804,-26.19783,453.29,2831.5,2.52,1.88,52.0,-0.381,19.27,20.64,04a60709o0160o
60710.067349,-20.945,0.968,-15,15,o,0,1.36,51.53804,-26.19783,4445.79,2527.26,2.1,1.88,-23.0,-0.486,19.12,20.3,04a60710o0114o
60710.07065,-21.362,1.448,-10,15,o,0,1.31,51.53804,-26.19783,4467.17,2566.65,2.03,1.85,-27.8,-0.497,19.13,20.31,04a60710o0121o
60710.075799,21.278,1.064,11,12,o,0,2.07,51.53804,-26.19783,4405.34,2487.93,1.91,1.79,-40.4,-0.474,19.2,20.4,04a60710o0132o
60710.087848,22.959,6.389,2,15,o,0,1.03,51.53804,-26.19783,4388.4,2607.91,2.01,1.9,-22.2,-0.468,19.18,20.45,04a60710o0158o
60710.809813,20.755,1.026,18,19,o,0,0.87,51.53804,-26.19783,4499.28,2527.76,2.31,2.07,-43.8,-0.408,18.94,20.0,03a60711o0103o
60710.81353,-20.141,0.451,-32,14,o,0,0.98,51.53804,-26.19783,4519.13,2567.24,2.22,1.99,-48.9,-0.419,19.15,20.22,03a60711o0111o
60710.823679,20.148,0.459,32,14,o,0,1.5,51.53804,-26.19783,4462.58,2487.45,2.32,2.07,-53.7,-0.408,19.05,20.16,03a60711o0133o
60710.830162,-20.897,0.933,-16,15,o,0,1.04,51.53804,-26.19783,4441.7,2602.48,2.36,2.13,-47.1,-0.402,19.02,20.12,03a60711o0147o
60711.830142,20.614,0.826,21,17,o,0,1.39,51.53804,-26.19783,1689.31,7017.16,2.73,2.34,-52.5,-0.392,18.99,20.12,03a60712o0147o
60711.833332,-21.153,1.397,-13,18,o,0,1.25,51.53804,-26.19783,1711.05,7056.01,2.81,2.43,-54.5,-0.381,18.97,20.12,03a60712o0154o
60711.846108,-22.233,3.92,-5,18,o,0,0.96,51.53804,-26.19783,1655.23,6978.17,2.69,2.32,-50.8,-0.393,19.07,20.21,03a60712o0182o
