MJD,m,dm,uJy,duJy,F,err,chi/N,RA,Dec,x,y,maj,min,phi,apfit,mag5sig,Sky,Obs
60684.283673,21.221,1.672,12,20,o,0,1.08,32.63591,-11.81325,5460.03,903.29,2.01,1.74,-64.4,-0.484,18.85,19.22,02a60684o0179o
60684.286871,-23.811,18.909,-1,20,o,0,1.11,32.63591,-11.81325,5441.98,865.61,2.02,1.76,-61.0,-0.468,18.85,19.21,02a60684o0186o
60684.293227,-20.471,0.737,-24,17,o,0,1.47,32.63591,-11.81325,5498.89,943.18,2.0,1.73,-62.3,-0.473,18.85,19.19,02a60684o0200o
60684.304386,-20.657,0.98,-20,19,o,0,1.33,32.63591,-11.81325,5517.52,824.91,2.01,1.72,-62.7,-0.469,18.81,19.14,02a60684o0224o
60684.792316,20.257,1.166,29,33,o,0,0.82,32.63591,-11.81325,4992.03,9624.65,2.81,2.42,-41.8,-0.359,18.44,18.96,03a60685o0028o
60684.795946,-20.586,1.02,-21,22,o,0,1.96,32.63591,-11.81325,5011.93,9664.17,2.92,2.57,-39.0,-0.356,18.56,19.32,03a60685o0036o
60684.801832,20.527,1.138,22,25,o,0,1.5,32.63591,-11.81325,4959.61,9585.38,2.88,2.53,-46.1,-0.361,18.46,19.08,03a60685o0049o
60684.819495,21.506,2.927,9,26,o,0,1.05,32.63591,-11.81325,4938.9,9700.14,3.0,2.61,-40.2,-0.356,18.48,19.3,03a60685o0088o
60687.081989,-21.454,4.569,-10,44,o,0,1.39,32.63591,-11.81325,5397.33,5268.79,2.13,1.9,-34.4,-0.444,17.89,18.51,04a60687o0116o
60687.08518,20.443,1.61,24,39,o,0,1.49,32.63591,-11.81325,5413.9,5308.28,2.12,1.89,-38.5,-0.454,17.9,18.71,04a60687o0123o
60687.109538,-22.677,7.727,-3,24,o,0,1.8,32.63591,-11.81325,5357.14,5232.76,2.12,1.88,-19.6,-0.46,18.42,18.86,04a60687o0176o
60687.116572,21.621,3.433,8,28,o,0,1.68,32.63591,-11.81325,5337.02,5349.44,2.09,1.86,-25.4,-0.449,18.42,18.8,04a60687o0191o
60688.34742,-17.125,1.348,-513,691,o,0,0.9,32.63591,-11.81325,1918.93,8847.13,3.62,3.56,-32.4,-0.447,16.12,16.61,02a60688o0097o
60688.800623,-19.915,0.63,-39,25,o,0,1.24,32.63591,-11.81325,8705.65,1794.86,2.64,2.37,-27.2,-0.389,18.55,19.2,03a60689o0048o
60688.803807,-20.123,0.857,-32,28,o,0,0.76,32.63591,-11.81325,8724.9,1834.09,2.54,2.24,-56.1,-0.398,18.57,19.15,03a60689o0055o
60688.817871,-22.306,6.154,-4,27,o,0,0.88,32.63591,-11.81325,8668.11,1754.22,2.53,2.24,-55.6,-0.397,18.57,19.09,03a60689o0086o
60688.825575,21.371,2.542,10,26,o,0,1.43,32.63591,-11.81325,8645.13,1870.12,2.59,2.24,-61.4,-0.396,18.47,19.04,03a60689o0103o
60690.282499,21.722,2.558,7,19,o,0,1.28,32.63591,-11.81325,9613.43,5583.46,2.66,2.51,-60.7,-0.428,18.87,19.49,01a60690o0177o
60690.293677,-21.983,3.375,-6,20,o,0,1.26,32.63591,-11.81325,9628.89,5622.54,2.66,2.55,-59.8,-0.429,18.83,19.39,01a60690o0201o
60690.299214,-20.741,1.167,-18,21,o,0,0.9,32.63591,-11.81325,9568.28,5544.99,2.72,2.68,-81.9,-0.406,18.78,19.35,01a60690o0213o
60690.302454,-21.344,2.052,-10,22,o,0,1.49,32.63591,-11.81325,9547.08,5660.88,3.0,2.86,-65.6,-0.411,18.68,19.32,01a60690o0220o
60691.088539,-21.147,1.574,-13,20,o,0,1.92,32.63591,-11.81325,9623.61,5582.86,2.62,2.19,-3.2,-0.413,18.69,19.56,04a60691o0008o
60691.111701,-19.858,0.853,-41,35,o,0,0.95,32.63591,-11.81325,9643.99,5622.93,2.57,2.1,0.5,-0.398,18.52,19.22,04a60691o0059o
60691.123515,19.535,0.834,56,46,o,0,1.23,32.63591,-11.81325,9587.84,5546.53,2.65,1.92,-4.8,-0.408,18.42,19.09,04a60691o0085o
60691.137207,22.497,12.2,4,44,o,0,0.95,32.63591,-11.81325,9564.41,5661.87,2.27,2.05,3.8,-0.435,18.27,18.75,04a60691o0115o
60692.257893,-16.767,0.566,-713,404,o,0,0.66,32.63591,-11.81325,1286.41,2531.13,2.21,2.06,-56.4,-0.454,16.77,17.84,02a60692o0121o
60692.261073,-20.961,0.864,-15,13,o,0,1.15,32.63591,-11.81325,1269.62,2489.75,2.28,2.02,-61.9,-0.447,19.38,20.53,02a60692o0128o
60692.266524,-21.128,1.097,-13,14,o,0,0.95,32.63591,-11.81325,1327.96,2569.8,2.24,2.01,-61.7,-0.452,19.39,20.52,02a60692o0140o
60692.290716,-20.148,0.425,-32,14,o,0,1.51,32.63591,-11.81325,1346.36,2450.9,2.4,2.11,-63.2,-0.443,19.21,20.23,02a60692o0189o
60692.840071,20.994,1.541,14,22,o,0,0.92,32.63591,-11.81325,9190.73,8101.5,2.78,2.29,-50.1,-0.393,18.87,19.97,03a60693o0137o
60692.843297,-20.153,0.634,-32,20,o,0,1.0,32.63591,-11.81325,9206.96,8140.44,2.8,2.33,-49.5,-0.367,18.9,19.87,03a60693o0144o
60692.867852,20.608,1.097,21,23,o,0,1.49,32.63591,-11.81325,9150.9,8058.68,2.84,2.32,-49.9,-0.386,18.59,19.35,03a60693o0198o
60692.89135,20.434,1.204,24,29,o,0,1.26,32.63591,-11.81325,9125.58,8169.11,2.85,2.44,-43.0,-0.363,18.41,19.04,03a60693o0249o
60694.28378,22.819,4.545,3,12,o,0,1.07,32.63591,-11.81325,6212.28,1306.15,2.46,2.28,54.0,-0.445,19.38,20.4,01a60694o0176o
60694.287897,-20.365,0.415,-26,11,o,0,1.08,32.63591,-11.81325,6230.32,1344.66,2.45,2.33,59.0,-0.45,19.34,20.4,01a60694o0185o
60694.297229,-21.729,1.831,-7,14,o,0,1.13,32.63591,-11.81325,6166.81,1266.08,2.42,2.32,68.8,-0.452,19.35,20.37,01a60694o0205o
60694.310205,-22.005,2.045,-6,12,o,0,1.44,32.63591,-11.81325,6138.6,1383.21,2.45,2.38,71.5,-0.452,19.28,20.32,01a60694o0233o
60695.070389,-22.384,2.652,-4,11,c,0,1.07,32.63591,-11.81325,6246.8,1300.43,2.62,2.25,-10.4,-0.381,19.44,21.3,04a60695o0094c
60695.073616,25.81,68.0,0,12,c,0,0.76,32.63591,-11.81325,6265.4,1339.36,2.57,2.24,-14.0,-0.386,19.43,21.29,04a60695o0101c
60695.082822,-22.349,3.091,-4,13,c,0,0.89,32.63591,-11.81325,6208.47,1263.3,2.64,2.38,-11.3,-0.381,19.38,21.25,04a60695o0121c
60695.106593,20.862,0.628,16,10,c,0,1.3,32.63591,-11.81325,6184.78,1381.57,2.5,2.24,-12.2,-0.38,19.36,21.15,04a60695o0173c
60696.276167,21.603,1.356,8,11,c,0,1.37,32.63591,-11.81325,3527.08,1000.8,2.42,2.17,-68.2,-0.439,19.48,21.0,02a60696o0158c
60696.279336,22.181,2.235,5,11,c,0,1.34,32.63591,-11.81325,3507.62,961.66,2.44,2.18,-65.7,-0.436,19.48,20.99,02a60696o0165c
60696.285229,21.568,1.3,9,11,c,0,1.11,32.63591,-11.81325,3565.25,1040.81,2.44,2.19,-66.4,-0.435,19.46,20.95,02a60696o0178c
60696.296176,22.676,3.476,3,11,c,0,1.27,32.63591,-11.81325,3585.6,922.32,2.46,2.23,-68.9,-0.432,19.4,20.87,02a60696o0202c
60698.267654,-21.655,1.754,-8,14,o,0,0.71,32.63591,-11.81325,7213.33,3252.72,2.61,2.37,42.1,-0.392,19.48,20.76,01a60698o0003o
60698.270868,-22.262,3.583,-4,16,o,0,0.35,32.63591,-11.81325,7233.47,3292.05,2.52,2.36,44.6,-0.401,19.47,20.77,01a60698o0010o
60698.276374,22.277,2.429,4,11,o,0,0.93,32.63591,-11.81325,7172.61,3214.41,2.49,2.38,68.1,-0.415,19.51,20.79,01a60698o0022o
60698.287356,-21.349,1.181,-10,12,o,0,0.58,32.63591,-11.81325,7147.54,3330.44,2.65,2.57,46.7,-0.404,19.41,20.76,01a60698o0046o
60700.277416,20.121,3.083,32,100,c,0,0.98,32.63591,-11.81325,3663.33,2989.11,2.44,2.34,-73.5,-0.408,16.51,17.92,02a60700o0164c
60700.287484,19.217,7.948,75,594,c,0,1.58,32.63591,-11.81325,3682.99,2872.75,2.49,2.32,-82.9,-0.417,16.71,18.42,02a60700o0186c
60700.787245,-20.731,0.815,-18,15,o,0,1.27,32.63591,-11.81325,6865.87,7639.0,2.4,2.04,-50.8,-0.401,19.07,20.01,03a60701o0042o
60700.794028,-22.878,4.882,-3,12,o,0,1.07,32.63591,-11.81325,6885.86,7677.53,2.4,2.04,-48.2,-0.401,19.28,20.49,03a60701o0057o
60700.817176,-20.149,0.41,-32,13,o,0,1.06,32.63591,-11.81325,6832.15,7597.71,2.55,2.25,-34.7,-0.38,19.23,20.64,03a60701o0108o
60700.830317,-20.715,0.686,-19,13,o,0,0.89,32.63591,-11.81325,6808.58,7711.03,2.62,2.25,-42.1,-0.384,19.19,20.59,03a60701o0137o
60704.276994,21.631,2.441,8,20,c,0,0.87,32.63591,-11.81325,9417.7,2657.59,2.81,2.43,-26.7,-0.401,18.94,20.49,02a60704o0027c
60704.282971,21.076,1.536,14,21,c,0,1.11,32.63591,-11.81325,9396.95,2619.62,2.64,2.29,-41.4,-0.414,18.88,20.34,02a60704o0040c
60704.286191,-19.789,0.618,-44,27,c,0,0.83,32.63591,-11.81325,9453.74,2697.08,2.93,2.45,-28.7,-0.395,18.66,20.2,02a60704o0047c
60704.297685,22.012,3.167,6,18,c,0,1.49,32.63591,-11.81325,9475.39,2581.69,2.81,2.43,-41.6,-0.399,18.57,20.07,02a60704o0072c
60704.793889,-20.812,1.224,-17,21,o,0,1.03,32.63591,-11.81325,1088.93,7799.9,2.92,2.62,-35.7,-0.383,18.89,20.11,03a60705o0047o
60704.798885,22.498,6.056,4,22,o,0,0.86,32.63591,-11.81325,1106.55,7839.27,2.76,2.48,-45.7,-0.379,19.01,20.18,03a60705o0058o
60704.812942,-21.221,1.436,-12,17,o,0,1.5,32.63591,-11.81325,1052.6,7760.56,2.84,2.53,-48.2,-0.375,18.97,20.16,03a60705o0089o
60704.826101,-21.161,1.397,-12,17,o,0,1.7,32.63591,-11.81325,1029.01,7877.67,2.88,2.56,-50.6,-0.36,18.92,20.16,03a60705o0118o
60708.227419,20.286,0.647,28,18,c,0,0.93,32.63591,-11.81325,7098.66,5189.61,3.99,2.8,5.6,-0.37,18.93,20.6,02a60708o0051c
60708.228798,20.6,0.925,21,19,c,0,1.04,32.63591,-11.81325,7098.7,5189.77,4.3,2.94,3.1,-0.382,18.86,20.63,02a60708o0054c
60708.231991,21.243,1.568,12,18,c,0,1.03,32.63591,-11.81325,7081.82,5151.43,3.61,2.81,2.4,-0.413,18.99,20.66,02a60708o0061c
60708.237546,21.166,1.358,12,17,c,0,1.08,32.63591,-11.81325,7138.36,5228.91,3.27,2.78,4.6,-0.395,19.08,20.69,02a60708o0073c
60708.254645,-20.166,0.722,-31,22,c,0,1.05,32.63591,-11.81325,7162.06,5113.99,5.36,3.2,0.8,-0.393,18.72,20.69,02a60708o0110c
60712.22112,-20.999,1.657,-14,24,o,0,1.0,32.63591,-11.81325,7390.49,821.85,2.09,1.66,-62.3,-0.489,18.65,19.09,02a60712o0018o
60712.224772,-20.238,0.765,-29,22,o,0,1.05,32.63591,-11.81325,7370.05,782.13,2.09,1.65,-61.8,-0.489,18.77,19.22,02a60712o0026o
60712.230218,-24.121,24.0,-1,20,o,0,1.21,32.63591,-11.81325,7426.73,861.88,2.12,1.63,-60.0,-0.495,18.86,19.28,02a60712o0038o
60712.240756,-22.916,7.286,-2,18,o,0,1.85,32.63591,-11.81325,7447.56,743.89,2.29,1.73,-58.4,-0.493,18.8,19.27,02a60712o0061o
