MJD,m,dm,uJy,duJy,F,err,chi/N,RA,Dec,x,y,maj,min,phi,apfit,mag5sig,Sky,Obs
60684.343589,-22.548,5.536,-4,19,o,0,1.36,75.09581,6.83531,5241.16,6536.39,2.56,1.85,37.7,-0.431,18.86,19.25,02a60684o0308o
60684.34683,20.314,0.744,27,20,o,0,1.21,75.09581,6.83531,5220.65,6498.49,2.56,1.89,37.6,-0.428,18.81,19.22,02a60684o0315o
60684.352484,-19.828,0.587,-42,25,o,0,1.22,75.09581,6.83531,5278.21,6574.03,2.51,1.87,39.2,-0.427,18.46,18.83,02a60684o0326o
60684.362685,19.249,0.378,72,27,o,0,1.23,75.09581,6.83531,5297.0,6460.45,2.65,1.92,40.9,-0.424,18.54,18.96,02a60684o0347o
60684.874429,22.315,7.269,4,31,o,0,1.01,75.09581,6.83531,5349.27,4026.62,2.52,2.24,-60.7,-0.404,18.3,18.74,03a60685o0207o
60684.877614,22.373,8.583,4,35,o,0,0.94,75.09581,6.83531,5369.05,4066.31,2.51,2.31,-60.1,-0.397,18.31,18.72,03a60685o0214o
60684.905657,-21.866,5.485,-6,36,o,0,1.21,75.09581,6.83531,5316.27,3985.9,2.71,2.47,-66.0,-0.391,18.18,18.68,03a60685o0274o
60684.915254,-19.599,0.512,-52,27,o,0,1.13,75.09581,6.83531,5298.67,4103.12,2.66,2.33,-53.2,-0.386,18.29,18.8,03a60685o0295o
60688.464301,-21.849,5.596,-7,37,o,0,1.29,75.09581,6.83531,763.31,4296.22,2.45,2.16,31.6,-0.412,18.01,18.26,02a60688o0120o
60688.468379,20.625,2.032,20,42,o,0,1.0,75.09581,6.83531,743.06,4257.43,2.33,2.13,28.5,-0.412,18.02,18.23,02a60688o0129o
60688.473879,20.798,3.672,17,64,o,0,1.36,75.09581,6.83531,800.79,4334.81,2.39,2.23,28.6,-0.403,17.88,18.05,02a60688o0141o
60688.48489,-19.606,1.314,-52,69,o,0,0.99,75.09581,6.83531,820.61,4218.54,2.46,2.33,37.5,-0.41,17.82,18.0,02a60688o0165o
60688.888614,20.684,1.65,19,32,o,0,1.36,75.09581,6.83531,9744.61,6356.5,2.6,1.98,-58.7,-0.369,18.11,18.38,03a60689o0242o
60688.891766,19.498,0.68,58,39,o,0,1.13,75.09581,6.83531,9764.47,6395.5,2.59,1.99,-60.7,-0.378,18.14,18.32,03a60689o0249o
60688.898131,17.614,1.06,327,347,o,0,1.47,75.09581,6.83531,9710.74,6316.37,2.7,2.11,-60.8,-0.371,16.54,16.29,03a60689o0263o
60688.908569,20.54,1.622,22,36,o,0,1.15,75.09581,6.83531,9690.13,6431.42,2.67,2.03,-59.9,-0.363,18.05,18.2,03a60689o0286o
60690.400796,21.131,1.855,13,24,o,0,0.79,75.09581,6.83531,587.48,385.01,2.18,1.9,-66.7,-0.506,18.8,19.34,02a60690o0435o
60690.404433,20.962,1.402,15,21,o,0,0.98,75.09581,6.83531,570.15,345.07,2.18,1.89,-65.7,-0.515,18.72,19.33,02a60690o0443o
60690.410841,21.223,1.712,12,20,o,0,0.88,75.09581,6.83531,629.11,424.24,2.05,1.82,-71.6,-0.518,18.8,19.31,02a60690o0457o
60690.421452,20.905,1.425,16,22,o,0,1.43,75.09581,6.83531,9964.3,10150.01,2.73,2.41,-55.8,-0.441,18.9,19.41,01a60690o0477o
60690.43249,-21.323,2.065,-11,22,o,0,0.97,75.09581,6.83531,647.7,306.09,2.19,1.9,-65.8,-0.494,18.7,19.21,02a60690o0504o
60690.433525,21.018,1.779,14,25,o,0,0.97,75.09581,6.83531,9974.28,10189.78,3.03,2.57,-55.4,-0.433,18.82,19.35,01a60690o0503o
60690.449862,19.901,0.62,40,25,o,0,0.95,75.09581,6.83531,9907.4,10111.09,2.86,2.68,-62.2,-0.431,18.7,19.25,01a60690o0538o
60690.452679,-19.849,0.549,-42,23,o,0,1.33,75.09581,6.83531,9887.18,10230.98,2.93,2.49,-53.6,-0.426,18.78,19.23,01a60690o0544o
60691.173075,-21.128,3.082,-13,40,o,0,1.42,75.09581,6.83531,9970.19,10136.08,2.36,1.92,1.0,-0.534,18.41,18.85,04a60691o0194o
60691.176237,-19.827,1.348,-43,57,o,0,0.8,75.09581,6.83531,9987.74,10175.58,1.67,1.48,-66.2,-0.752,18.26,18.6,04a60691o0201o
60691.183492,19.223,0.803,74,60,o,0,1.42,75.09581,6.83531,9925.87,10097.06,2.39,1.93,8.1,-0.546,17.75,18.37,04a60691o0217o
60691.195321,19.24,0.798,73,58,o,0,1.41,75.09581,6.83531,9905.86,10215.85,2.22,1.87,-4.4,-0.582,17.89,18.2,04a60691o0243o
60692.362302,19.68,0.355,49,17,o,0,0.96,75.09581,6.83531,898.15,8178.15,2.1,2.03,34.8,-0.45,19.08,20.14,02a60692o0238o
60692.37208,23.02,7.4,2,17,o,0,1.17,75.09581,6.83531,874.08,8138.78,2.07,2.0,10.7,-0.451,19.13,19.9,02a60692o0259o
60692.375244,18.636,3.242,128,414,o,0,1.2,75.09581,6.83531,933.03,8218.45,2.04,2.01,-60.3,-0.492,17.03,17.26,02a60692o0266o
60692.390578,-21.547,1.988,-9,17,o,0,1.07,75.09581,6.83531,955.67,8101.14,2.06,1.96,-31.5,-0.456,19.11,19.84,02a60692o0299o
60692.925447,-21.7,2.612,-8,20,o,0,1.37,75.09581,6.83531,9700.12,2478.45,2.49,2.08,-64.1,-0.378,18.77,19.5,03a60693o0323o
60692.928629,-20.182,0.739,-31,23,o,0,0.83,75.09581,6.83531,9720.55,2518.49,2.4,2.04,-62.4,-0.388,18.77,19.48,03a60693o0330o
60692.951982,-20.374,1.02,-26,26,o,0,0.95,75.09581,6.83531,9663.79,2438.23,2.6,2.12,-68.3,-0.371,18.61,19.28,03a60693o0380o
60692.959741,21.535,2.792,9,25,o,0,1.13,75.09581,6.83531,9638.99,2553.61,2.46,2.15,-62.2,-0.384,18.59,19.2,03a60693o0397o
60694.437315,-22.353,2.848,-4,12,o,0,1.23,75.09581,6.83531,7328.51,5866.78,2.49,2.42,68.2,-0.395,19.24,20.15,01a60694o0501o
60694.456536,21.143,1.149,13,15,o,0,1.23,75.09581,6.83531,7337.98,5906.88,2.65,2.47,58.5,-0.371,19.13,20.03,01a60694o0540o
60694.460217,21.027,1.011,14,14,o,0,1.37,75.09581,6.83531,7280.02,5830.43,2.79,2.6,52.7,-0.367,19.04,19.99,01a60694o0548o
60694.475519,0.0,20.894,0,16,o,0,1.17,75.09581,6.83531,7249.04,5949.53,2.82,2.64,49.9,-0.362,18.99,19.89,01a60694o0580o
60695.14887,23.258,10.083,2,18,o,0,0.92,75.09581,6.83531,7359.82,5847.87,2.31,1.92,-22.1,-0.447,19.06,20.18,04a60695o0254o
60695.153041,21.397,1.6,10,16,o,0,1.25,75.09581,6.83531,7379.76,5886.63,2.24,1.83,-19.9,-0.451,19.08,20.16,04a60695o0263o
60695.159834,23.134,9.769,2,20,o,0,1.4,75.09581,6.83531,7320.96,5809.44,2.24,1.79,-24.8,-0.457,19.02,20.15,04a60695o0278o
60695.169835,21.935,3.14,6,19,o,0,1.08,75.09581,6.83531,7300.74,5926.27,2.24,1.83,-25.7,-0.457,18.96,19.94,04a60695o0300o
60696.369668,-21.731,4.353,-7,32,c,0,1.1,75.09581,6.83531,3284.33,6628.46,2.57,2.26,37.7,-0.395,18.19,19.74,02a60696o0362c
60696.372876,19.836,0.487,42,21,c,0,1.22,75.09581,6.83531,3267.53,6590.16,2.55,2.26,36.3,-0.395,18.76,20.34,02a60696o0369c
60696.378321,20.667,1.0,20,20,c,0,1.05,75.09581,6.83531,3325.36,6667.8,2.58,2.25,36.5,-0.394,18.78,20.43,02a60696o0381c
60696.390762,20.231,0.429,29,13,c,0,0.95,75.09581,6.83531,3347.73,6552.17,2.6,2.27,38.2,-0.392,19.33,21.01,02a60696o0408c
60696.837892,21.698,2.0,8,15,o,0,0.92,75.09581,6.83531,7275.26,3978.53,2.64,2.27,-66.4,-0.408,19.21,20.76,03a60697o0134o
60696.841525,-20.647,0.722,-20,14,o,0,0.91,75.09581,6.83531,7295.24,4019.34,2.84,2.55,-54.6,-0.419,19.13,20.72,03a60697o0142o
60696.846979,19.81,0.37,43,16,o,0,1.05,75.09581,6.83531,7241.2,3940.29,2.92,2.6,-55.2,-0.403,19.09,20.73,03a60697o0154o
60696.880149,21.325,1.311,11,14,o,0,1.87,75.09581,6.83531,7223.66,4055.4,2.94,2.64,-54.6,-0.403,19.07,20.78,03a60697o0226o
60698.360002,-21.813,1.511,-7,10,o,0,1.11,75.09581,6.83531,7454.19,7806.84,2.69,2.59,-89.0,-0.414,19.53,20.92,01a60698o0202o
60698.362787,-22.97,4.125,-2,10,o,0,1.39,75.09581,6.83531,7473.88,7845.15,2.71,2.6,-88.4,-0.412,19.56,20.94,01a60698o0208o
60698.374829,21.434,1.125,10,11,o,0,1.19,75.09581,6.83531,7413.47,7766.22,2.76,2.66,-86.6,-0.403,19.52,20.91,01a60698o0234o
60698.391019,21.194,0.961,12,12,o,0,1.2,75.09581,6.83531,7389.66,7883.09,2.81,2.69,-86.2,-0.404,19.49,20.88,01a60698o0269o
60699.088724,-22.471,2.652,-4,10,c,0,1.25,75.09581,6.83531,7452.01,7779.53,2.56,2.1,-34.6,-0.405,19.42,21.22,04a60699o0138c
60699.091882,-22.615,3.25,-3,11,c,0,1.16,75.09581,6.83531,7471.86,7818.32,2.59,2.1,-35.5,-0.4,19.4,21.24,04a60699o0145c
60699.098675,-21.769,1.444,-7,10,c,0,1.29,75.09581,6.83531,7413.67,7741.23,2.55,2.04,-34.4,-0.41,19.44,21.23,04a60699o0160c
60699.111007,21.981,2.211,6,13,c,0,0.82,75.09581,6.83531,7392.05,7858.77,2.49,2.04,-38.9,-0.41,19.44,21.22,04a60699o0187c
60700.848445,22.805,4.632,3,13,o,0,1.09,75.09581,6.83531,7236.5,2043.53,2.27,1.99,-56.1,-0.438,19.36,20.82,03a60701o0177o
60700.851621,-20.829,0.706,-17,12,o,0,0.93,75.09581,6.83531,7257.77,2083.39,2.25,1.97,-54.7,-0.44,19.37,20.81,03a60701o0184o
60700.857497,21.329,1.239,11,13,o,0,1.11,75.09581,6.83531,7202.01,2003.89,2.39,2.1,-54.6,-0.428,19.29,20.81,03a60701o0197o
60700.870204,21.549,1.286,9,11,o,0,1.91,75.09581,6.83531,7181.33,2119.49,2.36,2.07,-60.7,-0.428,19.28,20.8,03a60701o0225o
60703.08328,24.59,17.75,0,9,c,0,1.5,75.09581,6.83531,1543.9,6117.64,2.25,1.99,77.0,-0.384,19.42,21.12,04a60703o0141c
60703.086452,-21.435,0.893,-10,9,c,0,1.68,75.09581,6.83531,1564.42,6156.47,2.21,1.97,82.1,-0.383,19.39,21.08,04a60703o0148c
60703.096587,-23.093,5.687,-2,12,c,0,0.96,75.09581,6.83531,1506.88,6079.74,2.26,1.95,83.1,-0.385,19.37,21.04,04a60703o0170c
60703.1025,23.69,10.556,1,13,c,0,0.65,75.09581,6.83531,1485.58,6195.85,2.3,1.98,80.7,-0.383,19.33,20.99,04a60703o0183c
60704.367015,-20.177,0.761,-31,24,c,0,0.95,75.09581,6.83531,9174.8,8317.76,2.98,2.88,-30.6,-0.389,18.82,20.55,02a60704o0223c
60704.370222,23.946,20.333,1,20,c,0,1.0,75.09581,6.83531,9155.82,8279.83,2.97,2.89,-47.3,-0.388,18.91,20.65,02a60704o0230c
60704.375684,-21.782,3.235,-7,23,c,0,1.62,75.09581,6.83531,9215.02,8359.14,2.93,2.86,-40.3,-0.383,18.6,20.25,02a60704o0242c
60704.38584,-22.163,5.067,-5,25,c,0,1.22,75.09581,6.83531,9235.86,8242.93,2.83,2.71,-36.2,-0.396,18.77,20.39,02a60704o0264c
60704.838793,20.762,0.755,18,14,o,0,1.64,75.09581,6.83531,1441.81,2167.4,2.53,2.29,-68.5,-0.387,19.11,20.34,03a60705o0146o
60704.846528,20.741,0.686,18,13,o,0,1.37,75.09581,6.83531,1462.27,2205.72,2.46,2.15,-68.5,-0.391,19.18,20.4,03a60705o0163o
60704.849684,-22.597,4.455,-3,15,o,0,1.36,75.09581,6.83531,1407.11,2126.4,2.41,2.11,-66.1,-0.401,19.2,20.4,03a60705o0170o
60704.863722,-20.913,0.907,-16,14,o,0,1.41,75.09581,6.83531,1388.09,2242.2,2.49,2.17,-68.0,-0.397,19.14,20.39,03a60705o0201o
60707.087959,21.681,1.203,8,9,c,0,1.16,75.09581,6.83531,5421.26,5939.08,2.22,1.98,-42.6,-0.374,19.41,21.28,04a60707o0156c
60707.091118,21.768,1.365,7,10,c,0,0.96,75.09581,6.83531,5440.76,5977.98,2.27,2.02,-43.2,-0.373,19.34,21.27,04a60707o0163c
60707.098896,22.087,2.0,5,11,c,0,1.08,75.09581,6.83531,5384.05,5901.7,2.24,1.98,-45.2,-0.377,19.38,21.23,04a60707o0180c
60707.108866,22.3,2.061,4,9,c,0,1.55,75.09581,6.83531,5361.37,6017.41,2.25,1.94,-41.2,-0.378,19.37,21.19,04a60707o0202c
60708.324348,23.936,13.5,1,13,c,0,0.88,75.09581,6.83531,6928.5,630.66,2.7,2.39,-42.8,-0.411,19.44,21.22,02a60708o0262c
60708.328046,20.652,0.573,20,11,c,0,1.09,75.09581,6.83531,6908.3,590.81,2.7,2.38,-39.2,-0.411,19.45,21.22,02a60708o0270c
60708.333556,21.384,1.129,10,12,c,0,1.06,75.09581,6.83531,6964.8,670.69,2.75,2.39,-44.8,-0.403,19.46,21.22,02a60708o0282c
60708.34507,-20.661,0.5,-20,10,c,0,1.75,75.09581,6.83531,6986.44,554.18,2.72,2.36,-54.0,-0.408,19.41,21.17,02a60708o0307c
60708.81742,-21.229,1.111,-12,13,o,0,1.76,75.09581,6.83531,3520.6,9879.11,2.73,2.34,-40.3,-0.381,19.21,20.5,03a60709o0118o
60708.821037,-23.975,17.4,-1,16,o,0,1.36,75.09581,6.83531,3540.56,9918.55,2.75,2.34,-38.6,-0.384,19.24,20.53,03a60709o0126o
60708.826482,19.941,0.41,38,16,o,0,1.04,75.09581,6.83531,3486.76,9839.4,2.84,2.47,-41.6,-0.383,19.15,20.57,03a60709o0138o
60708.859172,-21.719,2.22,-8,16,o,0,0.82,75.09581,6.83531,3468.51,9953.31,2.69,2.29,-39.0,-0.388,19.2,20.54,03a60709o0209o
60711.070282,22.635,6.412,3,21,o,0,1.37,75.09581,6.83531,7552.44,9725.62,2.35,2.08,-45.8,-0.427,18.9,19.92,04a60711o0051o
60711.073003,20.262,0.766,28,22,o,0,1.27,75.09581,6.83531,7572.29,9764.61,2.32,1.95,-26.6,-0.412,18.9,19.95,04a60711o0057o
60711.077974,-21.795,3.0,-7,21,o,0,1.26,75.09581,6.83531,7512.52,9686.36,2.38,2.01,-42.7,-0.422,18.94,19.95,04a60711o0068o
60711.099952,-21.505,3.357,-9,30,o,0,0.63,75.09581,6.83531,7495.0,9806.11,2.25,1.98,-32.0,-0.407,18.77,19.74,04a60711o0116o
60712.318358,22.058,4.85,6,26,o,0,0.87,75.09581,6.83531,7157.67,6458.56,2.34,2.09,44.2,-0.443,18.69,19.14,02a60712o0230o
60712.321537,-19.44,0.37,-61,22,o,0,1.47,75.09581,6.83531,7138.1,6419.96,2.27,2.03,48.9,-0.44,18.6,19.02,02a60712o0237o
60712.327449,20.287,0.933,28,26,o,0,0.94,75.09581,6.83531,7194.51,6498.71,2.27,2.08,45.7,-0.44,18.64,19.02,02a60712o0250o
60712.345771,20.112,0.785,33,26,o,0,0.94,75.09581,6.83531,7214.98,6381.17,2.41,2.19,46.1,-0.43,18.61,19.1,02a60712o0290o
60712.794398,23.415,19.5,2,30,o,0,1.04,75.09581,6.83531,3417.87,4069.82,2.47,2.15,-60.9,-0.381,18.36,18.76,03a60713o0073o
60712.80445,23.492,22.222,2,32,o,0,0.93,75.09581,6.83531,3439.55,4108.25,2.48,2.19,-60.5,-0.38,18.33,18.76,03a60713o0095o
60712.807625,20.024,0.973,36,34,o,0,0.83,75.09581,6.83531,3385.29,4029.61,2.46,2.18,-57.2,-0.387,18.34,18.75,03a60713o0102o
