MJD,m,dm,uJy,duJy,F,err,chi/N,RA,Dec,x,y,maj,min,phi,apfit,mag5sig,Sky,Obs
60682.439703,-19.309,0.256,-69,18,o,0,0.94,105.99019,27.90236,1186.94,2613.2,2.02,1.94,33.6,-0.453,19.46,20.52,02a60682o0522o
60682.46431,-19.647,0.455,-50,23,o,0,0.75,105.99019,27.90236,1163.03,2569.78,2.04,1.94,29.4,-0.449,19.46,20.68,02a60682o0571o
60682.467303,-19.099,0.141,-83,12,o,0,2.03,105.99019,27.90236,1222.68,2649.08,2.05,1.92,36.4,-0.45,19.52,20.69,02a60682o0577o
60682.491916,-19.498,0.216,-58,12,o,0,1.44,105.99019,27.90236,1236.83,2528.0,2.09,1.96,36.5,-0.451,19.41,20.6,02a60682o0628o
60684.368818,20.997,1.112,14,16,o,0,1.38,105.99019,27.90236,4622.34,6652.44,2.76,2.49,50.0,-0.366,19.03,19.8,01a60684o0354o
60684.371617,22.197,3.667,5,18,o,0,0.84,105.99019,27.90236,4603.53,6612.08,2.61,2.36,48.8,-0.377,19.12,19.8,01a60684o0360o
60684.374839,-19.761,0.432,-45,20,o,0,0.91,105.99019,27.90236,4658.77,6689.88,2.74,2.44,45.4,-0.365,19.07,19.81,01a60684o0367o
60684.401269,-19.567,0.294,-54,16,o,0,1.09,105.99019,27.90236,4676.09,6574.16,2.85,2.47,46.9,-0.358,19.13,19.9,01a60684o0421o
60691.472677,-21.185,1.743,-12,21,o,0,0.75,105.99019,27.90236,7444.89,10002.71,2.45,2.35,-72.0,-0.434,19.0,19.46,01a60691o0358o
60691.476454,22.505,5.5,4,20,o,0,1.51,105.99019,27.90236,7465.85,10041.4,2.56,2.41,-54.0,-0.427,18.97,19.45,01a60691o0366o
60691.486356,24.386,32.2,1,21,o,0,1.11,105.99019,27.90236,7402.97,9963.74,2.52,2.4,-76.8,-0.437,18.92,19.38,01a60691o0387o
60691.492915,21.469,2.338,9,22,o,0,1.03,105.99019,27.90236,7384.68,10080.98,2.65,2.51,-74.1,-0.416,18.86,19.35,01a60691o0401o
60692.461816,-20.466,0.748,-24,18,o,0,1.17,105.99019,27.90236,2982.18,2248.68,2.44,2.19,42.1,-0.453,19.09,19.73,01a60692o0514o
60692.465013,20.976,1.341,15,20,o,0,0.94,105.99019,27.90236,3001.98,2287.04,2.45,2.18,37.6,-0.454,19.13,19.74,01a60692o0521o
60692.470518,-20.03,0.528,-35,19,o,0,1.03,105.99019,27.90236,2943.69,2207.11,2.44,2.19,40.1,-0.45,19.13,19.73,01a60692o0533o
60692.483086,-20.828,1.313,-17,22,o,0,0.75,105.99019,27.90236,2923.77,2321.9,2.41,2.17,41.9,-0.458,19.1,19.72,01a60692o0559o
60693.424767,-20.417,0.718,-25,18,o,0,0.84,105.99019,27.90236,7533.9,8341.42,2.21,2.12,54.2,-0.435,19.18,20.02,02a60693o0465o
60693.428851,-20.274,0.708,-28,20,o,0,1.33,105.99019,27.90236,7514.12,8301.32,2.2,2.11,56.3,-0.435,19.23,19.99,02a60693o0473o
60693.434295,-21.326,1.488,-11,16,o,0,1.6,105.99019,27.90236,7572.05,8382.39,2.21,2.15,63.7,-0.434,19.21,20.01,02a60693o0485o
60693.445379,-21.25,1.762,-12,20,o,0,0.81,105.99019,27.90236,7590.39,8266.1,2.35,2.28,44.5,-0.416,19.16,20.04,02a60693o0509o
60694.418311,-19.642,0.31,-50,16,o,0,2.04,105.99019,27.90236,2566.41,4832.05,2.82,2.43,29.4,-0.422,19.07,20.27,02a60694o0460o
60694.421516,-18.883,0.122,-102,12,o,0,3.82,105.99019,27.90236,2548.53,4792.59,2.77,2.4,31.6,-0.429,19.12,20.26,02a60694o0467o
60694.42698,-19.123,0.197,-81,16,o,0,2.98,105.99019,27.90236,2604.67,4869.62,2.77,2.35,27.2,-0.421,19.07,20.26,02a60694o0479o
60694.438033,-18.85,0.16,-105,17,o,0,1.48,105.99019,27.90236,2622.54,4751.13,2.66,2.27,27.6,-0.431,19.15,20.29,02a60694o0502o
60695.364852,15.728,0.007,1858,12,o,0,1075.42,105.99019,27.90236,2602.58,4824.67,2.52,2.21,46.6,-0.431,19.45,20.57,01a60695o0346o
60695.400029,-20.719,0.68,-19,13,o,0,1.21,105.99019,27.90236,7991.06,5768.36,2.55,2.47,54.9,-0.396,19.42,20.52,01a60695o0418o
60695.408539,22.769,4.667,3,13,o,0,1.44,105.99019,27.90236,7936.01,5688.87,2.67,2.53,52.9,-0.386,19.37,20.49,01a60695o0435o
60695.411754,-20.318,0.455,-27,12,o,0,1.11,105.99019,27.90236,7916.6,5804.92,2.62,2.42,46.5,-0.389,19.4,20.5,01a60695o0442o
60696.387315,-19.879,0.34,-41,14,o,0,1.02,105.99019,27.90236,7873.33,3796.44,2.52,2.43,44.9,-0.413,19.56,20.81,01a60696o0393o
60696.391568,-20.946,0.77,-15,12,o,0,1.45,105.99019,27.90236,7892.65,3833.43,2.5,2.4,51.3,-0.413,19.55,20.8,01a60696o0402o
60696.39691,-21.299,1.107,-11,12,o,0,1.52,105.99019,27.90236,7836.52,3756.17,2.52,2.44,51.5,-0.412,19.35,20.6,01a60696o0413o
60696.407284,-19.878,0.326,-41,13,o,0,0.87,105.99019,27.90236,7817.64,3869.75,2.52,2.38,52.3,-0.408,19.37,20.61,01a60696o0433o
60697.277705,20.474,0.543,24,13,o,0,1.74,105.99019,27.90236,4119.62,5940.14,2.06,1.92,36.3,-0.447,19.42,20.53,02a60697o0151o
60697.283844,-21.677,1.893,-8,15,o,0,0.86,105.99019,27.90236,4107.81,5939.09,2.1,1.83,30.2,-0.446,19.45,20.56,02a60697o0162o
60699.388118,-19.996,0.295,-36,11,o,0,1.57,105.99019,27.90236,5144.06,7688.84,2.9,2.66,42.7,-0.353,19.47,20.89,01a60699o0383o
60699.391811,23.156,6.125,2,12,o,0,0.93,105.99019,27.90236,5163.23,7727.36,2.64,2.38,46.9,-0.374,19.57,20.9,01a60699o0391o
60699.402059,-20.823,0.626,-17,11,o,0,1.45,105.99019,27.90236,5105.85,7647.82,2.66,2.47,50.1,-0.373,19.55,20.87,01a60699o0411o
60699.408998,-21.251,1.174,-12,14,o,0,1.26,105.99019,27.90236,5090.13,7763.15,3.09,2.81,43.5,-0.34,19.36,20.82,01a60699o0426o
60700.451609,21.523,1.38,9,12,o,0,1.31,105.99019,27.90236,817.68,1815.57,2.44,2.3,54.9,-0.426,19.44,20.7,01a60700o0269o
60700.45448,-20.426,0.466,-24,11,o,0,1.4,105.99019,27.90236,838.56,1855.21,2.45,2.33,54.1,-0.427,19.51,20.75,01a60700o0275o
60700.460079,-20.207,0.507,-30,15,o,0,1.02,105.99019,27.90236,781.53,1774.74,2.39,2.27,45.8,-0.43,19.22,20.47,01a60700o0287o
60700.470935,22.018,2.431,6,14,o,0,1.39,105.99019,27.90236,761.52,1889.25,2.4,2.23,55.5,-0.418,19.52,20.75,01a60700o0310o
60703.405571,-21.697,1.222,-8,9,o,0,1.75,105.99019,27.90236,2142.28,6022.3,2.81,2.45,51.8,-0.401,19.45,20.84,01a60703o0248o
60703.408848,21.601,1.79,8,15,o,0,1.01,105.99019,27.90236,2164.04,6060.8,2.66,2.44,48.7,-0.411,19.52,20.87,01a60703o0255o
60703.414834,-19.536,0.217,-56,12,o,0,1.02,105.99019,27.90236,2105.61,5981.79,2.77,2.42,44.5,-0.398,19.5,20.86,01a60703o0268o
60703.56746,-20.649,0.863,-20,17,o,0,1.02,105.99019,27.90236,2068.17,6082.13,3.0,2.61,44.4,-0.379,19.18,20.32,01a60703o0291o
60704.392796,-19.395,0.301,-63,19,o,0,1.23,105.99019,27.90236,4886.43,2163.82,2.5,2.25,39.4,-0.429,19.08,20.27,01a60704o0415o
60704.396012,-19.34,0.262,-67,18,o,0,0.85,105.99019,27.90236,4905.21,2202.55,2.54,2.28,42.7,-0.424,19.05,20.25,01a60704o0422o
60704.401557,23.458,12.875,2,19,o,0,1.23,105.99019,27.90236,4850.66,2123.45,2.51,2.26,41.9,-0.427,18.97,20.16,01a60704o0434o
60704.413006,-19.04,0.225,-88,20,o,0,1.68,105.99019,27.90236,4833.31,2237.66,2.57,2.29,41.4,-0.422,18.87,20.06,01a60704o0457o
60708.365405,-19.974,0.365,-37,14,o,0,0.86,105.99019,27.90236,1254.58,9813.81,2.61,2.53,-73.0,-0.435,19.46,20.74,01a60708o0348o
60708.368379,-20.013,0.409,-36,15,o,0,1.13,105.99019,27.90236,1276.1,9852.94,2.7,2.64,-63.4,-0.423,19.43,20.73,01a60708o0354o
60708.400225,20.767,0.773,18,14,o,0,1.14,105.99019,27.90236,1221.12,9768.22,2.68,2.51,-88.7,-0.441,19.48,20.76,01a60708o0421o
60708.406193,-21.177,1.185,-12,15,o,0,1.38,105.99019,27.90236,1201.87,9885.71,2.79,2.63,-81.4,-0.434,19.4,20.75,01a60708o0434o
60709.373262,-20.797,0.698,-17,12,c,0,1.74,105.99019,27.90236,9304.56,804.5,2.56,2.07,-58.8,-0.436,19.51,21.25,02a60709o0366c
60709.376078,-22.462,3.759,-4,14,c,0,0.91,105.99019,27.90236,9285.99,766.82,2.48,2.05,-60.4,-0.436,19.54,21.27,02a60709o0372c
60709.410981,-22.503,2.815,-4,10,c,0,1.82,105.99019,27.90236,9343.1,841.49,2.6,2.0,-59.6,-0.438,19.56,21.24,02a60709o0446c
60709.41647,-21.406,1.442,-10,14,c,0,1.24,105.99019,27.90236,9365.28,726.25,2.53,2.0,-59.2,-0.434,19.57,21.24,02a60709o0458c
60710.35611,-19.355,0.226,-66,15,o,0,2.32,105.99019,27.90236,5322.24,960.15,1.95,1.81,-64.5,-0.46,19.43,20.41,02a60710o0328o
60710.385115,21.364,1.402,10,14,o,0,1.11,105.99019,27.90236,4090.95,5936.87,2.6,2.41,50.3,-0.389,19.39,20.53,01a60710o0344o
60710.389994,-19.673,0.352,-49,17,o,0,0.81,105.99019,27.90236,5299.46,917.07,2.0,1.91,-46.9,-0.453,19.37,20.46,02a60710o0396o
60710.392715,-21.325,1.248,-11,13,o,0,1.23,105.99019,27.90236,5359.09,996.47,1.97,1.91,-39.2,-0.453,19.41,20.46,02a60710o0402o
60710.398046,23.469,8.733,2,13,o,0,1.69,105.99019,27.90236,5382.18,878.03,1.95,1.88,-28.2,-0.449,19.39,20.45,02a60710o0413o
60711.243134,23.742,16.125,1,19,o,0,1.05,105.99019,27.90236,4142.5,5912.89,2.39,2.22,34.6,-0.434,19.02,19.96,02a60711o0077o
60711.246339,-20.104,0.443,-33,15,o,0,1.38,105.99019,27.90236,6475.73,4599.58,2.76,2.51,42.0,-0.39,19.15,20.07,01a60711o0089o
60711.251524,-20.374,0.623,-26,16,o,0,3.31,105.99019,27.90236,6536.08,4679.03,2.83,2.74,36.3,-0.399,19.07,20.1,01a60711o0099o
