MJD,m,dm,uJy,duJy,F,err,chi/N,RA,Dec,x,y,maj,min,phi,apfit,mag5sig,Sky,Obs
60689.279348,-22.814,10.4,-3,28,o,0,1.01,32.30325,18.93197,3559.28,7405.62,2.42,2.13,35.0,-0.421,18.64,19.05,02a60689o0172o
60690.317742,-20.259,0.795,-29,23,o,0,0.96,32.30325,18.93197,3453.24,3523.38,2.21,1.98,33.5,-0.449,18.88,19.38,02a60690o0254o
60690.320933,-21.441,2.25,-10,22,o,0,1.21,32.30325,18.93197,3434.92,3484.32,2.26,2.06,32.7,-0.444,18.78,19.36,02a60690o0261o
60690.338849,21.881,3.786,6,24,o,0,1.09,32.30325,18.93197,3496.06,3559.35,2.48,2.3,38.4,-0.427,18.64,19.28,02a60690o0300o
60690.345334,-20.33,0.838,-27,22,o,0,1.12,32.30325,18.93197,3515.64,3443.26,2.48,2.31,34.5,-0.403,18.62,19.25,02a60690o0314o
60691.348777,20.032,0.674,35,24,o,0,0.79,32.30325,18.93197,7072.87,7027.55,2.76,2.55,53.4,-0.381,18.81,19.38,01a60691o0091o
60691.351988,20.805,1.26,17,22,o,0,0.93,32.30325,18.93197,7092.07,7066.5,2.65,2.51,57.2,-0.39,18.84,19.37,01a60691o0098o
60691.35846,-20.47,0.79,-24,19,o,0,1.69,32.30325,18.93197,7028.52,6989.54,2.74,2.6,65.6,-0.385,18.76,19.33,01a60691o0112o
60691.369978,-21.24,1.907,-12,22,o,0,1.18,32.30325,18.93197,7002.56,7107.9,2.74,2.62,86.1,-0.402,18.72,19.25,01a60691o0137o
60692.259252,-21.05,0.991,-14,14,o,0,1.02,32.30325,18.93197,4693.04,1101.53,2.21,1.94,-60.3,-0.465,19.33,20.46,02a60692o0124o
60692.274839,19.965,0.369,38,14,o,0,0.99,32.30325,18.93197,4671.52,1060.65,2.27,1.99,-59.6,-0.464,19.37,20.49,02a60692o0158o
60692.28128,22.548,3.516,4,12,o,0,1.05,32.30325,18.93197,4729.41,1137.23,2.19,1.87,-54.6,-0.46,19.38,20.46,02a60692o0170o
60692.286558,-21.882,2.2,-6,14,o,0,0.96,32.30325,18.93197,4746.47,1018.44,2.25,2.11,-66.3,-0.443,19.27,20.42,02a60692o0181o
60692.368821,-21.935,3.359,-6,20,o,0,1.24,32.30325,18.93197,5842.57,9465.32,2.8,2.64,67.9,-0.378,18.81,19.48,01a60692o0318o
60692.37552,23.825,23.429,1,25,o,0,0.71,32.30325,18.93197,5855.56,9503.86,2.77,2.51,-51.2,-0.406,18.85,19.37,01a60692o0331o
60692.379661,-20.013,0.514,-36,18,o,0,1.82,32.30325,18.93197,5798.35,9427.04,2.67,2.51,67.9,-0.395,18.8,19.34,01a60692o0340o
60693.368475,-21.377,2.232,-10,23,o,0,1.31,32.30325,18.93197,4685.64,1091.47,2.38,2.25,-64.8,-0.425,18.7,19.4,02a60693o0345o
60693.372228,21.573,2.868,8,24,o,0,1.04,32.30325,18.93197,4666.07,1051.87,2.49,2.34,-65.2,-0.421,18.59,19.32,02a60693o0353o
60693.379725,-21.846,3.651,-7,24,o,0,1.22,32.30325,18.93197,4721.58,1128.24,2.42,2.25,-58.6,-0.431,18.6,19.29,02a60693o0369o
60693.394458,-20.527,1.205,-22,27,o,0,0.98,32.30325,18.93197,4743.11,1013.01,2.37,2.26,-59.8,-0.423,18.46,19.11,02a60693o0400o
60694.275934,21.037,0.862,14,12,c,0,0.95,32.30325,18.93197,5844.21,7788.87,2.69,2.62,26.1,-0.401,19.38,21.03,02a60694o0159c
60694.279152,20.996,0.78,14,11,c,0,1.75,32.30325,18.93197,5825.01,7750.87,2.71,2.63,27.4,-0.403,19.35,21.03,02a60694o0166c
60694.297859,-19.917,0.319,-39,12,c,0,1.3,32.30325,18.93197,5881.92,7828.45,2.73,2.66,25.4,-0.399,19.34,20.96,02a60694o0207c
60694.304237,-21.9,2.375,-6,15,c,0,0.96,32.30325,18.93197,5902.42,7713.25,2.83,2.8,2.7,-0.392,19.27,20.94,02a60694o0221c
60695.24574,-20.913,0.902,-16,14,o,0,0.82,32.30325,18.93197,4678.6,2782.07,2.73,2.42,48.4,-0.408,19.33,20.52,01a60695o0092o
60695.249037,21.791,1.882,7,13,o,0,0.85,32.30325,18.93197,4698.31,2820.9,2.8,2.36,47.6,-0.409,19.32,20.42,01a60695o0099o
60695.254212,-20.483,0.558,-23,13,o,0,1.32,32.30325,18.93197,4640.52,2742.13,2.69,2.39,47.8,-0.423,19.33,20.43,01a60695o0110o
60695.264432,-22.472,3.333,-4,12,o,0,1.1,32.30325,18.93197,4621.4,2857.53,2.71,2.46,46.5,-0.409,19.32,20.39,01a60695o0132o
60696.259931,-23.25,6.312,-2,12,o,0,1.15,32.30325,18.93197,4576.91,829.51,2.3,2.22,47.2,-0.478,19.4,20.36,01a60696o0122o
60696.264098,20.465,0.514,24,12,o,0,1.18,32.30325,18.93197,4596.83,868.6,2.27,2.21,39.3,-0.486,19.42,20.35,01a60696o0131o
60696.270592,-22.427,3.576,-4,14,o,0,1.05,32.30325,18.93197,4537.23,789.22,2.32,2.29,47.4,-0.476,19.34,20.32,01a60696o0145o
60696.284083,-20.613,0.738,-21,15,o,0,0.84,32.30325,18.93197,4518.91,906.98,2.36,2.29,49.3,-0.468,19.35,20.31,01a60696o0174o
60699.25203,-22.134,1.971,-5,10,o,0,1.48,32.30325,18.93197,4780.42,4717.17,2.75,2.56,45.7,-0.404,19.38,20.59,01a60699o0094o
60699.255234,-24.832,29.333,0,12,o,0,1.35,32.30325,18.93197,4800.42,4755.12,2.69,2.52,48.0,-0.412,19.37,20.59,01a60699o0101o
60699.262209,-23.128,5.071,-2,10,o,0,1.89,32.30325,18.93197,4742.77,4677.44,2.72,2.57,47.1,-0.408,19.41,20.59,01a60699o0116o
60699.272626,22.369,2.517,4,10,o,0,1.84,32.30325,18.93197,4721.83,4793.56,2.79,2.45,44.1,-0.403,19.38,20.58,01a60699o0138o
60700.334165,-20.692,0.782,-19,15,o,0,1.29,32.30325,18.93197,3552.31,9071.77,2.95,2.84,86.3,-0.383,19.14,20.28,01a60700o0018o
60700.337437,22.332,4.19,4,18,o,0,0.97,32.30325,18.93197,3569.44,9110.42,3.26,3.06,65.3,-0.348,19.03,20.25,01a60700o0025o
60700.34304,-20.575,0.678,-21,14,o,0,1.08,32.30325,18.93197,3508.35,9032.49,2.78,2.5,62.8,-0.385,19.18,20.22,01a60700o0037o
60700.354706,20.727,0.959,19,18,o,0,0.98,32.30325,18.93197,3483.61,9150.19,2.86,2.54,63.1,-0.362,19.12,20.12,01a60700o0062o
60703.305595,22.469,3.462,4,13,o,0,1.59,32.30325,18.93197,8890.3,3036.14,2.61,2.56,-81.8,-0.419,19.25,20.35,01a60703o0034o
60703.308818,-20.482,0.532,-23,12,o,0,1.36,32.30325,18.93197,8909.7,3075.03,2.52,2.47,-80.6,-0.423,19.26,20.33,01a60703o0041o
60703.314905,-20.419,0.546,-25,14,o,0,1.26,32.30325,18.93197,8849.05,2998.93,2.62,2.54,36.3,-0.405,19.22,20.32,01a60703o0054o
60703.32647,22.678,5.333,3,16,o,0,0.62,32.30325,18.93197,8823.22,3117.77,2.67,2.47,-67.4,-0.44,19.22,20.24,01a60703o0079o
60704.263605,-21.538,1.796,-9,16,o,0,1.44,32.30325,18.93197,7838.25,9352.79,2.67,2.37,-57.4,-0.453,19.23,20.28,01a60704o0141o
60704.267279,-20.478,0.694,-23,16,o,0,1.03,32.30325,18.93197,7856.85,9391.35,2.64,2.38,-58.8,-0.449,19.27,20.32,01a60704o0149o
60704.274677,20.482,0.737,23,17,o,0,1.35,32.30325,18.93197,7797.51,9314.74,3.11,2.99,-80.1,-0.42,18.97,20.25,01a60704o0165o
60704.284908,24.623,32.333,0,17,o,0,1.44,32.30325,18.93197,7773.91,9432.33,2.71,2.41,-53.1,-0.447,19.19,20.24,01a60704o0187o
60708.216136,-20.108,0.527,-33,17,o,0,1.36,32.30325,18.93197,972.48,6831.36,2.55,2.33,51.3,-0.433,18.91,19.4,01a60708o0033o
60708.219353,-20.441,0.672,-24,16,o,0,0.96,32.30325,18.93197,992.99,6869.01,2.45,2.26,47.3,-0.451,19.15,19.85,01a60708o0040o
60708.227381,21.59,1.808,8,15,o,0,0.72,32.30325,18.93197,935.94,6789.88,2.4,2.23,47.0,-0.453,19.33,20.23,01a60708o0057o
60708.251445,-20.572,0.539,-21,12,o,0,1.64,32.30325,18.93197,914.14,6905.18,2.45,2.3,42.9,-0.441,19.37,20.33,01a60708o0108o
60709.229729,20.972,0.822,15,12,o,0,2.18,32.30325,18.93197,9581.29,3773.24,2.17,1.85,-61.8,-0.456,19.17,19.91,02a60709o0060o
60709.233832,20.146,0.505,32,16,o,0,1.29,32.30325,18.93197,9561.87,3733.51,2.16,1.81,-58.4,-0.467,19.24,20.0,02a60709o0069o
60709.239822,22.396,4.0,4,16,o,0,1.07,32.30325,18.93197,9620.07,3811.06,2.18,1.8,-58.3,-0.469,19.2,19.94,02a60709o0082o
60709.253173,20.858,0.944,16,16,o,0,1.18,32.30325,18.93197,9641.47,3693.9,2.27,1.84,-54.9,-0.468,19.2,19.95,02a60709o0111o
60712.25615,22.305,4.743,4,21,o,0,1.15,32.30325,18.93197,716.58,977.04,2.39,2.35,58.9,-0.449,18.67,18.98,01a60712o0096o
60712.258936,-20.183,0.798,-31,24,o,0,0.93,32.30325,18.93197,735.95,1016.95,2.38,2.34,18.5,-0.452,18.67,18.97,01a60712o0102o
60712.265995,20.312,0.967,27,26,o,0,0.89,32.30325,18.93197,675.24,936.67,2.41,2.37,-31.7,-0.457,18.67,18.94,01a60712o0117o
