MJD,m,dm,uJy,duJy,F,err,chi/N,RA,Dec,x,y,maj,min,phi,apfit,mag5sig,Sky,Obs
60685.097483,20.269,0.675,28,19,o,0,1.28,41.90417,-28.44845,4439.92,1168.45,1.93,1.88,6.8,-0.438,18.86,19.6,04a60685o0146o
60685.100346,20.086,0.533,34,18,o,0,1.36,41.90417,-28.44845,4457.21,1206.83,1.91,1.86,29.1,-0.453,18.9,19.62,04a60685o0152o
60685.106267,20.195,0.568,30,17,o,0,1.31,41.90417,-28.44845,4398.67,1129.13,1.89,1.87,36.7,-0.438,18.89,19.59,04a60685o0165o
60685.11707,-21.246,2.156,-12,25,o,0,0.91,41.90417,-28.44845,4382.05,1249.42,2.07,1.94,-37.4,-0.426,18.77,19.42,04a60685o0187o
60686.095333,-19.779,0.597,-44,27,o,0,0.85,41.90417,-28.44845,5903.01,6979.95,2.0,1.77,-29.1,-0.436,18.67,19.25,04a60686o0143o
60686.098519,20.201,0.816,30,25,o,0,1.26,41.90417,-28.44845,5919.99,7016.54,1.94,1.74,-37.0,-0.428,18.68,19.24,04a60686o0150o
60686.105391,-21.721,3.333,-7,25,o,0,0.83,41.90417,-28.44845,5863.54,6941.59,1.91,1.72,-27.3,-0.436,18.65,19.17,04a60686o0165o
60686.116669,19.968,0.83,37,31,o,0,0.88,41.90417,-28.44845,5845.07,7056.99,1.89,1.7,-36.4,-0.441,18.62,19.1,04a60686o0189o
60686.838178,-21.68,2.367,-8,18,o,0,1.66,41.90417,-28.44845,5842.85,7002.13,2.52,2.14,-47.8,-0.409,18.76,19.42,03a60687o0128o
60686.841025,21.049,1.705,14,24,o,0,0.66,41.90417,-28.44845,5863.72,7041.66,2.49,2.14,-48.8,-0.421,18.76,19.42,03a60687o0134o
60686.847384,20.884,1.458,16,24,o,0,1.28,41.90417,-28.44845,5807.75,6962.69,2.63,2.18,-47.4,-0.399,18.7,19.37,03a60687o0148o
60686.88376,20.016,0.606,36,22,o,0,1.08,41.90417,-28.44845,5789.99,7077.87,2.39,2.14,-42.3,-0.44,18.71,19.27,03a60687o0169o
60687.834014,22.115,5.034,5,26,o,0,0.94,41.90417,-28.44845,8754.35,3538.41,2.7,2.27,-61.5,-0.394,18.57,19.27,03a60688o0120o
60687.837208,-20.476,1.161,-23,27,o,0,1.01,41.90417,-28.44845,8772.25,3577.97,2.79,2.42,-61.1,-0.397,18.52,19.26,03a60688o0127o
60687.842659,20.104,0.809,33,27,o,0,1.24,41.90417,-28.44845,8715.61,3497.34,2.85,2.5,-60.1,-0.406,18.45,19.23,03a60688o0139o
60687.857476,19.872,0.643,41,26,o,0,1.32,41.90417,-28.44845,8696.63,3612.16,2.85,2.47,-58.5,-0.39,18.44,19.15,03a60688o0171o
60689.105258,-20.397,1.677,-25,42,o,0,0.95,41.90417,-28.44845,8732.43,3435.76,2.32,1.93,-25.6,-0.452,18.48,18.92,04a60689o0107o
60689.108514,20.215,1.262,30,38,o,0,0.96,41.90417,-28.44845,8750.31,3475.33,2.37,2.0,-24.1,-0.434,18.43,18.88,04a60689o0114o
60689.113821,24.947,84.0,0,32,o,0,1.33,41.90417,-28.44845,8691.41,3395.9,2.51,1.94,-24.7,-0.405,18.46,18.89,04a60689o0125o
60689.12934,20.207,1.199,30,36,o,0,1.41,41.90417,-28.44845,8671.79,3513.73,2.47,1.97,-22.9,-0.409,18.41,18.79,04a60689o0158o
60690.081756,-18.846,0.474,-105,50,o,0,1.88,41.90417,-28.44845,10045.68,7337.32,2.59,1.91,-4.4,-0.393,18.11,18.57,04a60690o0115o
60690.085921,20.032,1.188,35,42,o,0,1.23,41.90417,-28.44845,10064.26,7377.63,2.58,1.91,-3.9,-0.421,18.54,19.13,04a60690o0124o
60690.092344,19.911,0.904,39,36,o,0,1.36,41.90417,-28.44845,10005.29,7299.27,2.61,1.84,-4.2,-0.423,18.63,19.3,04a60690o0138o
60690.096579,19.909,0.621,40,24,o,0,1.22,41.90417,-28.44845,145.79,7372.87,2.41,2.02,-85.3,-0.386,18.66,19.34,04a60690o0147o
60690.101724,20.677,1.757,20,34,o,0,1.12,41.90417,-28.44845,87.54,7295.72,2.5,2.05,85.3,-0.357,18.68,19.33,04a60690o0158o
60690.105437,-21.787,5.767,-7,40,o,0,1.26,41.90417,-28.44845,9982.44,7415.71,2.62,1.83,-4.2,-0.424,18.6,19.27,04a60690o0166o
60690.114423,19.347,0.704,66,47,o,0,0.66,41.90417,-28.44845,64.62,7414.23,2.61,2.05,84.8,-0.341,18.64,19.25,04a60690o0185o
60690.82466,-21.525,2.293,-9,20,o,0,1.35,41.90417,-28.44845,9969.44,7463.86,3.08,2.48,-51.6,-0.384,18.87,19.86,03a60691o0101o
60690.825562,-20.726,1.127,-19,21,o,0,1.17,41.90417,-28.44845,75.6,7207.62,3.06,2.74,-53.9,-0.362,18.84,19.93,03a60691o0103o
60690.828346,20.83,1.236,17,21,o,0,1.47,41.90417,-28.44845,9987.42,7503.85,3.14,2.63,-48.4,-0.378,18.76,19.82,03a60691o0109o
60690.829827,19.722,0.47,47,22,o,0,1.18,41.90417,-28.44845,94.44,7248.22,3.05,2.72,-61.8,-0.365,18.78,19.87,03a60691o0112o
60690.833976,-21.688,2.919,-8,22,o,0,1.03,41.90417,-28.44845,9933.92,7423.56,3.01,2.4,-50.9,-0.39,18.79,19.75,03a60691o0121o
60690.835342,-20.924,1.477,-16,23,o,0,1.04,41.90417,-28.44845,41.67,7170.52,3.08,2.79,-50.2,-0.355,18.79,19.81,03a60691o0124o
60690.84635,-21.22,1.879,-12,22,o,0,1.28,41.90417,-28.44845,9911.8,7538.74,3.01,2.36,-49.2,-0.384,18.78,19.65,03a60691o0148o
60691.813207,21.221,1.098,12,13,o,0,1.69,41.90417,-28.44845,10529.38,9899.29,2.81,2.12,-51.4,-0.44,19.42,20.89,03a60692o0077o
60691.817778,20.826,0.865,17,15,o,0,1.17,41.90417,-28.44845,793.59,9643.16,2.66,2.37,-47.3,-0.444,19.39,20.8,03a60692o0087o
60691.820567,19.929,0.417,39,16,o,0,1.32,41.90417,-28.44845,813.67,9682.3,2.65,2.39,-44.6,-0.443,19.36,20.71,03a60692o0093o
60691.823297,20.996,1.306,14,19,o,0,1.15,41.90417,-28.44845,10510.63,10015.78,2.99,2.18,-51.0,-0.467,19.27,20.54,03a60692o0099o
60691.826469,20.848,1.0,17,17,o,0,1.19,41.90417,-28.44845,761.82,9604.5,2.65,2.32,-48.7,-0.456,19.28,20.51,03a60692o0106o
60691.836911,21.281,1.8,11,20,o,0,1.12,41.90417,-28.44845,740.95,9722.46,2.74,2.41,-45.9,-0.442,19.13,20.22,03a60692o0129o
60693.064721,21.654,2.023,8,16,o,0,0.89,41.90417,-28.44845,911.55,9748.57,2.77,1.99,-75.0,-0.396,19.31,20.75,04a60693o0080o
60693.067923,-21.23,1.375,-12,16,o,0,0.95,41.90417,-28.44845,931.75,9787.34,2.71,1.99,-75.4,-0.409,19.32,20.71,04a60693o0087o
60693.075351,-22.736,4.687,-3,14,o,0,1.32,41.90417,-28.44845,875.19,9710.26,2.79,1.96,-75.8,-0.396,19.29,20.66,04a60693o0103o
60693.08618,20.663,0.765,20,15,o,0,0.97,41.90417,-28.44845,854.17,9830.37,2.66,1.94,-77.4,-0.414,19.29,20.64,04a60693o0126o
60694.071687,-21.395,0.851,-10,8,c,0,1.14,41.90417,-28.44845,6504.59,3019.08,2.29,2.05,-26.9,-0.386,19.63,21.79,04a60694o0096c
60694.075809,21.247,0.764,12,9,c,0,1.17,41.90417,-28.44845,6525.82,3059.08,2.25,1.98,-28.5,-0.391,19.64,21.77,04a60694o0105c
60694.084949,-20.712,0.39,-19,7,c,0,1.23,41.90417,-28.44845,6467.17,2981.8,2.25,1.97,-27.3,-0.391,19.61,21.77,04a60694o0125c
60694.100322,-22.906,2.895,-2,7,c,0,1.29,41.90417,-28.44845,6445.81,3099.33,2.24,2.0,-24.2,-0.39,19.63,21.71,04a60694o0158c
60694.824876,-20.306,0.428,-27,12,o,0,1.34,41.90417,-28.44845,6542.11,3068.47,2.48,2.17,-57.6,-0.42,19.22,20.6,03a60695o0104o
60694.828038,-20.602,0.654,-21,14,o,0,1.07,41.90417,-28.44845,6561.99,3107.3,2.5,2.14,-58.9,-0.419,19.2,20.64,03a60695o0111o
60694.834986,-21.318,1.085,-11,12,o,0,1.13,41.90417,-28.44845,6506.72,3028.96,2.47,2.08,-58.3,-0.423,19.23,20.63,03a60695o0126o
60694.846117,21.843,1.976,7,13,o,0,1.33,41.90417,-28.44845,6484.4,3142.79,2.52,2.19,-53.8,-0.41,19.17,20.64,03a60695o0150o
60695.819037,-21.012,0.814,-14,12,o,0,1.42,41.90417,-28.44845,6501.6,1127.92,2.7,2.51,-53.0,-0.411,19.25,20.92,03a60696o0093o
60695.822795,-20.858,0.884,-16,15,o,0,0.96,41.90417,-28.44845,6521.95,1167.72,2.61,2.42,-60.7,-0.42,19.26,20.91,03a60696o0101o
60695.830116,20.694,0.697,19,13,o,0,1.22,41.90417,-28.44845,6467.61,1088.21,2.65,2.38,-56.3,-0.417,19.24,20.91,03a60696o0117o
60695.840259,21.095,1.106,13,15,o,0,0.98,41.90417,-28.44845,6444.3,1204.02,2.7,2.44,-57.1,-0.415,19.22,20.89,03a60696o0139o
60697.136745,21.472,1.22,9,11,c,0,1.04,41.90417,-28.44845,6412.87,1081.05,2.63,2.32,-10.5,-0.362,19.21,21.12,04a60697o0226c
60697.140912,20.703,0.744,19,14,c,0,0.9,41.90417,-28.44845,6439.25,1124.59,2.75,2.55,3.9,-0.356,19.21,21.09,04a60697o0235c
60697.146024,-21.165,1.031,-12,13,c,0,1.08,41.90417,-28.44845,6378.96,1045.29,2.53,2.36,-2.8,-0.376,19.27,21.06,04a60697o0246c
60697.163389,21.8,1.794,7,12,c,0,1.66,41.90417,-28.44845,6357.28,1165.48,2.58,2.4,-3.5,-0.369,19.2,20.95,04a60697o0280c
60698.078707,-20.743,0.521,-18,10,c,0,1.08,41.90417,-28.44845,7729.69,4970.3,2.49,2.09,-27.4,-0.392,19.48,21.58,04a60698o0114c
60698.081887,20.626,0.545,20,11,c,0,0.84,41.90417,-28.44845,7744.59,5008.0,2.39,1.96,-32.6,-0.403,19.58,21.54,04a60698o0121c
60698.089232,-23.996,9.5,-1,9,c,0,1.41,41.90417,-28.44845,7688.54,4931.98,2.46,2.03,-31.9,-0.399,19.52,21.51,04a60698o0137c
60698.100273,21.163,0.932,12,12,c,0,0.66,41.90417,-28.44845,7668.01,5045.91,2.38,1.95,-31.6,-0.399,19.52,21.49,04a60698o0161c
60698.817567,21.256,0.921,11,10,o,0,1.44,41.90417,-28.44845,7714.64,5041.86,2.43,2.1,-50.2,-0.408,19.32,20.73,03a60699o0092o
60698.820452,21.319,1.2,11,13,o,0,1.02,41.90417,-28.44845,7732.58,5081.71,2.53,2.19,-61.4,-0.426,19.26,20.7,03a60699o0098o
60698.825945,-24.27,16.5,-1,12,o,0,1.86,41.90417,-28.44845,7676.67,5000.86,2.7,2.29,-49.3,-0.388,19.22,20.75,03a60699o0110o
60698.836063,23.683,9.375,1,11,o,0,1.24,41.90417,-28.44845,7658.1,5115.14,2.48,2.09,-48.4,-0.402,19.27,20.71,03a60699o0132o
60699.794152,-21.629,1.422,-8,12,o,0,1.79,41.90417,-28.44845,8412.94,9430.64,2.71,2.17,-49.7,-0.436,19.29,20.63,03a60700o0042o
60699.797322,-20.879,0.753,-16,12,o,0,1.4,41.90417,-28.44845,8431.83,9470.71,2.72,2.18,-49.8,-0.432,19.34,20.72,03a60700o0049o
60699.802786,21.904,2.4,6,15,o,0,0.84,41.90417,-28.44845,8378.77,9390.16,2.7,2.15,-47.8,-0.434,19.4,20.83,03a60700o0061o
60699.814691,-21.855,2.114,-7,14,o,0,1.04,41.90417,-28.44845,8355.89,9505.12,2.72,2.24,-49.0,-0.426,19.39,20.92,03a60700o0087o
60701.045029,-21.857,1.9,-7,12,c,0,1.32,41.90417,-28.44845,8537.43,9344.77,2.87,2.36,-63.0,-0.4,19.42,21.22,04a60701o0057c
60701.048229,25.474,60.0,0,14,c,0,1.08,41.90417,-28.44845,8555.11,9383.58,2.86,2.38,-62.0,-0.388,19.45,21.3,04a60701o0064c
60701.053749,21.083,0.739,13,10,c,0,1.2,41.90417,-28.44845,8497.49,9303.91,2.82,2.33,-66.2,-0.391,19.5,21.35,04a60701o0076c
60701.064717,-21.766,2.133,-7,15,c,0,0.88,41.90417,-28.44845,8477.38,9421.19,2.81,2.31,-65.6,-0.405,19.48,21.31,04a60701o0100c
60702.074559,23.352,4.909,2,8,c,0,1.63,41.90417,-28.44845,625.68,3341.56,2.64,1.96,42.6,-0.382,19.53,21.57,04a60702o0120c
60702.077769,-21.767,1.271,-7,9,c,0,1.16,41.90417,-28.44845,646.8,3380.42,2.59,1.96,40.2,-0.38,19.51,21.54,04a60702o0127c
60702.083237,22.048,1.889,6,10,c,0,1.11,41.90417,-28.44845,587.38,3304.35,2.66,1.96,39.3,-0.385,19.51,21.5,04a60702o0139c
60702.099362,21.298,0.75,11,8,c,0,1.99,41.90417,-28.44845,564.95,3423.78,2.63,1.96,40.8,-0.384,19.48,21.51,04a60702o0174c
60703.793249,20.358,0.503,26,13,o,0,1.47,41.90417,-28.44845,2711.51,9553.07,2.59,2.27,-45.8,-0.389,19.29,20.64,03a60704o0058o
60703.796411,20.692,0.729,19,14,o,0,1.07,41.90417,-28.44845,2729.3,9592.42,2.61,2.29,-48.3,-0.394,19.31,20.69,03a60704o0065o
60703.801884,20.973,0.911,15,14,o,0,1.13,41.90417,-28.44845,2676.72,9513.49,2.66,2.35,-47.4,-0.392,19.29,20.72,03a60704o0077o
60703.812848,-20.574,0.527,-21,11,o,0,1.73,41.90417,-28.44845,2653.65,9632.15,2.64,2.37,-39.2,-0.394,19.28,20.7,03a60704o0101o
60705.04319,20.658,0.612,20,12,c,0,0.78,41.90417,-28.44845,2828.21,9611.68,3.03,1.96,-77.1,-0.362,19.43,21.16,04a60705o0057c
60705.046391,-22.098,1.968,-5,10,c,0,1.09,41.90417,-28.44845,2845.44,9650.36,3.02,1.92,-76.8,-0.369,19.44,21.25,04a60705o0064c
60705.058541,20.093,0.33,33,11,c,0,1.57,41.90417,-28.44845,2790.6,9575.03,2.96,1.89,-76.6,-0.383,19.44,21.26,04a60705o0090c
60705.065423,-22.622,3.2,-3,10,c,0,1.41,41.90417,-28.44845,2767.62,9692.0,2.93,1.86,-77.6,-0.378,19.45,21.19,04a60705o0105c
60706.065777,21.099,0.812,13,11,c,0,0.76,41.90417,-28.44845,4550.99,3113.9,2.11,2.06,-5.6,-0.397,19.49,21.52,04a60706o0105c
60706.069129,-22.705,3.316,-3,10,c,0,1.59,41.90417,-28.44845,4571.78,3152.82,2.3,2.22,-49.4,-0.414,19.48,21.49,04a60706o0112c
60706.074395,-21.25,0.785,-12,9,c,0,1.01,41.90417,-28.44845,4512.11,3074.21,2.22,2.19,-0.8,-0.389,19.43,21.47,04a60706o0123c
60706.08672,23.023,4.294,2,10,c,0,0.92,41.90417,-28.44845,4489.54,3190.15,2.09,2.07,-4.6,-0.396,19.47,21.39,04a60706o0150c
60706.778979,-20.506,1.076,-23,24,o,0,1.08,41.90417,-28.44845,4592.04,3110.41,2.36,2.08,-57.4,-0.426,18.56,19.04,03a60707o0030o
60706.782138,20.451,0.855,24,20,o,0,1.02,41.90417,-28.44845,4612.68,3148.99,2.52,2.24,-60.7,-0.415,18.77,19.71,03a60707o0037o
60706.789463,23.127,6.231,2,13,o,0,1.13,41.90417,-28.44845,4558.56,3070.81,2.44,2.16,-59.6,-0.426,19.19,20.52,03a60707o0053o
60706.799472,21.061,1.052,14,14,o,0,1.05,41.90417,-28.44845,4537.36,3186.81,2.61,2.31,-58.4,-0.413,19.24,20.73,03a60707o0075o
60707.778296,19.697,0.531,48,26,o,0,1.25,41.90417,-28.44845,3928.46,7051.93,2.53,2.17,-50.9,-0.377,18.54,19.12,03a60708o0030o
60707.781454,-19.976,0.437,-37,16,o,0,1.33,41.90417,-28.44845,3946.45,7090.46,2.49,2.16,-50.0,-0.377,18.88,19.75,03a60708o0037o
60707.788325,22.161,3.219,5,16,o,0,0.79,41.90417,-28.44845,3894.28,7012.06,2.49,2.16,-53.1,-0.391,19.24,20.48,03a60708o0052o
60707.799257,22.581,2.955,3,10,o,0,1.45,41.90417,-28.44845,3872.92,7127.96,2.49,2.12,-49.6,-0.399,19.32,20.71,03a60708o0076o
60709.055165,-21.079,0.88,-13,12,o,0,1.63,41.90417,-28.44845,3985.57,7075.99,2.1,1.87,-62.5,-0.411,19.21,20.5,04a60709o0086o
60709.058379,-20.498,0.573,-23,13,o,0,1.23,41.90417,-28.44845,4001.67,7113.34,2.13,1.87,-68.2,-0.413,19.17,20.52,04a60709o0093o
60709.063616,20.596,0.882,21,18,o,0,0.95,41.90417,-28.44845,3948.67,7039.02,2.1,1.9,-31.3,-0.428,19.04,20.31,04a60709o0104o
60709.074716,24.356,17.6,1,12,o,0,2.52,41.90417,-28.44845,3925.66,7152.78,2.08,1.75,-74.6,-0.447,19.2,20.5,04a60709o0127o
60710.054538,20.566,0.868,22,19,o,0,1.03,41.90417,-28.44845,7819.66,6902.23,2.11,1.74,-14.9,-0.455,19.14,20.24,04a60710o0087o
60710.058273,-26.058,152.0,0,21,o,0,0.67,41.90417,-28.44845,7840.51,6941.77,2.15,1.71,-15.8,-0.446,19.12,20.28,04a60710o0095o
60710.063436,-23.808,18.0,-1,20,o,0,1.02,41.90417,-28.44845,7782.04,6863.96,2.17,1.75,-14.6,-0.451,19.1,20.19,04a60710o0106o
60710.073501,-23.151,9.0,-2,18,o,0,1.16,41.90417,-28.44845,7758.52,6978.43,2.14,1.76,-15.3,-0.444,19.12,20.21,04a60710o0127o
60710.804343,21.837,2.947,7,20,o,0,0.96,41.90417,-28.44845,7756.73,6974.39,2.6,2.29,-43.1,-0.385,18.93,20.02,03a60711o0091o
60710.807558,-20.899,1.151,-16,18,o,0,0.82,41.90417,-28.44845,7776.65,7015.51,2.58,2.23,-33.7,-0.384,18.97,20.07,03a60711o0098o
60710.814443,-21.658,2.102,-8,17,o,0,1.27,41.90417,-28.44845,7720.92,6934.53,2.55,2.12,-47.9,-0.395,19.0,20.04,03a60711o0113o
60710.82738,21.047,1.516,14,21,o,0,1.24,41.90417,-28.44845,7697.7,7047.59,2.99,2.49,-21.5,-0.354,18.75,19.92,03a60711o0141o
60711.804477,-21.518,1.66,-9,15,o,0,0.93,41.90417,-28.44845,2551.06,1225.81,2.58,2.35,-64.2,-0.39,18.99,20.26,03a60712o0091o
60711.808143,-20.753,1.039,-18,19,o,0,1.29,41.90417,-28.44845,2570.57,1265.62,2.94,2.76,-64.3,-0.385,18.88,20.26,03a60712o0099o
60711.815024,23.766,14.0,1,16,o,0,1.13,41.90417,-28.44845,2514.73,1187.12,2.62,2.41,-66.1,-0.389,19.01,20.29,03a60712o0114o
60711.8256,21.464,1.696,9,16,o,0,1.37,41.90417,-28.44845,2491.51,1304.21,2.52,2.23,-70.6,-0.393,19.02,20.15,03a60712o0137o
