MJD,m,dm,uJy,duJy,F,err,chi/N,RA,Dec,x,y,maj,min,phi,apfit,mag5sig,Sky,Obs
60682.122961,-21.316,2.167,-11,23,o,0,1.04,34.71271,-19.71141,3445.53,8654.56,2.29,1.73,-74.1,-0.47,18.86,19.64,04a60682o0200o
60682.126388,-22.422,5.28,-4,21,o,0,1.98,34.71271,-19.71141,3464.48,8694.59,2.29,1.75,-74.5,-0.471,18.8,19.63,04a60682o0207o
60682.132068,20.36,0.784,26,20,o,0,1.6,34.71271,-19.71141,3407.37,8617.12,2.2,1.75,-74.6,-0.479,18.83,19.64,04a60682o0219o
60682.14774,21.033,1.624,14,23,o,0,1.49,34.71271,-19.71141,3387.53,8735.82,2.41,1.77,-79.6,-0.439,18.81,19.67,04a60682o0252o
60682.866153,20.469,0.907,24,21,o,0,1.74,34.71271,-19.71141,3363.81,8609.88,3.23,2.7,-27.0,-0.341,18.67,19.73,03a60683o0188o
60682.86942,-20.198,0.78,-30,24,o,0,1.24,34.71271,-19.71141,3380.35,8648.36,3.28,2.66,-15.9,-0.352,18.61,19.73,03a60683o0195o
60682.874972,-21.554,3.029,-9,26,o,0,1.31,34.71271,-19.71141,3326.17,8570.16,3.22,2.75,-34.5,-0.341,18.46,19.43,03a60683o0207o
60682.888272,-21.115,1.932,-13,25,o,0,1.4,34.71271,-19.71141,3304.64,8686.64,3.02,2.57,-38.4,-0.341,18.54,19.37,03a60683o0236o
60683.841261,-23.242,10.615,-2,20,o,0,1.22,34.71271,-19.71141,6158.8,4623.16,2.35,2.01,-56.2,-0.419,18.83,19.67,03a60684o0134o
60683.846376,20.989,1.302,15,19,o,0,1.87,34.71271,-19.71141,6175.9,4662.14,2.42,2.1,-54.7,-0.418,18.85,19.67,03a60684o0145o
60683.856459,-20.661,1.053,-20,21,o,0,1.03,34.71271,-19.71141,6123.94,4583.23,2.43,2.07,-56.3,-0.413,18.83,19.64,03a60684o0167o
60683.859208,-22.174,4.032,-5,20,o,0,1.4,34.71271,-19.71141,6101.83,4698.2,2.51,2.11,-56.7,-0.405,18.76,19.62,03a60684o0173o
60685.081378,21.071,1.273,14,17,o,0,1.91,34.71271,-19.71141,6153.92,4587.29,2.1,1.8,-26.0,-0.456,18.77,19.45,04a60685o0112o
60685.084617,-22.0,4.229,-6,24,o,0,1.22,34.71271,-19.71141,6172.02,4625.82,2.05,1.75,-25.7,-0.471,18.75,19.39,04a60685o0119o
60685.102647,-21.18,1.916,-12,24,o,0,0.88,34.71271,-19.71141,6117.6,4551.31,2.07,1.86,-31.1,-0.467,18.69,19.32,04a60685o0157o
60685.108271,21.624,3.044,8,25,o,0,1.08,34.71271,-19.71141,6096.6,4666.51,2.01,1.79,-30.7,-0.459,18.71,19.33,04a60685o0169o
60686.083571,-19.795,0.55,-44,24,o,0,1.19,34.71271,-19.71141,6433.74,217.78,2.26,2.04,-25.9,-0.394,18.62,19.2,04a60686o0118o
60686.10449,23.499,17.3,1,25,o,0,1.72,34.71271,-19.71141,6452.35,259.07,2.2,1.94,-30.5,-0.435,18.59,19.1,04a60686o0163o
60686.108691,-19.493,0.496,-58,29,o,0,1.01,34.71271,-19.71141,6395.2,179.9,2.22,1.94,-29.6,-0.434,18.51,18.98,04a60686o0172o
60686.111995,19.246,0.461,73,34,o,0,1.09,34.71271,-19.71141,7392.0,10421.88,2.11,1.91,-32.6,-0.421,18.46,18.91,04a60686o0179o
60686.113899,-19.366,0.412,-65,27,o,0,1.64,34.71271,-19.71141,6375.87,298.44,2.22,2.0,-33.9,-0.434,18.52,18.96,04a60686o0183o
60686.115275,20.01,1.054,36,38,o,0,1.31,34.71271,-19.71141,7412.18,10462.1,2.07,1.79,-12.2,-0.488,18.47,18.89,04a60686o0186o
60686.120865,-21.909,5.217,-6,33,o,0,1.33,34.71271,-19.71141,7353.62,10382.63,2.0,1.77,-29.1,-0.484,18.39,18.8,04a60686o0198o
60686.130782,20.344,2.122,26,56,o,0,0.88,34.71271,-19.71141,7332.78,10500.67,2.11,1.92,-27.5,-0.404,18.38,18.75,04a60686o0219o
60686.888399,-23.232,14.6,-2,27,o,0,1.02,34.71271,-19.71141,7253.75,10467.45,2.8,2.19,-40.1,-0.401,18.54,18.99,03a60687o0179o
60686.888849,21.968,4.488,6,27,o,0,0.97,34.71271,-19.71141,6546.73,267.69,2.25,2.07,-47.9,-0.422,18.57,19.09,03a60687o0180o
60686.891169,19.962,0.818,38,31,o,0,1.06,34.71271,-19.71141,7273.17,10506.85,3.01,2.31,-37.6,-0.399,18.51,18.97,03a60687o0185o
60686.891621,19.694,0.616,48,30,o,0,0.66,34.71271,-19.71141,6566.04,307.66,2.3,2.11,-44.4,-0.41,18.57,19.07,03a60687o0186o
60686.897089,-21.921,5.6,-6,35,o,0,0.9,34.71271,-19.71141,7217.45,10426.13,2.99,2.27,-38.9,-0.399,18.48,18.93,03a60687o0198o
60686.898032,20.851,1.935,17,32,o,0,0.72,34.71271,-19.71141,6510.02,227.21,2.36,2.11,-59.0,-0.4,18.56,19.03,03a60687o0200o
60686.908276,-21.155,2.422,-12,30,o,0,1.31,34.71271,-19.71141,6485.18,345.0,2.67,2.37,-67.9,-0.385,18.37,18.94,03a60687o0222o
60687.862046,20.252,1.033,29,30,o,0,1.52,34.71271,-19.71141,1356.08,6744.48,3.01,2.68,-51.4,-0.379,18.35,19.0,03a60688o0181o
60687.865263,-20.028,0.891,-35,32,o,0,1.3,34.71271,-19.71141,1373.42,6783.03,2.94,2.57,-57.1,-0.388,18.37,18.95,03a60688o0188o
60687.871181,21.102,2.741,13,36,o,0,0.94,34.71271,-19.71141,1319.15,6705.58,2.9,2.58,-56.0,-0.396,18.3,18.91,03a60688o0201o
60687.892443,20.508,1.763,23,40,o,0,1.0,34.71271,-19.71141,1296.68,6821.21,3.36,2.96,-56.1,-0.353,18.14,18.77,03a60688o0247o
60689.123783,-20.734,1.916,-18,35,o,0,0.96,34.71271,-19.71141,1391.78,6834.43,2.39,1.95,-85.1,-0.379,18.28,18.7,04a60689o0146o
60689.12889,-19.516,0.632,-57,36,o,0,1.03,34.71271,-19.71141,1410.23,6874.04,2.35,1.92,-85.6,-0.391,18.29,18.65,04a60689o0157o
60689.131712,-20.91,2.431,-16,38,o,0,0.93,34.71271,-19.71141,1351.99,6797.53,2.39,1.89,-86.5,-0.382,18.29,18.63,04a60689o0163o
60689.141927,-20.425,1.551,-24,38,o,0,1.35,34.71271,-19.71141,1332.03,6915.47,2.46,1.89,88.7,-0.368,18.22,18.56,04a60689o0185o
60690.081306,21.164,4.846,12,60,o,0,1.33,34.71271,-19.71141,487.2,517.47,2.73,1.8,43.2,-0.494,18.08,18.58,04a60690o0114o
60690.084943,21.774,5.63,7,40,o,0,1.35,34.71271,-19.71141,507.14,557.18,2.96,1.76,42.6,-0.469,18.25,18.9,04a60690o0122o
60690.090993,18.987,0.355,92,33,o,0,1.31,34.71271,-19.71141,447.32,480.8,3.01,1.79,41.6,-0.466,18.5,19.06,04a60690o0135o
60690.108288,-17.056,0.113,-547,62,o,0,6.2,34.71271,-19.71141,428.44,601.67,3.04,1.85,44.5,-0.435,18.55,19.19,04a60690o0172o
60690.848652,-20.846,1.593,-17,26,o,0,1.16,34.71271,-19.71141,612.56,422.54,2.78,2.47,-78.9,-0.413,18.75,19.56,03a60691o0153o
60690.851443,-21.187,1.927,-12,24,o,0,1.86,34.71271,-19.71141,630.79,462.55,2.88,2.57,-72.4,-0.413,18.65,19.54,03a60691o0159o
60690.856956,-21.718,4.2,-8,31,o,0,1.32,34.71271,-19.71141,574.43,383.11,3.1,2.78,-79.8,-0.386,18.58,19.49,03a60691o0171o
60690.866782,20.825,1.654,17,28,o,0,1.34,34.71271,-19.71141,552.8,501.51,2.86,2.42,-77.4,-0.418,18.63,19.45,03a60691o0192o
60691.790876,22.276,3.133,4,14,o,0,1.46,34.71271,-19.71141,10334.94,3123.56,2.54,2.05,-68.4,-0.366,19.13,20.3,03a60692o0028o
60691.794512,-19.997,0.31,-36,11,o,0,2.23,34.71271,-19.71141,10353.69,3163.03,2.64,2.07,-68.1,-0.354,19.23,20.56,03a60692o0036o
60691.797696,20.227,0.473,30,14,o,0,1.52,34.71271,-19.71141,226.37,2857.45,2.47,2.06,-74.0,-0.387,19.36,20.76,03a60692o0043o
60691.800415,-22.577,3.833,-3,13,o,0,1.23,34.71271,-19.71141,10299.19,3083.25,2.52,2.03,-65.9,-0.379,19.37,20.77,03a60692o0049o
60691.801327,-21.22,0.818,-12,10,o,0,1.97,34.71271,-19.71141,246.35,2896.38,2.51,2.14,-70.2,-0.389,19.37,20.85,03a60692o0051o
60691.807268,20.819,0.744,17,13,o,0,1.36,34.71271,-19.71141,190.96,2818.59,2.48,2.07,-71.8,-0.386,19.38,20.86,03a60692o0064o
60691.82103,21.19,0.855,12,10,o,0,2.34,34.71271,-19.71141,10278.3,3197.56,2.51,2.01,-68.0,-0.385,19.23,20.5,03a60692o0094o
60691.821931,21.784,2.245,7,16,o,0,1.16,34.71271,-19.71141,170.49,2934.85,2.46,2.06,-72.2,-0.363,19.27,20.55,03a60692o0096o
60693.047176,-19.789,0.491,-44,22,o,0,1.68,34.71271,-19.71141,10303.64,2974.71,2.98,2.14,-26.2,-0.394,19.22,20.48,04a60693o0042o
60693.050344,-19.903,0.475,-40,19,o,0,1.63,34.71271,-19.71141,10322.74,3014.01,2.91,2.14,-21.9,-0.407,19.16,20.53,04a60693o0049o
60693.053205,20.356,0.542,26,14,o,0,1.65,34.71271,-19.71141,170.53,2963.54,2.9,2.14,47.4,-0.35,19.19,20.62,04a60693o0055o
60693.060657,-19.735,0.415,-46,19,o,0,1.39,34.71271,-19.71141,10266.11,2936.99,2.78,2.08,-26.0,-0.43,19.2,20.55,04a60693o0071o
60693.061108,20.11,0.345,33,11,o,0,2.95,34.71271,-19.71141,190.95,3003.08,2.63,1.96,51.0,-0.374,19.27,20.62,04a60693o0072o
60693.064266,-20.089,0.414,-34,14,o,0,1.55,34.71271,-19.71141,130.15,2924.42,2.67,1.98,52.5,-0.368,19.29,20.66,04a60693o0079o
60693.067012,19.973,0.523,37,20,o,0,1.72,34.71271,-19.71141,10242.73,3052.81,2.82,2.03,-23.4,-0.413,19.27,20.56,04a60693o0085o
60693.084829,-20.542,0.728,-22,16,o,0,1.57,34.71271,-19.71141,113.25,3045.61,2.51,1.93,53.8,-0.38,19.24,20.48,04a60693o0123o
60694.069434,21.005,0.709,14,10,c,0,1.59,34.71271,-19.71141,9108.21,6452.01,2.76,2.18,-33.7,-0.414,19.54,21.62,04a60694o0091c
60694.072592,-21.779,1.605,-7,11,c,0,1.44,34.71271,-19.71141,9125.33,6490.56,2.69,2.19,-30.2,-0.418,19.54,21.59,04a60694o0098c
60694.078076,-20.147,0.264,-32,8,c,0,2.69,34.71271,-19.71141,9066.89,6412.99,2.67,2.11,-30.3,-0.418,19.53,21.56,04a60694o0110c
60694.098048,-20.143,0.374,-32,12,c,0,1.38,34.71271,-19.71141,9048.68,6531.53,2.62,2.13,-32.0,-0.424,19.52,21.5,04a60694o0153c
60694.852057,-20.632,0.709,-20,14,o,0,1.54,34.71271,-19.71141,9055.89,6551.43,2.75,2.32,-43.9,-0.375,19.12,20.49,03a60695o0163o
60694.855277,22.536,4.333,4,15,o,0,1.41,34.71271,-19.71141,9073.88,6589.97,2.65,2.14,-56.5,-0.39,19.15,20.47,03a60695o0170o
60694.860809,-20.482,0.586,-23,14,o,0,1.26,34.71271,-19.71141,9018.09,6509.94,2.7,2.2,-54.4,-0.383,19.12,20.46,03a60695o0182o
60694.872787,-20.432,0.561,-24,14,o,0,1.91,34.71271,-19.71141,8996.92,6623.55,2.6,2.11,-53.3,-0.383,19.06,20.17,03a60695o0208o
60695.866722,-20.07,0.488,-34,17,o,0,1.36,34.71271,-19.71141,8093.2,4586.7,3.05,2.78,-48.5,-0.388,18.92,20.58,03a60696o0196o
60695.869527,-20.058,0.629,-34,22,o,0,0.81,34.71271,-19.71141,8111.8,4626.13,3.14,2.82,-54.2,-0.387,18.89,20.55,03a60696o0202o
60695.882196,-20.077,0.593,-34,20,o,0,1.63,34.71271,-19.71141,8053.87,4544.45,3.78,3.42,-51.0,-0.355,18.65,20.42,03a60696o0229o
60695.90174,-19.203,0.512,-76,39,o,0,1.18,34.71271,-19.71141,8029.58,4655.98,5.59,5.32,-44.3,-0.282,17.96,19.92,03a60696o0271o
60697.137657,-23.11,6.8,-2,14,c,0,1.66,34.71271,-19.71141,8090.99,4511.96,2.72,2.3,-27.4,-0.36,19.07,20.83,04a60697o0228c
60697.145123,22.231,3.04,5,14,c,0,1.08,34.71271,-19.71141,8109.22,4551.01,2.55,2.14,-23.4,-0.364,19.12,20.74,04a60697o0244c
60697.148805,-20.401,0.611,-25,15,c,0,1.09,34.71271,-19.71141,8047.94,4473.11,2.55,2.12,-23.4,-0.364,19.07,20.7,04a60697o0252c
60697.164749,-20.485,0.714,-23,17,c,0,1.07,34.71271,-19.71141,8025.06,4589.45,2.6,2.25,-24.4,-0.368,18.88,20.52,04a60697o0283c
60698.073241,21.486,1.6,9,15,c,0,1.32,34.71271,-19.71141,9207.15,8398.27,2.69,2.27,-37.1,-0.443,19.46,21.37,04a60698o0102c
60698.076419,21.098,1.204,13,16,c,0,1.4,34.71271,-19.71141,9225.33,8437.64,2.78,2.32,-43.8,-0.427,19.46,21.38,04a60698o0109c
60698.082355,22.268,2.95,4,13,c,0,1.66,34.71271,-19.71141,9165.59,8359.03,2.65,2.19,-42.2,-0.441,19.49,21.34,04a60698o0122c
60698.103136,-21.747,1.969,-7,14,c,0,1.49,34.71271,-19.71141,9146.85,8475.52,2.73,2.26,-46.2,-0.42,19.38,21.24,04a60698o0167c
60698.825494,20.933,1.277,15,20,o,0,1.04,34.71271,-19.71141,9109.58,8495.67,3.08,2.59,-36.3,-0.388,19.06,20.53,03a60699o0109o
60698.828722,-21.177,1.127,-12,14,o,0,1.98,34.71271,-19.71141,9128.07,8534.1,3.04,2.47,-38.3,-0.398,19.12,20.53,03a60699o0116o
60698.834256,20.427,0.726,24,18,o,0,1.24,34.71271,-19.71141,9072.03,8453.22,2.92,2.38,-42.0,-0.404,19.16,20.52,03a60699o0128o
60698.845776,-20.634,0.747,-20,15,o,0,1.7,34.71271,-19.71141,9050.74,8569.03,2.93,2.4,-39.6,-0.397,19.11,20.47,03a60699o0153o
60699.786456,-21.186,1.529,-12,19,o,0,1.13,34.71271,-19.71141,8046.62,2654.69,2.34,1.97,-59.2,-0.436,18.93,19.78,03a60700o0025o
60699.789628,20.239,0.554,29,16,o,0,1.44,34.71271,-19.71141,8066.07,2694.53,2.4,2.11,-59.9,-0.425,19.08,20.19,03a60700o0032o
60699.795058,-22.66,4.909,-3,15,o,0,1.43,34.71271,-19.71141,8012.57,2614.84,2.3,1.97,-59.4,-0.44,19.27,20.54,03a60700o0044o
60699.80645,19.868,0.318,41,13,o,0,1.22,34.71271,-19.71141,7990.55,2730.2,2.4,2.11,-61.3,-0.428,19.31,20.77,03a60700o0069o
60701.037735,-19.913,0.394,-39,16,c,0,1.29,34.71271,-19.71141,7996.61,2565.34,2.75,2.16,-25.6,-0.36,19.09,20.44,04a60701o0041c
60701.040924,-21.1,0.912,-13,12,c,0,1.29,34.71271,-19.71141,8016.27,2605.66,2.69,2.13,-23.0,-0.364,19.28,20.8,04a60701o0048c
60701.046399,21.706,1.532,8,12,c,0,1.38,34.71271,-19.71141,7957.28,2526.11,2.68,2.06,-23.7,-0.372,19.4,21.12,04a60701o0060c
60701.058795,23.497,7.111,1,10,c,0,1.46,34.71271,-19.71141,7939.48,2645.31,2.67,2.06,-22.3,-0.373,19.42,21.19,04a60701o0087c
60702.070492,21.287,0.917,11,10,c,0,1.84,34.71271,-19.71141,3324.71,6716.48,2.35,1.87,-79.3,-0.383,19.47,21.38,04a60702o0111c
60702.073658,-21.177,0.874,-12,11,c,0,1.54,34.71271,-19.71141,3341.79,6754.48,2.43,1.94,-79.0,-0.378,19.41,21.38,04a60702o0118c
60702.079132,-23.106,4.357,-2,9,c,0,1.43,34.71271,-19.71141,3284.31,6677.46,2.48,2.0,-80.3,-0.375,19.38,21.33,04a60702o0130c
60702.096564,-21.066,0.845,-14,12,c,0,1.3,34.71271,-19.71141,3263.64,6796.89,2.37,1.93,-81.8,-0.374,19.4,21.27,04a60702o0168c
60703.78554,20.142,0.571,32,18,o,0,0.97,34.71271,-19.71141,2196.82,2792.95,2.37,2.09,-66.3,-0.405,19.02,20.04,03a60704o0041o
60703.788724,20.298,0.475,28,13,o,0,2.2,34.71271,-19.71141,2216.13,2832.6,2.34,2.08,-65.0,-0.414,19.15,20.31,03a60704o0048o
60703.794154,21.922,2.575,6,16,o,0,1.18,34.71271,-19.71141,2162.41,2753.44,2.37,2.11,-64.8,-0.407,19.23,20.54,03a60704o0060o
60703.805524,-20.798,0.837,-17,15,o,0,1.44,34.71271,-19.71141,2139.98,2868.53,2.43,2.19,-71.6,-0.411,19.21,20.61,03a60704o0085o
60705.035907,-19.793,0.263,-44,12,c,0,1.98,34.71271,-19.71141,2138.65,2851.02,2.34,1.97,43.6,-0.39,19.06,20.48,04a60705o0041c
60705.039099,-21.856,1.612,-7,11,c,0,1.8,34.71271,-19.71141,2158.61,2890.79,2.31,1.96,44.3,-0.39,19.25,20.78,04a60705o0048c
60705.04456,-20.598,0.594,-21,12,c,0,0.95,34.71271,-19.71141,2099.25,2811.45,2.26,1.91,42.7,-0.403,19.4,21.1,04a60705o0060c
60705.059002,-23.67,9.222,-1,11,c,0,1.24,34.71271,-19.71141,2080.28,2931.09,2.33,1.94,38.6,-0.392,19.4,21.12,04a60705o0091c
60706.043235,23.302,6.2,2,11,c,0,1.25,34.71271,-19.71141,7172.57,6526.91,2.62,2.18,-49.1,-0.404,19.34,21.15,04a60706o0057c
60706.046417,22.494,2.909,4,11,c,0,1.92,34.71271,-19.71141,7190.7,6565.65,2.53,2.16,-44.5,-0.398,19.37,21.25,04a60706o0064c
60706.051679,-21.317,0.923,-11,10,c,0,2.22,34.71271,-19.71141,7132.31,6487.73,2.5,2.15,-49.3,-0.401,19.35,21.28,04a60706o0075c
60706.073043,-21.407,1.033,-10,10,c,0,1.89,34.71271,-19.71141,7113.96,6604.91,2.49,2.12,-50.5,-0.396,19.38,21.23,04a60706o0120c
60709.03522,21.132,2.864,13,37,o,0,1.46,34.71271,-19.71141,5476.49,10503.09,2.21,1.91,-57.5,-0.435,18.83,19.78,04a60709o0043o
60709.041656,-20.743,0.893,-18,16,o,0,1.44,34.71271,-19.71141,4457.95,312.64,2.3,2.13,26.6,-0.433,18.97,20.22,04a60709o0057o
60709.044374,20.431,1.262,24,31,o,0,1.2,34.71271,-19.71141,5438.01,10465.26,2.12,1.83,-56.5,-0.454,19.01,20.14,04a60709o0063o
60709.044825,20.514,0.706,23,16,o,0,1.42,34.71271,-19.71141,4476.71,351.47,2.08,1.98,11.6,-0.425,19.08,20.23,04a60709o0064o
60709.050111,20.741,0.968,18,18,o,0,1.35,34.71271,-19.71141,4415.7,272.67,2.16,2.0,36.2,-0.44,19.07,20.28,04a60709o0075o
60709.061631,20.388,0.619,25,16,o,0,1.65,34.71271,-19.71141,4395.19,390.74,2.17,2.04,34.0,-0.433,19.08,20.31,04a60709o0100o
60710.034614,23.69,27.571,1,34,o,0,0.96,34.71271,-19.71141,9312.03,10354.69,2.42,1.86,-0.2,-0.544,18.75,19.63,04a60710o0044o
60710.038283,21.894,4.694,6,30,o,0,1.09,34.71271,-19.71141,9331.94,10395.27,2.45,1.8,-0.0,-0.587,18.86,19.82,04a60710o0052o
60710.04105,23.322,15.143,2,26,o,0,1.48,34.71271,-19.71141,8413.02,127.89,2.52,2.08,-32.8,-0.42,18.94,19.92,04a60710o0058o
60710.043771,-19.765,0.651,-45,29,o,0,0.86,34.71271,-19.71141,9272.52,10315.08,2.39,1.83,0.9,-0.545,18.89,19.9,04a60710o0064o
60710.044223,20.663,1.043,20,21,o,0,1.7,34.71271,-19.71141,8434.07,166.72,2.6,2.06,-35.8,-0.402,18.98,20.02,04a60710o0065o
60710.049465,-20.106,0.927,-33,30,o,0,1.49,34.71271,-19.71141,8373.52,87.19,2.63,2.06,-34.0,-0.405,18.98,20.04,04a60710o0076o
60710.054084,-21.681,3.319,-8,26,o,0,1.51,34.71271,-19.71141,9255.06,10433.27,2.22,1.71,-5.9,-0.632,18.92,19.89,04a60710o0086o
60710.060183,-20.986,1.803,-15,26,o,0,1.12,34.71271,-19.71141,8353.31,204.9,2.63,2.1,-33.8,-0.397,18.98,20.03,04a60710o0099o
60710.791517,20.847,1.676,17,28,o,0,1.42,34.71271,-19.71141,9163.55,10453.87,2.96,2.3,-47.3,-0.487,18.82,19.65,03a60711o0063o
60710.792419,20.904,1.462,16,23,o,0,0.96,34.71271,-19.71141,8518.03,229.32,2.65,2.37,-37.6,-0.419,18.78,19.78,03a60711o0065o
60710.794686,-19.852,0.693,-42,29,o,0,1.04,34.71271,-19.71141,9183.17,10493.07,3.05,2.37,-47.9,-0.482,18.77,19.66,03a60711o0070o
60710.795615,20.568,1.058,22,23,o,0,1.0,34.71271,-19.71141,8540.35,269.53,2.36,2.13,-42.7,-0.418,18.93,19.82,03a60711o0072o
60710.800716,20.318,0.963,27,26,o,0,1.18,34.71271,-19.71141,9127.53,10411.32,3.06,2.41,-47.2,-0.473,18.81,19.72,03a60711o0083o
60710.802069,19.765,0.468,45,21,o,0,1.31,34.71271,-19.71141,8482.35,187.57,2.53,2.3,-36.4,-0.402,18.86,19.8,03a60711o0086o
60710.82044,23.4,19.5,2,31,o,0,0.92,34.71271,-19.71141,9106.11,10526.63,3.16,2.54,-34.0,-0.455,18.69,19.62,03a60711o0126o
