MJD,m,dm,uJy,duJy,F,err,chi/N,RA,Dec,x,y,maj,min,phi,apfit,mag5sig,Sky,Obs
60684.629172,20.802,0.669,17,12,o,0,1.31,240.00765,37.82482,3865.07,5539.8,2.78,2.48,49.4,-0.381,19.42,20.74,01a60684o0895o
60684.63288,-22.088,2.061,-5,11,o,0,1.23,240.00765,37.82482,3847.43,5503.52,2.96,2.67,47.7,-0.366,19.36,20.76,01a60684o0903o
60687.651407,-20.402,1.239,-25,31,o,0,0.78,240.00765,37.82482,10162.51,531.83,2.99,2.25,-58.1,-0.479,18.69,19.6,02a60687o0887o
60687.657334,20.297,0.839,28,23,o,0,1.39,240.00765,37.82482,10179.36,570.98,2.93,2.2,-58.9,-0.48,18.79,19.71,02a60687o0899o
60687.662867,19.437,0.572,61,35,o,0,0.85,240.00765,37.82482,10123.73,495.42,3.19,2.4,-56.5,-0.489,18.75,19.8,02a60687o0910o
60687.668391,-19.814,0.718,-43,31,o,0,1.36,240.00765,37.82482,10102.12,615.6,3.53,2.79,-55.3,-0.463,18.62,19.81,02a60687o0921o
60690.602889,20.076,0.652,34,22,o,0,1.14,240.00765,37.82482,4491.58,942.18,2.29,2.19,-24.1,-0.446,18.52,19.07,02a60690o0866o
60690.606107,19.557,0.408,55,22,o,0,1.26,240.00765,37.82482,4509.1,980.16,2.28,2.22,-14.2,-0.441,18.57,19.1,02a60690o0873o
60690.622344,-19.764,0.515,-45,23,o,0,1.4,240.00765,37.82482,4450.29,900.28,2.39,2.33,64.4,-0.432,18.56,19.21,02a60690o0908o
60690.630508,-21.203,1.837,-12,22,o,0,1.4,240.00765,37.82482,4427.83,1014.1,2.21,2.17,-88.4,-0.442,18.66,19.26,02a60690o0924o
60691.590308,19.504,0.417,57,24,o,0,1.03,240.00765,37.82482,6092.02,9623.42,2.96,2.92,69.6,-0.394,18.71,19.45,01a60691o0604o
60691.593193,-20.068,0.638,-34,22,o,0,1.21,240.00765,37.82482,6074.7,9585.15,2.89,2.74,-52.0,-0.41,18.77,19.47,01a60691o0610o
60691.598843,22.733,7.769,3,23,o,0,1.17,240.00765,37.82482,6131.73,9663.5,3.26,3.21,-69.5,-0.408,18.63,19.5,01a60691o0622o
60691.612183,-20.753,1.13,-18,20,o,0,1.11,240.00765,37.82482,6160.75,9547.77,3.03,2.87,55.4,-0.387,18.78,19.63,01a60691o0649o
60691.643909,20.583,0.759,21,16,o,0,1.17,240.00765,37.82482,4485.09,938.92,1.98,1.83,45.8,-0.462,19.02,19.64,02a60691o0955o
60691.654764,20.694,0.938,19,18,o,0,0.94,240.00765,37.82482,4502.39,977.18,1.92,1.85,69.1,-0.472,19.05,19.68,02a60691o0977o
60691.659948,19.775,0.339,45,15,o,0,1.32,240.00765,37.82482,4447.33,899.12,1.94,1.88,89.3,-0.462,18.99,19.66,02a60691o0988o
60691.671101,20.228,0.878,29,26,o,0,0.76,240.00765,37.82482,4425.38,1015.83,1.91,1.88,78.7,-0.475,18.66,19.03,02a60691o1011o
60692.582177,22.005,3.239,6,19,o,0,1.09,240.00765,37.82482,3266.13,7190.61,2.43,2.32,45.4,-0.408,18.93,19.47,01a60692o0762o
60692.585927,21.246,1.527,12,18,o,0,1.3,240.00765,37.82482,3248.98,7153.52,2.47,2.34,39.5,-0.41,18.96,19.51,01a60692o0770o
60692.593344,20.909,1.127,16,18,o,0,1.3,240.00765,37.82482,3307.78,7229.65,2.82,2.44,44.0,-0.364,18.91,19.58,01a60692o0785o
60692.603703,20.662,0.954,20,19,o,0,1.07,240.00765,37.82482,3329.34,7117.03,2.64,2.34,43.8,-0.383,19.01,19.66,01a60692o0807o
60693.587095,-19.943,0.451,-38,17,o,0,1.16,240.00765,37.82482,7336.91,3350.21,2.14,2.01,35.0,-0.417,18.98,19.59,02a60693o0800o
60693.589952,21.682,2.406,8,19,o,0,1.12,240.00765,37.82482,7354.16,3390.14,2.13,1.93,32.5,-0.419,18.98,19.61,02a60693o0806o
60693.595636,-21.421,1.705,-10,17,o,0,1.47,240.00765,37.82482,7296.72,3311.78,2.23,2.11,38.2,-0.409,18.98,19.66,02a60693o0818o
60693.60745,-21.771,2.241,-7,16,o,0,1.11,240.00765,37.82482,7271.91,3426.35,2.39,2.07,32.4,-0.414,19.02,19.81,02a60693o0843o
60693.638309,-22.329,3.281,-4,14,o,0,1.23,240.00765,37.82482,3283.64,7194.63,2.66,2.41,50.2,-0.394,19.21,20.11,01a60693o0927o
60693.643886,21.062,1.12,14,15,o,0,0.91,240.00765,37.82482,3267.86,7160.71,2.83,2.4,49.1,-0.37,19.22,20.13,01a60693o0939o
60693.655743,20.964,1.02,15,15,o,0,0.86,240.00765,37.82482,3324.87,7236.13,2.97,2.55,50.7,-0.363,19.16,20.1,01a60693o0964o
60693.664793,21.174,1.384,12,17,o,0,1.17,240.00765,37.82482,3343.72,7120.68,3.22,2.72,49.7,-0.337,18.99,19.87,01a60693o0983o
60695.633029,21.758,1.842,7,13,o,0,1.19,240.00765,37.82482,8452.99,3742.34,2.46,2.36,-89.7,-0.444,19.29,20.23,01a60695o0899o
60695.636363,21.127,1.133,13,15,o,0,1.34,240.00765,37.82482,8433.46,3704.74,2.9,2.63,42.3,-0.388,19.13,20.25,01a60695o0906o
60695.645528,21.209,1.1,12,13,o,0,1.04,240.00765,37.82482,2165.5,6827.75,2.36,1.91,33.9,-0.42,19.24,20.17,02a60695o0940o
60695.649639,20.793,0.806,18,14,o,0,0.77,240.00765,37.82482,2185.99,6866.3,2.25,1.89,31.2,-0.433,19.29,20.2,02a60695o0949o
60695.653716,21.806,1.786,7,12,o,0,0.97,240.00765,37.82482,8492.42,3778.88,2.41,2.36,83.5,-0.442,19.34,20.32,01a60695o0943o
60695.657033,22.14,2.467,5,12,o,0,1.2,240.00765,37.82482,2127.22,6788.56,2.24,1.88,30.0,-0.434,19.3,20.19,02a60695o0965o
60695.669006,-20.817,1.068,-17,18,o,0,0.78,240.00765,37.82482,2103.94,6903.09,2.36,1.88,31.4,-0.422,19.01,19.67,02a60695o0991o
60695.670277,20.941,1.658,15,25,o,0,1.01,240.00765,37.82482,8509.14,3660.9,2.58,2.39,40.3,-0.415,18.55,18.81,01a60695o0978o
60697.564809,21.414,1.5,10,15,o,0,0.77,240.00765,37.82482,8241.16,7033.68,2.37,2.28,24.7,-0.421,19.15,20.25,02a60697o0701o
60697.569324,-23.796,13.625,-1,15,o,0,1.12,240.00765,37.82482,8234.42,7026.99,2.28,2.18,47.2,-0.426,19.25,20.28,02a60697o0710o
60697.573158,-22.338,3.559,-4,15,o,0,0.97,240.00765,37.82482,8237.25,7032.38,2.16,2.07,39.6,-0.435,19.33,20.3,02a60697o0718o
60697.577596,20.936,0.967,15,15,o,0,0.98,240.00765,37.82482,8235.88,7030.83,2.18,2.06,37.9,-0.434,19.27,20.27,02a60697o0727o
60699.640366,-22.541,3.538,-4,12,o,0,1.24,240.00765,37.82482,2272.19,8772.29,2.44,2.12,28.7,-0.412,19.39,20.71,02a60699o0924o
60699.65413,22.729,4.591,3,14,o,0,0.98,240.00765,37.82482,2294.32,8813.39,2.42,2.13,29.6,-0.413,19.39,20.72,02a60699o0954o
60699.659243,20.595,0.571,21,12,o,0,1.25,240.00765,37.82482,2233.29,8734.03,2.35,2.06,26.4,-0.413,19.43,20.71,02a60699o0965o
60699.664333,21.001,0.929,14,13,o,0,1.03,240.00765,37.82482,2209.48,8850.08,2.36,2.09,27.4,-0.417,19.35,20.59,02a60699o0976o
60704.599137,-21.838,3.455,-7,23,o,0,1.09,240.00765,37.82482,1356.35,7331.52,2.63,2.48,54.0,-0.429,18.71,20.09,01a60704o0840o
60704.601932,20.841,1.702,17,28,o,0,0.99,240.00765,37.82482,1338.71,7295.88,3.05,2.71,50.9,-0.376,18.63,20.14,01a60704o0846o
60704.607327,20.336,1.209,27,32,o,0,0.92,240.00765,37.82482,1398.65,7371.54,2.66,2.46,56.4,-0.427,18.39,19.83,01a60704o0857o
60704.613452,20.012,0.672,36,24,o,0,1.22,240.00765,37.82482,1416.57,7255.93,2.69,2.48,53.8,-0.42,18.69,20.15,01a60704o0869o
60708.581147,20.455,0.571,24,14,o,0,1.02,240.00765,37.82482,2332.46,9844.45,3.1,2.95,-78.5,-0.397,19.29,20.81,01a60708o0799o
60708.58442,-22.605,4.556,-3,15,o,0,0.84,240.00765,37.82482,2314.44,9805.65,3.05,2.91,86.0,-0.391,19.36,20.83,01a60708o0806o
60708.590008,20.723,0.704,19,13,o,0,1.1,240.00765,37.82482,2373.26,9883.25,2.95,2.81,-85.4,-0.399,19.39,20.85,01a60708o0818o
60708.600324,22.283,2.75,4,12,o,0,1.5,240.00765,37.82482,2396.32,9767.57,3.37,3.14,68.0,-0.378,19.3,20.9,01a60708o0840o
60709.564107,22.193,2.962,5,14,c,0,1.19,240.00765,37.82482,8279.31,697.86,2.86,2.42,-56.4,-0.409,19.31,21.0,02a60709o0773c
60709.566942,-22.709,3.944,-3,12,c,0,1.79,240.00765,37.82482,8297.08,736.61,2.72,2.27,-57.2,-0.416,19.35,21.0,02a60709o0779c
60709.57241,21.272,1.268,11,14,c,0,1.16,240.00765,37.82482,8237.26,657.8,2.66,2.21,-59.2,-0.424,19.37,21.03,02a60709o0791c
60709.583495,-20.595,0.589,-21,12,c,0,1.21,240.00765,37.82482,8214.66,778.14,2.5,2.15,-57.3,-0.425,19.44,21.09,02a60709o0815c
60710.593693,-21.105,0.899,-13,12,c,0,1.0,240.00765,37.82482,2515.71,515.99,2.43,2.26,-67.3,-0.423,19.49,21.29,02a60710o0823c
60710.600684,20.268,0.386,28,11,c,0,1.08,240.00765,37.82482,2530.79,554.12,2.39,2.24,-77.0,-0.428,19.53,21.28,02a60710o0838c
60710.612206,21.97,1.558,6,9,c,0,1.57,240.00765,37.82482,2471.52,473.7,2.37,2.2,-75.9,-0.421,19.54,21.33,02a60710o0863c
60710.615461,22.952,4.176,2,10,c,0,0.93,240.00765,37.82482,2452.41,591.62,2.38,2.22,-76.8,-0.426,19.52,21.33,02a60710o0870c
60711.555185,0.0,20.885,0,16,o,0,0.92,240.00765,37.82482,8286.6,7008.13,2.3,2.08,33.6,-0.425,19.31,20.45,02a60711o0656o
60711.557961,22.858,4.529,3,12,o,0,1.22,240.00765,37.82482,2424.09,3447.17,2.83,2.54,44.0,-0.406,19.32,20.56,01a60711o0662o
60711.559536,-21.714,1.673,-8,12,o,0,1.6,240.00765,37.82482,8306.13,7045.49,2.3,2.09,36.8,-0.431,19.34,20.45,02a60711o0665o
60711.564009,-22.261,2.485,-4,11,o,0,1.86,240.00765,37.82482,8247.31,6969.03,2.32,2.11,37.5,-0.428,19.32,20.45,02a60711o0674o
60711.61165,21.805,1.638,7,11,o,0,1.28,240.00765,37.82482,2383.45,3517.3,2.73,2.55,45.3,-0.42,19.45,20.89,01a60711o0761o
60712.607057,21.775,1.265,7,9,o,0,1.35,240.00765,37.82482,5800.05,5448.49,2.72,2.52,48.1,-0.394,19.58,21.1,01a60712o0809o
60712.621913,21.28,0.811,11,9,o,0,1.25,240.00765,37.82482,5781.76,5409.98,2.81,2.6,43.8,-0.39,19.56,21.15,01a60712o0840o
60712.641623,20.631,0.49,20,10,o,0,0.81,240.00765,37.82482,5837.73,5486.27,2.81,2.48,49.3,-0.383,19.6,21.16,01a60712o0879o
