MJD,m,dm,uJy,duJy,F,err,chi/N,RA,Dec,x,y,maj,min,phi,apfit,mag5sig,Sky,Obs
60682.062486,20.908,1.662,16,26,o,0,1.16,12.27745,-31.08231,9893.91,200.46,2.73,2.17,-39.9,-0.364,18.97,19.92,04a60682o0071o
60682.063879,19.806,0.649,43,28,o,0,1.25,12.27745,-31.08231,991.43,10419.45,2.58,1.88,-73.6,-0.468,18.97,19.94,04a60682o0074o
60682.065343,21.964,4.697,6,28,o,0,1.23,12.27745,-31.08231,9913.18,239.21,2.35,2.0,-77.3,-0.473,18.9,19.87,04a60682o0077o
60682.067614,20.332,0.863,27,23,o,0,0.87,12.27745,-31.08231,1008.05,10458.03,2.74,1.91,-77.0,-0.409,18.99,19.87,04a60682o0082o
60682.074025,-21.876,3.583,-6,23,o,0,0.86,12.27745,-31.08231,949.3,10380.67,2.96,1.9,-76.3,-0.397,18.93,19.77,04a60682o0096o
60682.084649,-21.783,4.176,-7,29,o,0,0.69,12.27745,-31.08231,9855.77,162.63,2.54,2.25,-46.6,-0.346,18.8,19.78,04a60682o0119o
60682.086043,19.83,0.725,42,31,o,0,1.69,12.27745,-31.08231,932.61,10501.63,2.99,1.94,-78.0,-0.39,18.93,19.86,04a60682o0122o
60682.090059,23.689,22.2,1,27,o,0,1.14,12.27745,-31.08231,9829.13,278.43,3.32,2.07,-35.1,-0.306,18.89,19.83,04a60682o0130o
60682.805857,-22.738,9.167,-3,27,o,0,1.18,12.27745,-31.08231,9997.06,334.63,2.99,2.63,-67.6,-0.431,18.76,19.8,03a60683o0057o
60682.806308,19.163,0.425,78,33,o,0,1.05,12.27745,-31.08231,861.28,10305.26,3.37,2.98,-40.7,-0.433,18.73,19.79,03a60683o0058o
60682.809081,-20.255,0.94,-29,27,o,0,1.58,12.27745,-31.08231,10015.5,374.78,3.09,2.53,-66.3,-0.429,18.71,19.8,03a60683o0064o
60682.809536,-20.519,1.31,-22,30,o,0,1.23,12.27745,-31.08231,877.52,10344.74,3.52,2.97,-44.3,-0.403,18.71,19.79,03a60683o0065o
60682.815015,-25.655,112.0,0,22,o,0,1.35,12.27745,-31.08231,9956.05,292.68,2.73,2.3,-66.2,-0.449,18.82,19.84,03a60683o0077o
60682.815465,20.26,1.1,29,31,o,0,1.21,12.27745,-31.08231,821.96,10266.36,3.38,2.98,-45.6,-0.438,18.74,19.81,03a60683o0078o
60682.824811,-20.44,1.0,-24,24,o,0,1.52,12.27745,-31.08231,9930.26,407.52,2.82,2.58,-49.8,-0.421,18.75,19.8,03a60683o0098o
60682.825261,18.759,0.284,114,32,o,0,1.02,12.27745,-31.08231,800.67,10384.4,3.79,3.29,-37.6,-0.395,18.64,19.79,03a60683o0099o
60683.799329,-22.972,9.667,-2,23,o,0,0.81,12.27745,-31.08231,4223.38,6257.9,2.45,2.18,-44.4,-0.382,18.83,19.63,03a60684o0043o
60683.802068,-21.879,2.756,-6,18,o,0,1.23,12.27745,-31.08231,4241.69,6295.72,2.5,2.18,-49.5,-0.378,18.83,19.66,03a60684o0049o
60683.807962,21.048,1.207,14,17,o,0,1.14,12.27745,-31.08231,4185.2,6217.75,2.46,2.2,-48.0,-0.382,18.85,19.69,03a60684o0062o
60683.817598,20.268,0.679,28,19,o,0,1.11,12.27745,-31.08231,4164.97,6332.62,2.38,2.12,-50.6,-0.386,18.9,19.71,03a60684o0083o
60685.054337,21.268,1.95,11,22,o,0,1.13,12.27745,-31.08231,4259.78,6276.96,2.11,1.85,-22.3,-0.423,18.74,19.46,04a60685o0054o
60685.057188,23.902,21.125,1,21,o,0,1.14,12.27745,-31.08231,4279.5,6314.99,2.08,1.77,-73.7,-0.434,18.8,19.57,04a60685o0060o
60685.062333,20.57,1.076,22,23,o,0,0.94,12.27745,-31.08231,4220.13,6238.26,2.02,1.85,-48.7,-0.41,18.79,19.55,04a60685o0071o
60685.073214,-20.381,0.824,-26,21,o,0,0.82,12.27745,-31.08231,4200.76,6353.24,1.97,1.79,-62.5,-0.416,18.78,19.48,04a60685o0094o
60686.054674,-20.785,1.153,-18,20,o,0,1.11,12.27745,-31.08231,3845.66,1922.77,2.01,1.92,37.9,-0.432,18.68,19.33,04a60686o0056o
60686.057913,21.113,1.847,13,24,o,0,1.28,12.27745,-31.08231,3866.46,1962.3,2.03,1.93,9.2,-0.446,18.64,19.32,04a60686o0063o
60686.063527,21.518,2.642,9,24,o,0,1.4,12.27745,-31.08231,3807.06,1885.66,2.03,1.89,22.7,-0.451,18.65,19.29,04a60686o0075o
60686.07345,-24.376,29.8,-1,19,o,0,1.14,12.27745,-31.08231,3786.61,2002.25,1.98,1.9,40.1,-0.445,18.63,19.26,04a60686o0096o
60686.805337,20.323,0.915,27,25,o,0,1.08,12.27745,-31.08231,3920.46,1904.53,2.35,2.12,-59.0,-0.426,18.68,19.31,03a60687o0057o
60686.809154,20.733,1.415,18,26,o,0,1.0,12.27745,-31.08231,3939.76,1944.37,2.38,2.15,-51.3,-0.418,18.68,19.31,03a60687o0065o
60686.814629,21.618,2.717,8,22,o,0,1.07,12.27745,-31.08231,3881.33,1864.82,2.38,2.12,-61.4,-0.42,18.67,19.29,03a60687o0077o
60686.834939,20.021,0.652,36,23,o,0,1.46,12.27745,-31.08231,3859.01,1981.75,2.35,2.16,-52.6,-0.429,18.63,19.19,03a60687o0121o
60687.798721,-20.01,1.107,-36,40,o,0,1.16,12.27745,-31.08231,8341.15,8615.29,2.98,2.48,-48.4,-0.387,18.3,18.99,03a60688o0043o
60687.801886,20.363,1.14,26,30,o,0,0.85,12.27745,-31.08231,8360.42,8654.88,2.84,2.33,-51.1,-0.406,18.57,19.25,03a60688o0050o
60687.807912,-18.834,0.551,-106,58,o,0,0.97,12.27745,-31.08231,8307.2,8574.39,2.91,2.37,-48.0,-0.391,17.82,18.4,03a60688o0063o
60687.817949,-19.13,0.397,-81,32,o,0,1.14,12.27745,-31.08231,8282.79,8688.76,2.84,2.34,-48.5,-0.396,18.4,18.92,03a60688o0085o
60689.065324,-22.045,7.429,-6,41,o,0,1.27,12.27745,-31.08231,8441.36,8536.05,2.26,1.87,-8.5,-0.41,18.28,18.78,04a60689o0021o
60689.070495,20.35,1.3,26,34,o,0,1.39,12.27745,-31.08231,8459.92,8573.84,2.22,1.8,-8.6,-0.391,18.29,18.72,04a60689o0032o
60689.073677,-19.873,1.098,-41,45,o,0,1.21,12.27745,-31.08231,8405.25,8496.77,2.17,1.82,-12.2,-0.417,18.24,18.63,04a60689o0039o
60689.084377,-20.688,2.156,-19,42,o,0,1.04,12.27745,-31.08231,8384.26,8614.08,2.29,1.89,-9.3,-0.392,18.16,18.59,04a60689o0062o
60690.065569,-20.804,1.655,-17,29,o,0,1.49,12.27745,-31.08231,8053.22,2232.24,2.4,2.01,-25.2,-0.414,18.51,19.03,04a60690o0080o
60690.068774,20.225,1.349,30,40,o,0,0.79,12.27745,-31.08231,8069.77,2268.66,2.45,1.91,-25.6,-0.4,18.17,18.67,04a60690o0087o
60690.073983,20.326,1.329,27,36,o,0,0.74,12.27745,-31.08231,8010.87,2190.98,2.43,1.96,-26.0,-0.406,18.38,18.94,04a60690o0098o
60690.095171,20.999,2.88,14,42,o,0,0.69,12.27745,-31.08231,7986.94,2309.16,2.48,1.87,-24.3,-0.388,18.25,18.8,04a60690o0144o
60690.797993,23.11,10.75,2,22,o,0,1.26,12.27745,-31.08231,8112.18,2314.3,3.15,2.78,-61.4,-0.406,18.7,19.91,03a60691o0043o
60690.801166,20.631,1.022,20,21,o,0,1.1,12.27745,-31.08231,8130.71,2353.59,2.89,2.53,-57.4,-0.416,18.77,19.88,03a60691o0050o
60690.807221,20.849,1.366,17,23,o,0,1.11,12.27745,-31.08231,8073.56,2273.26,2.78,2.4,-58.9,-0.42,18.72,19.7,03a60691o0063o
60690.817336,20.01,0.692,36,25,o,0,0.89,12.27745,-31.08231,8049.25,2388.0,2.72,2.36,-57.9,-0.419,18.62,19.46,03a60691o0085o
60693.059721,21.077,1.172,14,16,o,0,1.26,12.27745,-31.08231,7922.72,4650.47,2.39,1.92,-17.2,-0.435,19.05,20.26,04a60693o0069o
60693.073479,23.114,8.214,2,17,o,0,1.45,12.27745,-31.08231,7941.64,4690.27,2.29,1.85,-19.9,-0.448,19.09,20.21,04a60693o0099o
60693.076752,-20.989,1.072,-15,16,o,0,1.23,12.27745,-31.08231,7883.48,4611.32,2.31,1.88,-25.4,-0.44,19.03,20.3,04a60693o0106o
60693.0825,-21.301,1.629,-11,18,o,0,1.14,12.27745,-31.08231,7863.12,4728.32,2.32,1.93,-22.6,-0.447,19.02,20.21,04a60693o0118o
60694.041,21.021,1.208,14,17,c,0,1.29,12.27745,-31.08231,6269.78,8114.34,2.67,2.05,-68.7,-0.401,19.06,20.4,04a60694o0029c
60694.044718,20.915,0.806,16,13,c,0,1.19,12.27745,-31.08231,6290.03,8154.04,2.64,2.03,-69.4,-0.412,19.24,20.83,04a60694o0037c
60694.050246,22.254,2.654,5,12,c,0,1.36,12.27745,-31.08231,6232.61,8076.52,2.57,2.15,-79.0,-0.398,19.34,21.15,04a60694o0049c
60694.061695,-22.193,2.76,-5,13,c,0,0.85,12.27745,-31.08231,6214.99,8193.83,2.67,2.02,-69.6,-0.409,19.42,21.32,04a60694o0074c
60694.789521,22.736,7.941,3,23,o,0,1.29,12.27745,-31.08231,6183.25,8141.63,2.62,2.25,-44.7,-0.38,18.55,19.21,03a60695o0027o
60694.793166,22.499,5.684,4,21,o,0,1.28,12.27745,-31.08231,6201.75,8180.21,2.76,2.36,-37.1,-0.373,18.76,19.68,03a60695o0035o
60694.798624,21.799,2.429,7,17,o,0,1.18,12.27745,-31.08231,6147.71,8100.47,2.83,2.37,-39.5,-0.378,18.92,20.05,03a60695o0047o
60694.809247,-21.168,1.197,-12,15,o,0,1.63,12.27745,-31.08231,6123.99,8216.19,2.78,2.28,-40.2,-0.387,18.99,20.2,03a60695o0070o
60695.789491,21.893,3.786,6,24,o,0,1.28,12.27745,-31.08231,6140.52,6209.96,2.9,2.59,-50.3,-0.395,18.6,19.62,03a60696o0028o
60695.793123,20.644,1.115,20,22,o,0,1.06,12.27745,-31.08231,6155.8,6248.69,2.76,2.42,-52.1,-0.412,18.85,20.02,03a60696o0036o
60695.798577,20.071,0.405,34,14,o,0,1.78,12.27745,-31.08231,6100.61,6169.47,2.73,2.39,-50.2,-0.403,19.01,20.35,03a60696o0048o
60695.809489,-20.862,1.188,-16,20,o,0,0.8,12.27745,-31.08231,6079.64,6284.65,2.92,2.62,-49.7,-0.398,18.97,20.5,03a60696o0072o
60698.038218,20.157,0.663,31,21,c,0,1.05,12.27745,-31.08231,6680.88,10068.93,2.99,2.06,-72.2,-0.372,18.83,19.98,04a60698o0026c
60698.04142,21.414,1.62,10,16,c,0,0.97,12.27745,-31.08231,6701.04,10108.93,3.07,2.12,-73.4,-0.351,19.06,20.41,04a60698o0033c
60698.046901,22.152,3.25,5,16,c,0,0.9,12.27745,-31.08231,6644.65,10031.48,2.89,2.06,-68.3,-0.397,19.22,20.87,04a60698o0045c
60698.057521,19.875,0.269,41,11,c,0,1.36,12.27745,-31.08231,6625.25,10147.95,2.95,1.98,-72.6,-0.375,19.32,21.04,04a60698o0068c
60698.787345,-22.724,10.733,-3,32,o,0,0.92,12.27745,-31.08231,6546.32,10096.17,2.81,2.31,-38.3,-0.389,18.57,19.2,03a60699o0026o
60698.790539,-21.225,1.691,-12,20,o,0,1.38,12.27745,-31.08231,6565.24,10135.79,2.93,2.43,-34.2,-0.381,18.74,19.65,03a60699o0033o
60698.795979,21.182,1.5,12,18,o,0,1.0,12.27745,-31.08231,6510.25,10055.08,2.93,2.4,-34.8,-0.386,18.97,20.07,03a60699o0045o
60698.806608,-20.13,0.528,-32,17,o,0,1.41,12.27745,-31.08231,6490.49,10171.32,3.12,2.42,-25.3,-0.378,19.0,20.3,03a60699o0068o
60702.033326,19.86,0.993,41,41,c,0,1.06,12.27745,-31.08231,10364.05,8489.12,2.94,2.52,-29.8,-0.443,18.39,19.19,04a60702o0030c
60702.036485,19.842,0.725,42,30,c,0,0.88,12.27745,-31.08231,10384.32,8529.26,2.92,2.64,-30.7,-0.417,18.69,19.78,04a60702o0037c
60702.037837,20.493,0.821,23,19,c,0,1.19,12.27745,-31.08231,536.32,8474.09,2.89,2.31,-83.7,-0.333,18.93,20.2,04a60702o0040c
60702.04104,-21.981,2.786,-6,16,c,0,1.07,12.27745,-31.08231,554.16,8513.4,2.99,2.4,-86.7,-0.322,19.11,20.58,04a60702o0047c
60702.044253,21.06,1.37,14,19,c,0,0.9,12.27745,-31.08231,10324.54,8450.27,3.03,2.6,-30.1,-0.404,19.08,20.69,04a60702o0054c
60702.04651,23.915,15.0,1,15,c,0,0.81,12.27745,-31.08231,498.35,8438.71,2.9,2.27,-82.8,-0.336,19.24,20.98,04a60702o0059c
60702.056686,21.056,1.031,14,14,c,0,0.91,12.27745,-31.08231,478.4,8557.31,2.98,2.35,-87.5,-0.333,19.28,21.1,04a60702o0081c
60702.057137,20.319,0.624,27,17,c,0,0.97,12.27745,-31.08231,10304.7,8567.16,3.01,2.54,-38.5,-0.399,19.19,20.93,04a60702o0082c
60706.030926,19.757,0.558,45,25,c,0,1.88,12.27745,-31.08231,4365.23,8209.77,2.74,2.02,-74.8,-0.382,18.31,19.08,04a60706o0030c
60706.034089,20.747,1.058,18,19,c,0,1.92,12.27745,-31.08231,4385.52,8249.08,2.8,2.02,-74.9,-0.372,18.63,19.73,04a60706o0037c
60706.041872,22.033,2.906,6,16,c,0,0.88,12.27745,-31.08231,4326.49,8172.7,2.71,2.01,-75.6,-0.379,19.11,20.69,04a60706o0054c
60706.059534,22.104,2.531,5,13,c,0,1.1,12.27745,-31.08231,4305.71,8291.0,2.62,1.89,-76.1,-0.376,19.26,20.89,04a60706o0092c
60709.063113,-20.361,0.758,-26,20,o,0,0.95,12.27745,-31.08231,1866.54,2043.77,2.39,1.96,43.8,-0.417,18.81,19.89,04a60709o0103o
60709.066008,-22.378,5.308,-4,22,o,0,1.05,12.27745,-31.08231,1884.87,2083.2,2.11,1.91,47.9,-0.421,18.88,19.9,04a60709o0109o
60709.071804,23.63,15.625,1,20,o,0,1.1,12.27745,-31.08231,1826.76,2006.1,2.37,1.87,43.7,-0.411,18.86,19.92,04a60709o0121o
60709.088102,20.435,0.921,24,22,o,0,1.05,12.27745,-31.08231,1809.01,2127.35,1.98,1.93,49.3,-0.409,18.76,19.82,04a60709o0156o
60710.060665,21.289,1.932,11,21,o,0,1.01,12.27745,-31.08231,5812.66,1826.23,2.09,1.91,-13.8,-0.439,18.79,19.78,04a60710o0100o
60710.063953,-20.381,0.74,-26,19,o,0,1.03,12.27745,-31.08231,5831.74,1864.87,2.1,1.91,-17.7,-0.431,18.79,19.77,04a60710o0107o
60710.069689,-21.33,1.739,-11,19,o,0,1.23,12.27745,-31.08231,5771.21,1786.78,2.16,1.92,-15.5,-0.417,18.73,19.73,04a60710o0119o
60710.085053,20.491,1.024,23,24,o,0,0.88,12.27745,-31.08231,5751.97,1907.85,2.09,1.91,-25.2,-0.467,18.64,19.53,04a60710o0152o
60710.780118,-20.201,0.911,-30,28,o,0,1.58,12.27745,-31.08231,5882.53,1853.91,2.36,2.17,-29.8,-0.411,18.27,18.72,03a60711o0038o
60710.783294,19.652,0.578,50,29,o,0,1.44,12.27745,-31.08231,5900.41,1892.27,2.37,2.19,-36.3,-0.408,18.43,19.1,03a60711o0045o
60710.78881,21.888,4.0,6,26,o,0,1.22,12.27745,-31.08231,5842.24,1813.9,2.29,2.06,-50.9,-0.418,18.57,19.32,03a60711o0057o
