MJD,m,dm,uJy,duJy,F,err,chi/N,RA,Dec,x,y,maj,min,phi,apfit,mag5sig,Sky,Obs
60682.445394,-19.222,0.195,-74,14,o,0,2.35,126.78322,22.84111,5119.4,7605.87,2.37,1.88,38.3,-0.432,19.41,20.55,02a60682o0533o
60682.447202,-18.957,0.119,-95,11,o,0,3.39,126.78322,22.84111,5139.97,7644.9,2.42,1.9,33.8,-0.431,19.45,20.56,02a60682o0537o
60682.451379,-18.985,0.113,-92,10,o,0,3.49,126.78322,22.84111,5082.6,7568.86,2.48,2.0,38.6,-0.424,19.44,20.6,02a60682o0546o
60682.470817,-20.728,0.475,-19,9,o,0,3.02,126.78322,22.84111,5058.1,7688.46,2.53,2.02,40.4,-0.422,19.44,20.73,02a60682o0584o
60684.418763,-20.032,0.431,-35,15,o,0,2.39,126.78322,22.84111,8221.27,7050.29,2.6,2.45,48.6,-0.415,19.21,20.03,01a60684o0456o
60684.420591,-19.563,0.29,-54,16,o,0,2.12,126.78322,22.84111,8202.16,7010.91,2.63,2.53,58.7,-0.418,19.18,20.03,01a60684o0460o
60684.4238,-19.698,0.322,-48,16,o,0,1.57,126.78322,22.84111,8257.98,7089.5,2.54,2.45,50.9,-0.421,19.23,20.03,01a60684o0467o
60684.433233,-18.956,0.166,-95,16,o,0,1.88,126.78322,22.84111,8280.15,6973.88,2.7,2.48,58.7,-0.417,19.17,20.1,01a60684o0486o
60686.388912,20.136,0.849,32,27,o,0,1.4,126.78322,22.84111,5603.96,9358.15,2.52,2.41,-60.1,-0.429,18.55,19.08,02a60686o0181o
60686.391627,19.755,0.476,46,22,o,0,2.16,126.78322,22.84111,5623.67,9398.15,2.41,2.28,-58.8,-0.423,18.59,19.08,02a60686o0187o
60686.394803,-19.367,0.474,-65,31,o,0,1.52,126.78322,22.84111,5562.47,9319.69,2.56,2.48,-57.7,-0.424,18.56,19.08,02a60686o0194o
60686.400243,18.98,0.297,93,28,o,0,1.52,126.78322,22.84111,5538.32,9437.19,2.47,2.3,-60.5,-0.429,18.65,19.14,02a60686o0206o
60692.493199,-19.596,0.692,-53,36,o,0,1.18,126.78322,22.84111,6422.49,1890.44,2.46,2.22,36.3,-0.44,17.93,18.2,01a60692o0581o
60692.496408,-19.139,0.359,-80,29,o,0,1.21,126.78322,22.84111,6441.84,1928.74,2.53,2.28,38.4,-0.429,18.62,19.08,01a60692o0588o
60692.504437,-19.562,0.257,-54,14,o,0,3.19,126.78322,22.84111,6384.26,1848.98,2.49,2.27,43.5,-0.43,19.0,19.56,01a60692o0604o
60692.515501,-18.845,0.173,-105,18,o,0,1.22,126.78322,22.84111,6367.81,1966.13,2.42,2.21,39.5,-0.433,18.99,19.52,01a60692o0627o
60692.617622,-19.843,0.468,-42,20,o,0,1.84,126.78322,22.84111,376.71,2220.79,2.54,2.37,43.8,-0.363,18.67,19.07,01a60692o0833o
60692.618079,-19.34,0.361,-67,24,o,0,0.95,126.78322,22.84111,395.81,2260.11,2.5,2.34,40.2,-0.365,18.7,19.07,01a60692o0834o
60692.618536,20.514,0.881,23,20,o,0,2.52,126.78322,22.84111,335.37,2180.29,2.47,2.31,36.8,-0.362,18.73,19.07,01a60692o0835o
60692.618993,20.548,0.983,22,22,o,0,1.87,126.78322,22.84111,317.25,2297.13,2.54,2.38,42.0,-0.363,18.67,19.06,01a60692o0836o
60692.61945,23.985,26.875,1,25,o,0,1.12,126.78322,22.84111,354.68,2239.09,2.45,2.29,42.2,-0.37,18.71,19.06,01a60692o0837o
60692.868531,-19.299,0.456,-69,32,o,0,1.47,126.78322,22.84111,10016.73,8450.86,2.75,2.22,-55.5,-0.392,18.39,18.87,03a60693o0199o
60692.868982,-18.702,0.261,-120,31,o,0,1.56,126.78322,22.84111,9998.74,8411.13,2.74,2.18,-56.1,-0.403,18.4,18.88,03a60693o0200o
60692.869432,19.949,0.932,38,35,o,0,1.26,126.78322,22.84111,10057.31,8491.7,2.78,2.22,-56.2,-0.4,18.37,18.87,03a60693o0201o
60692.869883,-18.715,0.259,-118,31,o,0,1.43,126.78322,22.84111,10078.27,8376.08,2.75,2.21,-57.9,-0.402,18.4,18.87,03a60693o0202o
60692.870333,21.193,2.547,12,31,o,0,1.37,126.78322,22.84111,10039.55,8432.83,2.73,2.17,-57.5,-0.397,18.4,18.87,03a60693o0203o
60693.481737,-19.834,0.394,-42,17,o,0,1.88,126.78322,22.84111,4092.29,8678.56,2.3,2.09,32.7,-0.41,19.11,19.96,02a60693o0585o
60693.484924,-19.187,0.198,-77,15,o,0,2.4,126.78322,22.84111,4073.32,8637.54,2.34,2.14,31.3,-0.41,19.09,19.95,02a60693o0592o
60693.490948,-19.8,0.423,-44,18,o,0,1.81,126.78322,22.84111,4130.86,8721.15,2.49,2.26,32.0,-0.396,19.04,19.9,02a60693o0605o
60693.520012,-19.502,0.298,-58,17,o,0,2.46,126.78322,22.84111,4144.92,8598.04,2.42,2.08,35.2,-0.404,19.09,19.86,02a60693o0662o
60694.464697,-19.617,0.348,-52,18,o,0,2.03,126.78322,22.84111,9726.38,5244.25,2.42,2.25,-45.7,-0.433,19.15,20.16,02a60694o0558o
60694.49694,21.014,1.223,14,18,o,0,1.43,126.78322,22.84111,9697.88,5205.99,2.41,2.17,-48.6,-0.441,19.17,20.18,02a60694o0626o
60694.500107,-19.531,0.285,-56,16,o,0,2.41,126.78322,22.84111,9760.27,5285.88,2.49,2.27,-45.4,-0.436,19.17,20.2,02a60694o0633o
60694.505568,-20.663,0.761,-20,15,o,0,2.06,126.78322,22.84111,9780.84,5170.69,2.49,2.27,-42.4,-0.43,19.15,20.18,02a60694o0645o
60695.461427,21.747,1.783,7,13,o,0,1.92,126.78322,22.84111,816.07,5363.17,2.52,2.37,52.8,-0.4,19.37,20.38,01a60695o0540o
60695.464233,-20.079,0.38,-34,13,o,0,1.81,126.78322,22.84111,836.67,5401.92,2.56,2.41,52.1,-0.396,19.33,20.38,01a60695o0546o
60695.494982,-19.903,0.323,-40,13,o,0,2.03,126.78322,22.84111,780.1,5317.8,2.55,2.35,55.5,-0.392,19.31,20.31,01a60695o0609o
60695.500286,-20.936,0.786,-15,12,o,0,2.62,126.78322,22.84111,762.12,5434.02,2.58,2.34,46.3,-0.399,19.28,20.3,01a60695o0620o
60696.451443,-20.561,0.521,-22,11,o,0,2.52,126.78322,22.84111,4278.5,3456.15,2.61,2.34,45.1,-0.403,19.46,20.68,01a60696o0522o
60696.454838,-15.876,0.243,-1621,394,o,0,1.1,126.78322,22.84111,4299.11,3494.21,2.64,2.35,43.4,-0.41,15.8,16.34,01a60696o0528o
60696.486485,-19.767,0.347,-45,16,o,0,1.5,126.78322,22.84111,4247.2,3410.81,2.69,2.39,51.9,-0.398,19.17,20.27,01a60696o0594o
60696.491609,-19.788,0.26,-44,12,o,0,1.99,126.78322,22.84111,4224.96,3526.19,2.77,2.41,44.2,-0.399,19.37,20.55,01a60696o0605o
60697.572609,20.769,1.038,18,19,o,0,1.92,126.78322,22.84111,6975.28,5580.85,3.0,2.84,43.3,-0.363,18.83,19.93,01a60697o0706o
60697.578919,-24.384,23.667,-1,15,o,0,1.36,126.78322,22.84111,6973.65,5580.85,3.41,3.16,48.6,-0.333,19.11,20.5,01a60697o0718o
60697.583924,-19.843,0.568,-42,24,o,0,1.56,126.78322,22.84111,6973.1,5580.86,3.09,2.62,42.8,-0.325,18.6,19.79,01a60697o0727o
60697.590806,-20.072,0.397,-34,14,o,0,1.46,126.78322,22.84111,6970.43,5581.33,3.02,2.54,42.9,-0.333,19.18,20.38,01a60697o0739o
60699.448039,-20.354,0.418,-26,11,o,0,2.26,126.78322,22.84111,917.19,7306.95,2.83,2.65,59.4,-0.414,19.43,20.87,01a60699o0506o
60699.482828,-19.133,0.156,-81,13,o,0,2.01,126.78322,22.84111,942.05,7340.9,2.86,2.74,60.3,-0.414,19.41,20.88,01a60699o0578o
60699.486031,-19.882,0.275,-40,11,o,0,1.8,126.78322,22.84111,883.02,7261.34,2.77,2.6,57.4,-0.411,19.48,20.9,01a60699o0584o
60699.49159,-21.781,1.76,-7,12,o,0,1.8,126.78322,22.84111,864.2,7376.33,2.7,2.52,59.1,-0.421,19.5,20.87,01a60699o0596o
60700.487118,-19.298,0.151,-69,10,o,0,2.54,126.78322,22.84111,4183.62,1502.31,2.49,2.3,34.5,-0.449,19.49,20.89,01a60700o0344o
60700.489947,-19.821,0.255,-43,11,o,0,1.82,126.78322,22.84111,4202.64,1540.95,2.39,2.25,46.2,-0.458,19.57,20.87,01a60700o0350o
60700.495486,-19.348,0.237,-66,16,o,0,2.0,126.78322,22.84111,4146.99,1461.65,2.74,2.44,40.1,-0.428,18.98,20.31,01a60700o0362o
60700.505694,-19.441,0.196,-61,12,o,0,2.95,126.78322,22.84111,4128.08,1577.55,2.52,2.37,42.4,-0.439,19.23,20.46,01a60700o0383o
60703.583295,16.725,0.023,741,17,o,0,120.73,126.78322,22.84111,5039.3,5665.43,3.09,2.74,44.8,-0.364,19.27,20.58,01a60703o0325o
60703.586575,-19.717,0.351,-47,16,o,0,1.03,126.78322,22.84111,5055.56,5704.14,2.92,2.6,46.7,-0.372,19.32,20.57,01a60703o0332o
60703.593134,-20.175,0.459,-31,14,o,0,1.64,126.78322,22.84111,4994.6,5626.51,2.95,2.85,54.2,-0.395,19.2,20.54,01a60703o0346o
60703.607882,-19.803,0.38,-44,16,o,0,1.54,126.78322,22.84111,4973.2,5742.95,3.09,2.78,46.3,-0.377,19.02,20.37,01a60703o0377o
60704.429053,-19.863,0.394,-41,16,o,0,2.37,126.78322,22.84111,8335.98,1769.07,2.35,2.3,11.6,-0.468,19.1,20.33,01a60704o0491o
60704.462579,-19.468,0.515,-59,30,o,0,1.68,126.78322,22.84111,8358.57,1802.48,2.36,2.31,22.4,-0.462,18.33,19.61,01a60704o0560o
60704.465372,22.114,6.5,5,34,o,0,1.08,126.78322,22.84111,8303.27,1725.14,2.35,2.26,30.4,-0.472,18.44,19.69,01a60704o0566o
60704.48564,-20.15,0.896,-32,28,o,0,1.26,126.78322,22.84111,8283.89,1840.51,2.37,2.3,25.9,-0.472,18.47,19.78,01a60704o0607o
60708.371335,21.394,0.95,10,10,o,0,3.47,126.78322,22.84111,6986.85,1123.02,2.47,2.39,46.9,-0.433,19.48,20.77,01a60708o0360o
60708.374665,22.025,1.907,6,11,o,0,4.2,126.78322,22.84111,6967.8,1083.42,2.5,2.43,60.3,-0.435,19.47,20.83,01a60708o0367o
60708.409934,-19.554,0.192,-55,10,o,0,2.21,126.78322,22.84111,3573.97,9425.69,2.84,2.64,60.4,-0.374,19.44,20.79,01a60708o0442o
60708.429581,-23.206,6.154,-2,12,o,0,2.08,126.78322,22.84111,3560.38,9540.04,2.81,2.63,58.1,-0.373,19.46,20.81,01a60708o0481o
60709.380393,21.22,1.169,12,14,c,0,1.76,126.78322,22.84111,3630.51,9436.7,2.44,2.36,25.2,-0.402,19.53,21.28,02a60709o0381c
60709.382201,20.642,0.669,20,14,c,0,1.79,126.78322,22.84111,3648.85,9475.78,2.43,2.34,22.3,-0.405,19.56,21.29,02a60709o0385c
60709.385103,21.287,1.325,11,15,c,0,1.39,126.78322,22.84111,3589.15,9399.18,2.45,2.37,16.9,-0.404,19.57,21.3,02a60709o0391c
60709.392318,20.342,0.435,26,12,c,0,2.8,126.78322,22.84111,3568.27,9513.28,2.45,2.38,30.2,-0.401,19.58,21.32,02a60709o0406c
60710.363651,-19.252,0.187,-72,14,o,0,3.09,126.78322,22.84111,7581.55,9249.58,2.21,2.11,-68.1,-0.446,19.41,20.42,02a60710o0343o
60710.366767,-19.335,0.2,-67,13,o,0,2.31,126.78322,22.84111,7599.89,9289.73,2.21,2.1,-69.5,-0.448,19.42,20.42,02a60710o0348o
60710.369481,-20.424,0.528,-25,13,o,0,2.78,126.78322,22.84111,7540.21,9212.43,2.2,2.09,-70.6,-0.445,19.38,20.44,02a60710o0354o
60710.375059,-19.833,0.321,-42,14,o,0,2.98,126.78322,22.84111,7520.8,9330.27,2.24,2.14,-74.9,-0.443,19.39,20.44,02a60710o0365o
60710.404831,-19.399,0.18,-63,11,o,0,2.3,126.78322,22.84111,3634.6,5031.1,3.0,2.6,49.1,-0.377,19.36,20.7,01a60710o0379o
60711.268172,-20.463,0.637,-24,15,o,0,1.79,126.78322,22.84111,3597.82,4984.31,2.56,2.49,34.9,-0.431,19.16,20.09,01a60711o0130o
60711.273452,-20.356,0.6,-26,16,o,0,2.28,126.78322,22.84111,7060.1,5592.79,2.47,2.28,36.7,-0.419,19.05,20.02,02a60711o0137o
60711.277198,-20.245,0.527,-29,15,o,0,2.19,126.78322,22.84111,3637.32,5024.18,2.64,2.5,47.8,-0.427,19.2,20.14,01a60711o0147o
