MJD,m,dm,uJy,duJy,F,err,chi/N,RA,Dec,x,y,maj,min,phi,apfit,mag5sig,Sky,Obs
60683.56128,24.241,18.4,1,13,o,0,0.88,179.7804,58.34379,9317.69,9943.35,2.51,2.22,-58.6,-0.423,19.47,20.88,02a60683o0787o
60683.580054,20.709,0.672,19,13,o,0,1.23,179.7804,58.34379,9334.7,9984.38,2.38,2.2,-66.2,-0.43,19.52,21.04,02a60683o0827o
60683.583739,22.103,2.158,5,11,o,0,1.47,179.7804,58.34379,9268.47,9909.96,2.39,2.17,-66.6,-0.434,19.52,21.04,02a60683o0835o
60683.589201,-23.138,7.0,-2,14,o,0,0.88,179.7804,58.34379,9246.08,10029.0,2.36,2.14,-62.1,-0.436,19.53,21.03,02a60683o0847o
60687.564988,21.996,5.314,6,31,o,0,0.88,179.7804,58.34379,3594.0,1571.01,2.56,2.44,63.9,-0.424,18.56,19.21,02a60687o0703o
60687.568181,-19.447,0.413,-60,25,o,0,1.13,179.7804,58.34379,3615.71,1611.83,2.71,2.58,62.6,-0.413,18.51,19.2,02a60687o0710o
60687.592983,21.199,2.229,12,27,o,0,1.03,179.7804,58.34379,3555.49,1529.97,2.61,2.5,81.6,-0.42,18.56,19.27,02a60687o0763o
60687.602864,21.143,1.764,13,22,o,0,1.93,179.7804,58.34379,3537.84,1652.95,2.75,2.46,47.6,-0.415,18.56,19.32,02a60687o0784o
60691.510424,21.05,1.394,14,19,o,0,0.89,179.7804,58.34379,7218.59,1850.6,2.02,1.97,-86.1,-0.423,18.72,19.18,02a60691o0669o
60691.529177,21.134,1.353,13,17,o,0,1.58,179.7804,58.34379,7234.51,1890.37,2.11,2.01,53.7,-0.418,18.72,19.26,02a60691o0709o
60691.53331,-21.016,1.399,-14,20,o,0,1.05,179.7804,58.34379,7186.94,1816.76,2.05,1.9,-60.2,-0.432,18.8,19.26,02a60691o0718o
60691.538492,-21.557,2.642,-9,23,o,0,0.89,179.7804,58.34379,7167.89,1938.56,2.1,1.97,-65.6,-0.402,18.8,19.27,02a60691o0729o
60693.530749,-20.629,0.811,-20,16,o,0,1.07,179.7804,58.34379,8455.79,6332.36,2.71,2.51,48.4,-0.405,19.12,19.94,01a60693o0696o
60693.533961,-20.451,0.73,-24,18,o,0,0.84,179.7804,58.34379,8436.13,6291.13,2.8,2.54,41.6,-0.394,19.09,19.95,01a60693o0703o
60693.537161,-20.81,0.941,-17,16,o,0,1.12,179.7804,58.34379,8492.27,6373.75,2.74,2.54,41.6,-0.403,19.09,19.94,01a60693o0710o
60693.542219,21.756,2.229,7,16,o,0,1.09,179.7804,58.34379,8512.08,6257.19,2.83,2.57,42.1,-0.394,19.06,19.94,01a60693o0721o
60695.501763,23.878,11.3,1,12,o,0,1.79,179.7804,58.34379,315.59,7614.85,1.97,1.96,-39.1,-0.417,19.22,20.02,02a60695o0633o
60695.503573,25.64,83.0,0,17,o,0,0.91,179.7804,58.34379,334.98,7655.27,1.98,1.93,25.4,-0.409,19.22,20.03,02a60695o0637o
60695.506314,20.358,0.774,26,20,o,0,0.4,179.7804,58.34379,273.44,7572.17,1.98,1.9,22.5,-0.402,19.24,20.07,02a60695o0643o
60695.511363,22.003,2.554,6,15,o,0,0.89,179.7804,58.34379,250.99,7685.98,1.97,1.94,17.7,-0.431,19.23,20.12,02a60695o0654o
60695.545653,21.198,1.344,12,16,o,0,1.08,179.7804,58.34379,10227.04,7638.75,2.34,2.09,-58.3,-0.456,19.28,20.16,02a60695o0727o
60695.549355,20.997,1.081,14,16,o,0,1.53,179.7804,58.34379,10242.1,7674.87,2.32,2.08,-51.6,-0.445,19.28,20.15,02a60695o0735o
60695.555483,-21.482,1.958,-9,18,o,0,0.84,179.7804,58.34379,10177.95,7602.23,2.2,2.17,-74.0,-0.449,19.24,20.18,02a60695o0748o
60695.590736,23.085,8.571,2,18,o,0,1.03,179.7804,58.34379,10156.54,7732.64,2.5,2.28,-68.2,-0.43,19.24,20.17,02a60695o0823o
60697.400444,-22.492,3.889,-4,14,o,0,1.12,179.7804,58.34379,6169.41,7996.16,2.32,2.07,35.5,-0.426,19.33,20.49,02a60697o0380o
60697.405797,22.908,5.75,2,14,o,0,1.3,179.7804,58.34379,6168.64,7995.82,2.34,2.07,35.0,-0.427,19.2,20.35,02a60697o0391o
60697.410219,-20.548,0.697,-22,15,o,0,1.23,179.7804,58.34379,6167.44,7994.73,2.34,2.07,36.8,-0.431,19.25,20.42,02a60697o0400o
60697.414982,-21.578,1.754,-8,15,o,0,0.93,179.7804,58.34379,6169.39,7992.84,2.27,2.04,32.6,-0.437,19.36,20.57,02a60697o0409o
60699.533048,-23.021,5.75,-2,13,c,0,1.05,179.7804,58.34379,5376.7,9741.25,2.81,2.67,56.7,-0.389,19.47,21.43,02a60699o0710c
60699.536547,22.166,2.379,5,12,c,0,1.48,179.7804,58.34379,5390.59,9775.59,2.62,2.56,48.4,-0.398,19.5,21.4,02a60699o0717c
60699.539739,20.754,0.714,18,13,c,0,0.92,179.7804,58.34379,5329.87,9701.69,2.72,2.53,42.6,-0.393,19.54,21.42,02a60699o0724c
60699.542039,20.601,0.562,21,12,c,0,1.36,179.7804,58.34379,5309.8,9820.74,2.7,2.55,41.1,-0.39,19.46,21.43,02a60699o0729c
60709.524941,22.196,2.893,5,14,o,0,1.31,179.7804,58.34379,8845.88,8979.87,2.87,2.77,-50.2,-0.437,19.43,20.79,01a60709o0695o
60709.526784,21.336,1.215,11,13,o,0,1.57,179.7804,58.34379,8829.71,8938.92,2.79,2.71,42.0,-0.437,19.43,20.8,01a60709o0699o
60709.53047,22.258,2.808,4,13,o,0,1.38,179.7804,58.34379,8883.15,9021.06,2.98,2.71,-50.5,-0.44,19.46,20.82,01a60709o0707o
60709.535518,22.679,4.5,3,14,o,0,1.18,179.7804,58.34379,8901.05,8902.85,3.15,2.91,38.5,-0.413,19.26,20.82,01a60709o0718o
60710.410366,22.865,5.611,3,15,o,0,1.12,179.7804,58.34379,4420.62,2534.36,2.67,2.48,48.4,-0.418,19.32,20.45,01a60710o0389o
60711.37963,23.895,16.0,1,16,o,0,1.05,179.7804,58.34379,4444.71,2568.6,2.56,2.47,56.0,-0.432,19.1,20.03,01a60711o0333o
60711.39036,21.695,2.243,8,17,o,0,1.5,179.7804,58.34379,4483.76,2611.35,3.31,2.97,44.0,-0.362,18.95,20.13,01a60711o0353o
60711.392255,20.187,0.532,31,16,o,0,1.37,179.7804,58.34379,6226.67,8005.7,2.37,2.09,39.8,-0.425,19.13,20.02,02a60711o0348o
