MJD,m,dm,uJy,duJy,F,err,chi/N,RA,Dec,x,y,maj,min,phi,apfit,mag5sig,Sky,Obs
60685.386228,-21.055,7.694,-14,106,o,0,0.99,106.58712,58.15125,4741.3,4237.05,2.83,2.35,40.9,-0.384,16.59,16.67,01a60685o0395o
60685.38808,-22.311,4.323,-4,19,o,0,1.38,106.58712,58.15125,4722.73,4196.76,2.83,2.42,42.2,-0.381,18.78,19.29,01a60685o0399o
60685.395012,-17.916,3.037,-248,752,o,0,0.64,106.58712,58.15125,4777.24,4277.1,2.88,2.49,46.2,-0.395,16.92,18.21,01a60685o0414o
60685.421492,20.901,1.445,16,23,o,0,0.76,106.58712,58.15125,5746.16,6408.8,2.88,2.5,36.0,-0.334,18.8,19.33,01a60685o0471o
60691.427201,-20.918,1.507,-16,24,o,0,1.06,106.58712,58.15125,4535.78,8313.75,2.2,1.86,28.8,-0.428,18.9,19.31,02a60691o0489o
60691.430404,23.838,18.7,1,20,o,0,1.54,106.58712,58.15125,4517.26,8273.59,2.18,1.84,28.2,-0.427,18.9,19.31,02a60691o0496o
60691.435909,-19.941,0.622,-38,24,o,0,1.04,106.58712,58.15125,4571.0,8348.55,2.2,1.86,27.0,-0.431,18.9,19.32,02a60691o0508o
60691.446443,-22.469,5.829,-4,22,o,0,1.21,106.58712,58.15125,4590.52,8233.84,2.22,1.82,30.2,-0.43,18.9,19.31,02a60691o0531o
60693.338741,21.522,1.616,9,14,o,0,1.17,106.58712,58.15125,7797.83,5942.16,2.54,2.3,46.5,-0.399,19.22,19.96,01a60693o0286o
60693.341513,-21.509,1.644,-9,15,o,0,0.99,106.58712,58.15125,7780.36,5901.6,2.59,2.31,46.3,-0.389,19.2,19.96,01a60693o0292o
60693.346607,20.58,0.62,21,13,o,0,1.71,106.58712,58.15125,7836.32,5981.99,2.58,2.32,45.9,-0.396,19.23,19.97,01a60693o0303o
60693.371711,20.229,0.504,29,15,o,0,1.32,106.58712,58.15125,7851.72,5866.12,2.59,2.45,39.5,-0.387,19.18,19.97,01a60693o0356o
60695.529661,-21.367,1.321,-10,14,o,0,0.87,106.58712,58.15125,5535.22,2382.74,1.98,1.77,34.7,-0.448,19.31,20.06,02a60695o0693o
60695.564934,23.2,8.389,2,16,o,0,0.92,106.58712,58.15125,5515.34,2336.12,2.03,1.83,30.5,-0.447,19.11,19.88,02a60695o0768o
60695.568138,-22.585,4.3,-3,14,o,0,1.04,106.58712,58.15125,5573.59,2423.66,2.1,1.9,35.6,-0.438,19.07,19.87,02a60695o0775o
60695.573402,-22.623,4.897,-3,16,o,0,1.06,106.58712,58.15125,5593.72,2295.9,2.06,1.94,29.2,-0.436,19.1,19.84,02a60695o0786o
60697.487245,-22.959,5.143,-2,12,o,0,1.35,106.58712,58.15125,954.81,8286.31,3.05,2.72,62.9,-0.392,19.35,20.74,01a60697o0552o
60697.493911,21.338,1.273,11,14,o,0,1.11,106.58712,58.15125,956.83,8283.61,2.82,2.65,71.4,-0.435,19.37,20.68,01a60697o0564o
60697.500903,-20.149,0.413,-32,13,o,0,1.02,106.58712,58.15125,958.42,8283.93,2.89,2.57,59.8,-0.396,19.38,20.66,01a60697o0577o
60697.507291,21.625,1.717,8,14,o,0,1.03,106.58712,58.15125,959.48,8281.25,3.15,2.76,59.6,-0.378,19.26,20.65,01a60697o0589o
60699.416052,20.469,0.472,24,11,c,0,1.79,106.58712,58.15125,8485.31,543.53,2.51,2.04,-68.0,-0.42,19.6,21.41,02a60699o0458c
60699.418813,21.468,1.471,9,14,c,0,1.22,106.58712,58.15125,8463.06,500.35,2.51,2.05,-66.3,-0.419,19.59,21.4,02a60699o0464c
60699.424341,-23.284,7.154,-2,13,c,0,1.36,106.58712,58.15125,8526.33,582.13,2.52,2.08,-66.8,-0.421,19.6,21.4,02a60699o0476c
60699.459743,20.08,0.434,34,15,c,0,1.06,106.58712,58.15125,8548.14,456.38,2.57,2.02,-63.4,-0.413,19.56,21.37,02a60699o0552c
60703.567698,20.161,0.383,31,12,c,0,1.07,106.58712,58.15125,1670.46,2148.24,2.53,2.47,77.4,-0.402,19.19,20.86,02a60703o0121c
60703.570952,22.13,2.346,5,12,c,0,1.56,106.58712,58.15125,1651.12,2108.13,2.7,2.63,78.3,-0.392,19.1,20.84,02a60703o0128c
60703.576479,-20.857,0.82,-16,14,c,0,1.06,106.58712,58.15125,1712.71,2185.69,2.57,2.5,-89.8,-0.396,19.15,20.83,02a60703o0140c
60703.588499,-21.536,1.675,-9,15,c,0,1.13,106.58712,58.15125,1734.34,2068.91,2.68,2.54,-66.4,-0.403,18.98,20.67,02a60703o0166c
60709.380502,-21.92,1.775,-6,11,o,0,1.06,106.58712,58.15125,9668.97,1881.17,2.78,2.56,-51.1,-0.438,19.51,20.91,01a60709o0386o
60709.383274,-20.611,0.605,-21,12,o,0,0.86,106.58712,58.15125,9689.2,1918.6,2.95,2.63,-60.4,-0.429,19.47,20.92,01a60709o0392o
60709.387915,22.247,2.121,5,10,o,0,1.12,106.58712,58.15125,422.17,1915.43,2.59,2.54,51.7,-0.413,19.55,20.93,01a60709o0402o
60709.388377,-20.873,0.655,-16,11,o,0,1.16,106.58712,58.15125,9634.34,1842.79,2.65,2.49,-45.1,-0.442,19.5,20.9,01a60709o0403o
60709.39159,-21.247,0.917,-12,11,o,0,1.0,106.58712,58.15125,442.72,1955.93,2.6,2.51,47.3,-0.408,19.49,20.93,01a60709o0410o
60709.39712,-20.792,0.602,-18,10,o,0,1.23,106.58712,58.15125,388.14,1874.03,2.65,2.57,44.0,-0.404,19.53,20.96,01a60709o0422o
60709.398516,-23.04,5.286,-2,12,o,0,1.26,106.58712,58.15125,9617.55,1960.29,2.84,2.59,-52.5,-0.423,19.48,20.93,01a60709o0425o
60709.408192,-22.667,3.077,-3,10,o,0,1.25,106.58712,58.15125,373.33,1988.8,2.45,2.34,46.8,-0.408,19.6,20.95,01a60709o0446o
60710.507114,-21.101,1.08,-13,14,o,0,1.3,106.58712,58.15125,975.06,8256.03,2.95,2.75,58.6,-0.407,19.2,20.45,01a60710o0572o
60710.514505,-20.797,0.926,-17,16,o,0,1.23,106.58712,58.15125,998.18,8295.16,2.99,2.8,77.2,-0.43,19.2,20.43,01a60710o0585o
60710.52145,-20.618,0.692,-20,14,o,0,1.17,106.58712,58.15125,937.39,8212.35,2.95,2.74,63.5,-0.405,19.19,20.37,01a60710o0598o
60710.528807,20.239,0.605,29,18,o,0,0.98,106.58712,58.15125,915.09,8325.01,3.27,2.88,61.7,-0.369,19.07,20.34,01a60710o0611o
60711.264283,-20.777,0.922,-18,16,o,0,0.98,106.58712,58.15125,974.6,8195.65,2.46,2.24,-56.8,-0.436,19.04,19.97,02a60711o0119o
60711.269264,-20.116,0.548,-33,18,o,0,1.2,106.58712,58.15125,994.58,8235.17,2.47,2.28,-55.7,-0.435,19.0,19.98,02a60711o0129o
60711.273688,21.163,1.276,12,16,o,0,1.04,106.58712,58.15125,9685.12,2398.22,2.79,2.76,-60.6,-0.409,19.07,20.12,01a60711o0140o
60711.293518,-20.62,0.782,-20,16,o,0,1.11,106.58712,58.15125,9700.94,2281.89,2.87,2.75,-37.1,-0.397,19.09,20.15,01a60711o0178o
