MJD,m,dm,uJy,duJy,F,err,chi/N,RA,Dec,x,y,maj,min,phi,apfit,mag5sig,Sky,Obs
60684.551946,-20.25,0.955,-29,28,o,0,1.21,191.4015,1.18361,10382.78,4807.51,2.31,1.84,-59.1,-0.476,18.36,19.33,02a60684o0751o
60684.555155,20.944,2.956,15,45,o,0,1.8,191.4015,1.18361,10402.41,4846.12,2.4,1.91,-55.5,-0.478,18.27,19.29,02a60684o0758o
60684.567772,-20.364,1.073,-26,28,o,0,0.99,191.4015,1.18361,10339.55,4770.13,2.32,1.9,-56.7,-0.481,18.47,19.5,02a60684o0785o
60684.576972,21.448,1.758,10,17,o,0,0.9,191.4015,1.18361,242.83,4801.07,2.02,1.85,20.2,-0.414,19.04,20.16,02a60684o0805o
60684.578779,-20.375,0.519,-26,13,o,0,0.69,191.4015,1.18361,259.0,4840.18,2.05,1.87,19.6,-0.404,18.99,20.08,02a60684o0809o
60684.580184,-22.273,2.556,-4,11,o,0,2.06,191.4015,1.18361,10315.16,4888.4,2.36,1.88,-56.9,-0.482,19.07,20.2,02a60684o0812o
60684.58962,-20.629,0.683,-20,14,o,0,1.24,191.4015,1.18361,197.83,4762.52,2.05,1.83,24.9,-0.401,19.21,20.31,02a60684o0832o
60684.59642,-21.707,1.5,-8,11,o,0,1.08,191.4015,1.18361,177.2,4878.43,2.15,1.92,23.1,-0.401,19.31,20.45,02a60684o0847o
60685.085556,20.843,0.684,17,11,c,0,1.09,191.4015,1.18361,163.23,5644.2,2.52,2.39,-45.8,-0.394,19.48,21.33,03a60685o0654c
60685.086006,-21.512,1.071,-9,10,c,0,1.14,191.4015,1.18361,10258.75,5862.07,2.56,2.19,-57.7,-0.375,19.49,21.28,03a60685o0655c
60685.087357,21.783,1.535,7,11,c,0,1.22,191.4015,1.18361,145.17,5604.38,2.44,2.32,-50.5,-0.393,19.5,21.31,03a60685o0658c
60685.087809,20.903,0.787,16,12,c,0,0.91,191.4015,1.18361,10242.7,5822.58,2.59,2.24,-59.3,-0.375,19.48,21.26,03a60685o0659c
60685.090975,21.127,0.732,13,9,c,0,1.54,191.4015,1.18361,203.0,5682.48,2.38,2.25,-52.1,-0.389,19.52,21.26,03a60685o0666c
60685.091426,-20.759,0.639,-18,12,c,0,0.99,191.4015,1.18361,10300.27,5901.85,2.49,2.1,-61.2,-0.382,19.49,21.21,03a60685o0667c
60685.094159,-21.746,1.614,-7,12,c,0,1.07,191.4015,1.18361,227.05,5567.19,2.46,2.3,-59.7,-0.389,19.48,21.17,03a60685o0673c
60685.09507,22.163,2.212,5,11,c,0,1.21,191.4015,1.18361,10321.57,5787.15,2.44,2.13,-60.3,-0.361,19.49,21.09,03a60685o0675c
60685.108259,20.82,1.144,17,20,c,0,1.97,191.4015,1.18361,192.88,5621.12,2.5,2.31,-49.9,-0.371,18.73,19.52,03a60685o0704c
60685.108709,-20.441,0.964,-24,23,c,0,1.38,191.4015,1.18361,10285.55,5843.2,2.66,2.28,-59.8,-0.354,18.6,19.38,03a60685o0705c
60687.333485,-21.531,8.0,-9,71,o,0,0.75,191.4015,1.18361,10030.91,10143.34,2.13,1.76,-2.8,-0.529,17.81,18.95,04a60687o0660o
60689.057047,-20.63,1.694,-20,34,o,0,0.76,191.4015,1.18361,5914.18,3546.8,2.13,2.01,-53.6,-0.459,18.48,18.78,03a60689o0608o
60689.062437,-20.494,1.253,-23,29,o,0,1.08,191.4015,1.18361,5898.21,3506.89,2.22,2.09,-69.2,-0.436,18.46,18.81,03a60689o0619o
60689.065594,-20.677,1.407,-20,27,o,0,1.0,191.4015,1.18361,5955.64,3585.48,2.16,2.03,-52.8,-0.446,18.48,18.84,03a60689o0626o
60689.079738,-21.905,3.816,-6,24,o,0,1.53,191.4015,1.18361,5978.46,3471.37,2.07,1.93,-52.4,-0.462,18.59,18.92,03a60689o0657o
60690.537177,-21.093,1.667,-13,22,o,0,1.13,191.4015,1.18361,5749.22,9832.3,2.58,2.48,81.6,-0.4,18.82,19.25,01a60690o0723o
60690.53952,-20.25,0.837,-29,24,o,0,0.99,191.4015,1.18361,5730.28,9793.23,2.52,2.43,-83.5,-0.406,18.88,19.27,01a60690o0728o
60690.547342,-20.579,1.04,-21,22,o,0,1.11,191.4015,1.18361,5792.68,9873.79,2.72,2.56,67.4,-0.386,18.82,19.31,01a60690o0744o
60690.557035,20.678,1.189,19,23,o,0,0.68,191.4015,1.18361,5815.92,9755.6,2.62,2.43,59.7,-0.396,18.86,19.35,01a60690o0765o
60691.316855,-18.968,0.312,-94,29,o,0,1.83,191.4015,1.18361,5707.29,9841.04,1.9,1.73,-47.0,-0.432,18.32,18.5,04a60691o0508o
60691.32002,-20.468,1.616,-24,38,o,0,1.11,191.4015,1.18361,5687.1,9802.07,1.92,1.71,-45.4,-0.441,18.31,18.52,04a60691o0515o
60691.325458,-19.861,0.987,-41,41,o,0,0.78,191.4015,1.18361,5745.5,9880.59,1.96,1.71,-36.4,-0.463,18.28,18.52,04a60691o0527o
60691.331363,-20.313,1.387,-27,38,o,0,1.33,191.4015,1.18361,5765.52,9763.38,1.92,1.73,-40.3,-0.439,18.37,18.62,04a60691o0540o
60696.596925,-22.537,6.667,-4,23,o,0,1.01,191.4015,1.18361,2193.85,4698.88,2.36,1.79,28.6,-0.451,18.59,18.92,02a60696o0847o
60696.621042,-19.861,0.429,-41,18,o,0,1.02,191.4015,1.18361,2204.66,4740.53,2.41,1.77,27.0,-0.449,19.02,19.65,02a60696o0898o
60696.639614,20.116,0.698,33,23,o,0,1.01,191.4015,1.18361,8401.84,5897.54,2.29,1.99,37.1,-0.428,18.67,19.27,02a60696o0937o
60696.647732,20.261,4.674,28,133,o,0,0.86,191.4015,1.18361,8419.37,5778.03,2.35,2.0,37.9,-0.392,16.93,16.98,02a60696o0954o
60696.674678,-21.355,4.178,-10,44,o,0,1.25,191.4015,1.18361,8375.82,5844.69,2.34,2.03,35.8,-0.427,17.96,18.17,02a60696o1010o
60698.628128,-20.06,1.196,-34,41,o,0,1.07,191.4015,1.18361,2394.99,8620.43,3.19,2.89,58.2,-0.385,18.3,19.39,01a60698o0775o
60698.631879,-19.297,1.071,-69,74,o,0,0.77,191.4015,1.18361,2416.61,8658.87,3.05,2.76,59.8,-0.383,17.56,18.37,01a60698o0783o
60698.65689,-19.756,2.658,-46,121,o,0,1.26,191.4015,1.18361,2360.26,8575.88,3.0,2.64,55.2,-0.391,17.47,18.54,01a60698o0836o
60698.662416,-20.253,0.448,-29,13,o,0,0.96,191.4015,1.18361,2339.77,8692.04,3.01,2.71,58.5,-0.384,19.34,20.7,01a60698o0847o
60699.342659,21.53,1.796,9,16,o,0,1.16,191.4015,1.18361,8137.56,1988.42,2.24,2.13,-20.8,-0.438,19.23,20.53,04a60699o0677o
60699.344916,-20.527,0.744,-22,17,o,0,0.84,191.4015,1.18361,8117.84,1949.36,2.09,2.07,-87.5,-0.481,19.25,20.52,04a60699o0682o
60699.348088,-20.838,0.787,-17,13,o,0,1.12,191.4015,1.18361,8176.3,2027.05,2.24,2.18,-71.2,-0.436,19.21,20.54,04a60699o0689o
60699.358536,21.038,0.902,14,13,o,0,1.59,191.4015,1.18361,8198.29,1910.57,2.13,1.87,78.8,-0.457,19.26,20.48,04a60699o0712o
60700.545644,-21.5,0.984,-9,9,c,0,1.19,191.4015,1.18361,6857.12,2767.59,2.48,2.36,39.2,-0.39,19.54,21.39,02a60700o0745c
60700.548365,21.795,1.426,7,10,c,0,1.23,191.4015,1.18361,6877.04,2806.19,2.49,2.38,39.3,-0.395,19.55,21.4,02a60700o0751c
60700.552903,21.723,1.306,7,10,c,0,1.05,191.4015,1.18361,6818.49,2729.99,2.54,2.41,43.8,-0.391,19.51,21.4,02a60700o0761c
60700.569847,-22.838,4.0,-3,11,c,0,1.17,191.4015,1.18361,6792.0,2846.62,2.67,2.57,33.1,-0.381,19.46,21.42,02a60700o0797c
60701.035729,-20.991,0.792,-15,12,o,0,1.24,191.4015,1.18361,3622.02,7738.68,2.2,1.98,-56.2,-0.398,19.39,20.64,03a60701o0587o
60701.038435,-20.846,0.703,-17,12,o,0,1.26,191.4015,1.18361,3604.18,7699.34,2.25,2.0,-54.6,-0.396,19.37,20.64,03a60701o0593o
60701.041166,-19.806,0.295,-43,13,o,0,0.7,191.4015,1.18361,3659.85,7777.31,2.27,2.07,-47.8,-0.396,19.34,20.64,03a60701o0599o
60701.047078,-21.913,2.311,-6,14,o,0,0.93,191.4015,1.18361,3684.43,7661.89,2.19,2.0,-53.4,-0.408,19.36,20.65,03a60701o0612o
60703.241123,-21.828,1.816,-7,12,c,0,0.95,191.4015,1.18361,3941.38,3645.37,2.16,2.03,-82.8,-0.388,19.27,20.88,04a60703o0486c
60703.242929,-20.762,0.675,-18,12,c,0,1.23,191.4015,1.18361,3923.97,3606.63,2.18,2.11,81.3,-0.391,19.27,20.86,04a60703o0490c
60703.253085,-22.703,4.0,-3,12,c,0,0.97,191.4015,1.18361,3983.12,3684.94,2.21,2.08,-75.5,-0.389,19.28,20.94,04a60703o0512c
60703.279895,21.488,1.11,9,10,c,0,1.28,191.4015,1.18361,4002.54,3571.79,2.09,2.0,72.7,-0.393,19.38,21.04,04a60703o0570c
60704.496828,-21.356,1.216,-10,13,c,0,1.09,191.4015,1.18361,1041.02,3050.23,2.33,2.23,31.8,-0.416,19.13,20.96,02a60704o0506c
60704.499655,-21.636,1.146,-8,9,c,0,1.68,191.4015,1.18361,1058.99,3088.85,2.31,2.2,30.7,-0.422,19.36,21.18,02a60704o0512c
60704.504654,-23.112,5.167,-2,11,c,0,1.04,191.4015,1.18361,1000.88,3010.88,2.33,2.24,24.1,-0.424,19.37,21.19,02a60704o0523c
60704.512407,-23.778,23.0,-1,26,c,0,0.95,191.4015,1.18361,977.31,3125.76,2.33,2.25,29.2,-0.421,18.5,20.29,02a60704o0540c
60705.036736,-20.26,0.423,-29,12,o,0,1.07,191.4015,1.18361,9434.07,7582.64,2.43,2.01,-52.0,-0.407,19.43,20.85,03a60705o0580o
60705.03854,-21.117,0.91,-13,12,o,0,1.5,191.4015,1.18361,9415.14,7543.62,2.42,1.99,-52.4,-0.416,19.46,20.84,03a60705o0584o
60705.043953,-20.881,0.728,-16,12,o,0,1.27,191.4015,1.18361,9474.63,7623.3,2.39,1.97,-52.0,-0.416,19.49,20.89,03a60705o0596o
60705.062982,20.728,0.586,19,11,o,0,1.31,191.4015,1.18361,9501.67,7509.86,2.29,1.94,-53.9,-0.417,19.52,20.88,03a60705o0637o
60705.12515,21.484,2.803,9,26,o,0,0.89,191.4015,1.18361,1069.04,2972.99,2.31,2.09,-60.1,-0.392,18.69,19.2,03a60705o0772o
60707.208455,20.654,0.952,20,19,c,0,0.9,191.4015,1.18361,48.66,3845.94,2.44,1.98,38.1,-0.376,19.24,20.94,04a60707o0420c
60707.210262,-20.533,0.993,-22,22,c,0,1.0,191.4015,1.18361,29.67,3806.85,2.48,1.99,39.8,-0.371,19.23,20.93,04a60707o0424c
60707.223703,20.95,0.849,15,13,c,0,1.56,191.4015,1.18361,88.32,3883.95,2.48,2.06,41.4,-0.378,19.28,21.01,04a60707o0453c
60707.250897,-23.52,8.2,-1,12,c,0,1.39,191.4015,1.18361,111.83,3769.98,2.17,2.09,42.8,-0.393,19.31,21.13,04a60707o0512c
60707.272082,-21.363,1.065,-10,11,c,0,1.42,191.4015,1.18361,10180.01,3817.72,2.97,2.47,-8.8,-0.36,19.39,21.12,04a60707o0558c
60707.298966,21.203,0.963,12,12,c,0,1.48,191.4015,1.18361,10162.98,3783.3,3.03,2.46,-14.1,-0.362,19.38,21.15,04a60707o0616c
60707.302128,20.822,0.704,17,12,c,0,1.15,191.4015,1.18361,10223.32,3860.19,2.86,2.41,-12.5,-0.381,19.41,21.14,04a60707o0623c
60707.305294,-20.62,0.636,-20,13,c,0,1.1,191.4015,1.18361,10241.18,3744.07,2.93,2.36,-10.8,-0.372,19.42,21.14,04a60707o0630c
60708.563196,20.464,0.534,24,13,c,0,1.54,191.4015,1.18361,8742.69,520.41,2.4,2.01,-64.9,-0.424,19.6,21.4,02a60708o0781c
60708.565004,-25.461,69.0,0,16,c,0,0.71,191.4015,1.18361,8762.39,560.83,2.37,1.98,-63.8,-0.429,19.6,21.4,02a60708o0785c
60708.589987,22.656,3.381,3,11,c,0,0.88,191.4015,1.18361,1857.53,10074.79,2.45,2.33,-24.9,-0.439,19.55,21.36,02a60708o0838c
60708.595756,24.228,15.0,1,11,c,0,1.2,191.4015,1.18361,1878.14,9963.51,2.45,2.32,-17.6,-0.434,19.57,21.35,02a60708o0849c
60709.035108,-21.333,1.246,-11,13,o,0,1.25,191.4015,1.18361,1715.77,9940.19,2.49,2.28,-46.4,-0.434,19.47,20.93,03a60709o0588o
60709.06605,-21.405,1.356,-10,14,o,0,1.05,191.4015,1.18361,1706.76,9902.71,2.57,2.17,-49.5,-0.423,19.47,20.96,03a60709o0655o
60709.069212,-20.685,0.768,-19,15,o,0,1.27,191.4015,1.18361,1764.74,9979.73,2.51,2.23,-37.6,-0.437,19.5,20.96,03a60709o0662o
60709.074636,-20.119,0.405,-32,13,o,0,0.9,191.4015,1.18361,1790.41,9862.26,2.46,2.16,-42.1,-0.433,19.49,20.97,03a60709o0674o
60711.313876,-19.511,0.075,-57,4,c,0,522.84,191.4015,1.18361,8042.6,32.92,2.77,2.4,-11.5,-0.36,19.39,21.23,04a60711o0575c
60711.314326,20.778,0.761,18,14,c,0,1.22,191.4015,1.18361,8071.25,10237.56,2.86,2.14,-62.6,-0.44,19.42,21.23,04a60711o0576c
60711.347974,22.495,3.737,4,14,c,0,0.79,191.4015,1.18361,8049.09,10200.52,3.03,2.1,-68.7,-0.397,19.47,21.32,04a60711o0649c
60711.351177,21.988,2.444,6,14,c,0,0.74,191.4015,1.18361,8107.57,10279.25,2.95,2.13,-69.4,-0.407,19.49,21.32,04a60711o0656c
60711.352081,-20.552,0.72,-22,16,c,0,0.85,191.4015,1.18361,8085.81,73.91,2.78,2.36,-13.9,-0.36,19.45,21.32,04a60711o0658c
60711.376661,20.757,0.724,18,13,c,0,1.09,191.4015,1.18361,2423.27,391.98,2.68,1.89,43.5,-0.413,19.43,21.04,04a60711o0711c
60712.480231,-22.728,5.423,-3,16,o,0,1.28,191.4015,1.18361,8444.57,4893.32,2.07,1.95,38.0,-0.427,19.25,19.99,02a60712o0577o
60712.482041,-20.743,0.774,-18,14,o,0,1.16,191.4015,1.18361,8464.6,4932.29,2.1,1.97,39.4,-0.426,19.2,20.03,02a60712o0581o
60712.486392,22.312,3.711,4,16,o,0,0.94,191.4015,1.18361,8403.62,4852.63,2.09,1.95,37.2,-0.434,19.24,20.1,02a60712o0590o
60712.493086,23.562,10.167,1,14,o,0,1.04,191.4015,1.18361,8379.86,4970.72,2.13,1.95,39.6,-0.425,19.29,20.26,02a60712o0604o
