CSP 2005bg SN2005bg 184.321583 16.371556 0.0231 0.02433405884990326 53457.0
++++++++++++++++++++++++++++++++++++++++++++++++++++++++++++++++
t0, 53469.75534339267, 0.05869353608795791
x0, 0.006872622505555274, 1.755479340486665e-05
x1, 0.7976471455114731, 0.02974209928082061
c, 0.04979246975343311, 0.001774886459576292
mu, 35.375852228521595, 0.007508253711838855
hostMass, 9.797047393282007, 0.0010007345933335352
peak_mag, 16.197849999999995, 0.008450000000000001
++++++++++++++++++++++++++++++++++++++++++++++++++++++++++++++++
0.0034449324466880723, -6.886561160070099e-07, -0.0013121733969219552, -3.3976772712008386e-06
-6.886561160070099e-07, 3.081707714875496e-10, 8.345659721808372e-08, -1.7308587562520298e-08
-0.0013121733969219552, 8.345659721808372e-08, 0.0008846031756818706, 1.7455498886312542e-05
-3.3976772712008386e-06, -1.7308587562520298e-08, 1.7455498886312542e-05, 3.1502219443872642e-06
++++++++++++++++++++++++++++++++++++++++++++++++++++++++++++++++
zp, 12.986, 12.986, 12.986, 12.986, 12.986, 12.986, 12.986, 12.986, 12.986, 12.986, 12.986, 12.986, 12.986, 12.986, 12.986, 15.111, 15.111, 15.111, 15.111, 15.111, 15.111, 15.111, 15.111, 15.111, 15.111, 15.111, 15.111, 15.111, 15.111, 15.111, 14.903, 14.903, 14.903, 14.903, 14.903, 14.903, 14.903, 14.903, 14.903, 14.903, 14.903, 14.903, 14.903, 14.903, 14.903, 14.545, 14.545, 14.545, 14.545, 14.545, 14.545, 14.545, 14.545, 14.545, 14.545, 14.545, 14.545, 14.545, 14.545, 14.545, 14.545, 14.328, 14.328, 14.328, 14.328, 14.328, 14.328, 14.328, 14.328, 14.328, 14.328, 14.328, 14.328, 14.328, 14.328, 14.328, 14.328, 14.328, 14.437, 14.437, 14.437, 14.437, 14.437, 14.437, 14.437, 14.437, 14.437, 14.437, 14.437, 14.437, 14.437, 14.437, 14.437, 14.437, 14.437
filters, u, u, u, u, u, u, u, u, u, u, u, u, u, u, u, g, g, g, g, g, g, g, g, g, g, g, g, g, g, g, r, r, r, r, r, r, r, r, r, r, r, r, r, r, r, i, i, i, i, i, i, i, i, i, i, i, i, i, i, i, i, B, B, B, B, B, B, B, B, B, B, B, B, B, B, B, B, B, V0, V0, V0, V0, V0, V0, V0, V0, V0, V0, V0, V0, V0, V0, V0, V0, V0
time, 53472.67, 53473.65, 53474.65, 53475.68, 53476.67, 53477.69, 53478.71, 53479.7, 53480.7, 53481.66, 53483.68, 53484.7, 53489.64, 53490.65, 53491.62, 53472.67, 53473.65, 53474.65, 53475.68, 53476.67, 53477.69, 53478.71, 53479.7, 53480.7, 53481.66, 53483.68, 53489.64, 53490.65, 53491.62, 53512.61, 53472.67, 53473.65, 53474.65, 53475.68, 53476.67, 53477.69, 53478.71, 53479.7, 53480.7, 53481.66, 53483.68, 53489.64, 53490.65, 53491.62, 53512.61, 53472.67, 53473.65, 53474.65, 53475.68, 53476.67, 53477.69, 53478.71, 53479.7, 53480.7, 53481.66, 53483.68, 53484.7, 53489.64, 53490.65, 53491.62, 53512.61, 53471.65, 53472.67, 53473.65, 53474.65, 53475.68, 53476.67, 53477.69, 53478.71, 53479.7, 53480.7, 53481.66, 53483.68, 53484.7, 53489.64, 53490.65, 53491.62, 53512.61, 53471.65, 53472.67, 53473.65, 53474.65, 53475.68, 53476.67, 53477.69, 53478.71, 53479.7, 53480.7, 53481.66, 53483.68, 53484.7, 53489.64, 53490.65, 53491.62, 53512.61
flux, 0.03567795882885623, 0.03265878321723358, 0.03033891184194275, 0.028209799536634328, 0.02514201030159024, 0.023420706947938238, 0.02108628149933294, 0.019195525237613833, 0.018314708046613507, 0.017092280052343332, 0.012835121968394982, 0.009718517029401701, 0.006081350012787183, 0.006036705647858458, 0.004600446663934779, 0.46773514128719845, 0.4575093773298475, 0.4321156544702999, 0.4115285784355107, 0.4081313915969725, 0.4088838902676976, 0.35253318119588684, 0.3256866822016699, 0.32839761925048006, 0.30450890669742214, 0.2610958686585936, 0.15805200152842572, 0.1449439191287789, 0.1403459872921179, 0.03457801035323063, 0.36240985589974467, 0.38441471175957775, 0.3677900704223862, 0.35091343835855293, 0.3480166322150043, 0.30143938842794743, 0.31535520245507215, 0.2908037482735316, 0.2684108083545232, 0.2396624529408638, 0.21222668969007855, 0.18013578646691425, 0.1814679779396929, 0.18552395755492868, 0.07834296427662128, 0.13931568029453045, 0.1389312681736757, 0.13134090365327353, 0.12566085200763308, 0.12554516736871404, 0.11035702899640157, 0.10204694319421995, 0.09736435697988848, 0.09453660459579638, 0.0801678063387679, 0.07079457843841366, 0.06692679069358415, 0.067111971969842, 0.0749548949791958, 0.08002026771193335, 0.04703270964407775, 0.21677041048196946, 0.21066869257394172, 0.20398583002685636, 0.1951641300285825, 0.18638029723461963, 0.1784842916498004, 0.1673400906839315, 0.1576158904963837, 0.14534496779183131, 0.13464802883878482, 0.12566085200763327, 0.10327614057613975, 0.09341142557364775, 0.05712155216230425, 0.04984252094042599, 0.04724980276801948, 0.014348285182325882, 0.25870212734646053, 0.25538771357793194, 0.24705861360384299, 0.24751413180743126, 0.23659196974857594, 0.23291636302139684, 0.21301000374112508, 0.20739582044538318, 0.19552396696208865, 0.1907216520593904, 0.17330057353270809, 0.15402811480716133, 0.1479108388168206, 0.11662724050819646, 0.11148078033638426, 0.10587660331136964, 0.03657631930094519
dflux, 0.0003614667590502305, 0.00033087836052183515, 0.00036326121595357314, 0.0003637505977806655, 0.00037050635602140435, 0.00034514029238850985, 0.00027189656170342497, 0.00033591491000883655, 0.0003036324508608266, 0.00036207914913500823, 0.0003191827735208162, 0.0005460161834849829, 0.0001904384320322317, 0.00028356058008525774, 0.00013982654280527345, 0.002584799913113681, 0.0033710536708630237, 0.0027859525804115005, 0.0034112864521678964, 0.004510834839715701, 0.004142555782181581, 0.0032469505912296717, 0.0038995907570061224, 0.002722188465579203, 0.002243704541585277, 0.002164303638056192, 0.0011645701844391206, 0.0013349828300242435, 0.0016804246066418848, 0.0008280356363213234, 0.0036717099396950384, 0.0028324722714406616, 0.002709977387218614, 0.002585625766706205, 0.0035258868015899457, 0.003886903116518429, 0.0031949816279531413, 0.002946241653350279, 0.0027193703949086705, 0.002428110042564888, 0.0021501480528697313, 0.001327289525227121, 0.0018385200277827207, 0.0020504865554843467, 0.0007937219034109782, 0.001668088285065853, 0.0014075646950088409, 0.001572602755632453, 0.0013888550621073928, 0.001965733329988376, 0.001626281279195046, 0.0013158419130338782, 0.0011657865282483782, 0.0011319285977196764, 0.0011813964532075554, 0.0011084716786442053, 0.0015410463057297951, 0.0009889985678028317, 0.000966504133425771, 0.0012529236338820555, 0.0006930996231012526, 0.0009982646315559664, 0.001164198218595129, 0.0011272673553644561, 0.0010785168395783177, 0.001029975585696563, 0.0014795109694311554, 0.001387133273768733, 0.0011613567996030562, 0.0010709412997733459, 0.001116138758418786, 0.0009259033747382634, 0.0008560875663092769, 0.0011184563314142611, 0.0005261089379904144, 0.0004131599245728064, 0.0006527801490033028, 0.0004493188069635727, 0.0014296407886891377, 0.00141132466132411, 0.001592845746183958, 0.0015957825805744334, 0.0015253647994624738, 0.0023597628797928155, 0.0021580841008008505, 0.001528148878421789, 0.001260589600619904, 0.0015809501985953381, 0.001276925815115943, 0.0014186513642277807, 0.0014985400872281674, 0.0008593412653798545, 0.0011294535250147694, 0.0012677074201043396, 0.0006400726655999956
mag, 16.605, 16.701, 16.781, 16.86, 16.985, 17.062, 17.176, 17.278, 17.329, 17.404, 17.715, 18.017, 18.526, 18.534, 18.829, 15.936, 15.96, 16.022, 16.075, 16.084, 16.082, 16.243, 16.329, 16.32, 16.402, 16.569, 17.114, 17.208, 17.243, 18.764, 16.005, 15.941, 15.989, 16.04, 16.049, 16.205, 16.156, 16.244, 16.331, 16.454, 16.586, 16.764, 16.756, 16.732, 17.668, 16.685, 16.688, 16.749, 16.797, 16.798, 16.938, 17.023, 17.074, 17.106, 17.285, 17.42, 17.481, 17.478, 17.358, 17.287, 17.864, 15.988, 16.019, 16.054, 16.102, 16.152, 16.199, 16.269, 16.334, 16.422, 16.505, 16.58, 16.793, 16.902, 17.436, 17.584, 17.642, 18.936, 15.905, 15.919, 15.955, 15.953, 16.002, 16.019, 16.116, 16.145, 16.209, 16.236, 16.34, 16.468, 16.512, 16.77, 16.819, 16.875, 18.029
dmag, 0.011, 0.011, 0.013, 0.014, 0.016, 0.016, 0.014, 0.019, 0.018, 0.023, 0.027, 0.061, 0.034, 0.051, 0.033, 0.006, 0.008, 0.007, 0.009, 0.012, 0.011, 0.01, 0.013, 0.009, 0.008, 0.009, 0.008, 0.01, 0.013, 0.026, 0.011, 0.008, 0.008, 0.008, 0.011, 0.014, 0.011, 0.011, 0.011, 0.011, 0.011, 0.008, 0.011, 0.012, 0.011, 0.013, 0.011, 0.013, 0.012, 0.017, 0.016, 0.014, 0.013, 0.013, 0.016, 0.017, 0.025, 0.016, 0.014, 0.017, 0.016, 0.005, 0.006, 0.006, 0.006, 0.006, 0.009, 0.009, 0.008, 0.008, 0.009, 0.008, 0.009, 0.013, 0.01, 0.009, 0.015, 0.034, 0.006, 0.006, 0.007, 0.007, 0.007, 0.011, 0.011, 0.008, 0.007, 0.009, 0.008, 0.01, 0.011, 0.008, 0.011, 0.013, 0.019
