CSP 2006os SN2006os 43.754583 16.009667 0.0328 0.031377006641074116 54060.0
++++++++++++++++++++++++++++++++++++++++++++++++++++++++++++++++
t0, 54065.44824762262, 0.08897485984562081
x0, 0.0009242149760503849, 4.087674950153632e-06
x1, -0.6884202363139452, 0.03780466872455368
c, 0.5117019159942947, 0.0034052281174991586
mu, 35.95036749022894, 0.012628901131765242
hostMass, 10.76654740701287, 0.001213976022382484
peak_mag, 17.872333333333334, 0.02859259259259259
++++++++++++++++++++++++++++++++++++++++++++++++++++++++++++++++
0.007916530257683109, -1.3902250896698004e-07, -0.002416937961809928, 1.2887118484030017e-05
-1.3902250896698004e-07, 1.67090864981135e-11, 7.530535818023218e-10, -1.1389371191108337e-08
-0.002416937961809928, 7.530535818023218e-10, 0.0014292207390627376, 1.8030613532710024e-05
1.2887118484030017e-05, -1.1389371191108337e-08, 1.8030613532710024e-05, 1.1595578532206863e-05
++++++++++++++++++++++++++++++++++++++++++++++++++++++++++++++++
zp, 12.986, 12.986, 12.986, 12.986, 15.111, 15.111, 15.111, 15.111, 15.111, 15.111, 15.111, 15.111, 15.111, 15.111, 15.111, 15.111, 15.111, 14.903, 14.903, 14.903, 14.903, 14.903, 14.903, 14.903, 14.903, 14.903, 14.903, 14.903, 14.903, 14.903, 14.903, 14.903, 14.903, 14.545, 14.545, 14.545, 14.545, 14.545, 14.545, 14.545, 14.545, 14.545, 14.545, 14.545, 14.545, 14.545, 14.545, 14.545, 14.328, 14.328, 14.328, 14.328, 14.328, 14.328, 14.328, 14.328, 14.328, 14.439, 14.439, 14.439, 14.439, 14.439, 14.439, 14.439, 14.439, 14.439, 14.439, 14.439, 14.439, 14.439, 14.439, 13.921, 13.921, 13.921, 13.921, 13.921, 13.921, 13.921, 13.921, 13.921, 13.921, 13.921, 13.921, 13.921, 13.921, 13.921, 13.77, 13.77, 13.77, 13.77, 13.866, 13.866, 13.866, 13.866, 13.866, 13.866, 13.866, 13.866, 13.866, 13.502, 13.502, 13.502, 13.502, 13.502, 13.502, 13.502
filters, u, u, u, u, g, g, g, g, g, g, g, g, g, g, g, g, g, r, r, r, r, r, r, r, r, r, r, r, r, r, r, r, r, i, i, i, i, i, i, i, i, i, i, i, i, i, i, i, B, B, B, B, B, B, B, B, B, V, V, V, V, V, V, V, V, V, V, V, V, V, V, Y, Y, Y, Y, Y, Y, Y, Y, Y, Y, Y, Y, Y, Y, Y, Ydw, Ydw, Ydw, Ydw, J, J, J, J, J, J, J, J, J, H, H, H, H, H, H, H
time, 54065.63, 54069.63, 54073.65, 54080.67, 54065.63, 54066.75, 54069.63, 54073.65, 54075.64, 54080.67, 54084.62, 54087.6, 54091.6, 54096.57, 54105.6, 54108.61, 54121.61, 54065.63, 54066.75, 54069.63, 54073.65, 54075.64, 54080.67, 54084.62, 54087.6, 54091.6, 54096.57, 54102.61, 54105.6, 54108.61, 54121.61, 54128.59, 54133.56, 54065.63, 54066.75, 54069.63, 54073.65, 54075.64, 54080.67, 54084.62, 54087.6, 54096.57, 54102.61, 54105.6, 54108.61, 54121.61, 54128.59, 54133.56, 54065.63, 54066.75, 54069.63, 54073.65, 54075.64, 54080.67, 54084.62, 54087.6, 54091.6, 54065.63, 54066.75, 54069.63, 54073.65, 54075.64, 54080.67, 54084.62, 54087.6, 54091.6, 54096.57, 54102.61, 54105.6, 54108.61, 54121.61, 54063.65, 54063.66, 54070.62, 54077.65, 54077.65, 54083.64, 54083.63, 54090.57, 54090.58, 54098.57, 54098.59, 54103.6, 54103.61, 54109.61, 54109.63, 54066.69, 54066.7, 54073.7, 54073.71, 54063.65, 54063.66, 54070.62, 54077.65, 54083.64, 54066.69, 54066.7, 54073.7, 54073.71, 54070.62, 54077.65, 54077.65, 54066.69, 54066.7, 54073.7, 54073.71
flux, 0.003854783576657717, 0.002544485615146634, 0.0019426743230314908, 0.0005845208403588566, 0.07557880136804528, 0.07351906920715666, 0.06723571072343185, 0.05306400191947755, 0.04575093773298474, 0.0289467626417603, 0.019498445997580476, 0.015233510631495698, 0.010461645510220075, 0.007762471166286928, 0.006064569815101372, 0.005243243172456372, 0.004893279240819371, 0.09103323996799106, 0.0926403100736399, 0.08945404837788684, 0.07599762143610374, 0.06748387308707583, 0.0547520015303769, 0.05007258356403354, 0.04703270964407775, 0.039627803425543916, 0.02852331512299011, 0.019444644164481287, 0.019552396696208865, 0.016795773139880857, 0.012156260552373815, 0.008928941960649826, 0.008038962448571255, 0.047380539333882456, 0.04655860935229589, 0.0453314906146412, 0.03587566830392613, 0.03179801427691521, 0.029430659896990105, 0.03101701499477693, 0.03235936569296284, 0.026424087573219502, 0.017717400399431236, 0.015024499029989122, 0.013037670471382113, 0.008165823713585922, 0.006631320218835529, 0.005296634438916581, 0.030088462766457207, 0.028392262394249062, 0.02598962421108662, 0.01808006552110009, 0.015863536054784987, 0.008847080928705318, 0.005893862502405803, 0.004421809210742692, 0.0031535520245507174, 0.04613175745603795, 0.04660151117021838, 0.04397440784473689, 0.03933688806732014, 0.03372873086588689, 0.02618183008218989, 0.02010018247113692, 0.017442149315611753, 0.013243415351946643, 0.010195299775626035, 0.007620790100254107, 0.007324871326650395, 0.006588704043340741, 0.004866312560731986, 0.034166461281382246, 0.03476962446178123, 0.02177709772353157, 0.02191795343844131, 0.022887586570623644, 0.028392262394249062, 0.02642408757321946, 0.043411020970734446, 0.04070052394402338, 0.035743740626448056, 0.035908726236945056, 0.028760736288630233, 0.02642408757321946, 0.020137242498623843, 0.026375457408893455, 0.02322736796357105, 0.0223872113856834, 0.017029425618775483, 0.017571142465950915, 0.03735940922588003, 0.04491588901059318, 0.02093148303447447, 0.012485329261594942, 0.012717448862880669, 0.03212180933987983, 0.03212180933987983, 0.013944405388714618, 0.014008769839545833, 0.018620871366628655, 0.02165708494710075, 0.018689599716514915, 0.024366884234595855, 0.020854510476931685, 0.01584893192461116, 0.014269212315793653
dflux, 0.00013491470144502102, 0.000173423281544523, 0.00028270452960289143, 9.529035532766962e-05, 0.0006264958369551085, 0.0006094220861059074, 0.00068119015900599, 0.0013195913017794818, 0.0008849015886015437, 0.0003732533512363836, 0.0003232571838521632, 0.00026658105415476715, 0.00028906594800025, 0.00037177400815959844, 0.0003742402397848653, 0.00013521775195981755, 0.0002298507134496653, 0.0007546024127420856, 0.0005972741515605464, 0.0008239022332115619, 0.0011199423374193742, 0.0007458593289014539, 0.0005042845701417321, 0.00046118553792896924, 0.0005198247173259395, 0.0004379826692916279, 0.0004203351053117994, 0.0010566415678843152, 0.0003781768801859712, 0.00023204218114319675, 0.00025751558387691713, 0.00042764069201986737, 0.0005330993787999096, 0.0006109472519820085, 0.0005145847672566225, 0.0005845258413818451, 0.0008921532136084482, 0.0006150281227510294, 0.00048791951104166706, 0.00048565135122179387, 0.0004768652356054988, 0.0007057870376479475, 0.0007995981121082076, 0.000332113799963102, 0.0003242197332875496, 0.0003534870743525002, 0.00042753701431729976, 0.00048783806008352815, 0.00033254998001832367, 0.0003399531207559413, 0.00040693458471056335, 0.0009158795656832952, 0.0005990451229275124, 0.00022000849195984688, 0.00018456723115946815, 0.00015476019798534236, 0.00019460342642987292, 0.00046737810694031566, 0.00038629420175354527, 0.0005265250430779643, 0.0007970734822035632, 0.0005902408740202348, 0.0003134866366036783, 0.00031472018756660065, 0.00027310182442654666, 0.0002439527261577667, 0.00038499894262417766, 0.00057555857995916, 0.00034406924630683237, 0.00018812104123309024, 0.00018376361966713497, 0.001762234531161866, 0.0016652483946737304, 0.0012636192387893348, 0.0013121667742636066, 0.0012226542831293864, 0.0013598124830237653, 0.0013142241390685899, 0.0011595078092028347, 0.0008996776292213326, 0.0012510056658814354, 0.0013229263638655018, 0.0011125639163811125, 0.001119524266613984, 0.0024667624056191515, 0.003425269856854823, 0.0004706503227571743, 0.0005154845921038118, 0.00048622509949333736, 0.0004855086085076786, 0.002615105850503898, 0.0028958343812822748, 0.002390547432148159, 0.0022193867506008313, 0.0023075010439995492, 0.00044377919607602526, 0.0004733644758144269, 0.00041098470372761766, 0.000490297045976587, 0.00325858670287927, 0.003231399806007116, 0.003150117618933183, 0.0017056474617992783, 0.0015750325462245706, 0.0010802080259288177, 0.000998824697240251
mag, 19.021, 19.472, 19.765, 21.069, 17.915, 17.945, 18.042, 18.299, 18.46, 18.957, 19.386, 19.654, 20.062, 20.386, 20.654, 20.812, 20.887, 17.505, 17.486, 17.524, 17.701, 17.83, 18.057, 18.154, 18.222, 18.408, 18.765, 19.181, 19.175, 19.34, 19.691, 20.026, 20.14, 17.856, 17.875, 17.904, 18.158, 18.289, 18.373, 18.316, 18.27, 18.49, 18.924, 19.103, 19.257, 19.765, 19.991, 20.235, 18.132, 18.195, 18.291, 18.685, 18.827, 19.461, 19.902, 20.214, 20.581, 17.779, 17.768, 17.831, 17.952, 18.119, 18.394, 18.681, 18.835, 19.134, 19.418, 19.734, 19.777, 19.892, 20.221, 17.587, 17.568, 18.076, 18.069, 18.022, 17.788, 17.866, 17.327, 17.397, 17.538, 17.533, 17.774, 17.866, 18.161, 17.868, 17.855, 17.895, 18.192, 18.158, 17.435, 17.235, 18.064, 18.625, 18.605, 17.599, 17.599, 18.505, 18.5, 17.827, 17.663, 17.823, 17.535, 17.704, 18.002, 18.116
dmag, 0.038, 0.074, 0.158, 0.177, 0.009, 0.009, 0.011, 0.027, 0.021, 0.014, 0.018, 0.019, 0.03, 0.052, 0.067, 0.028, 0.051, 0.009, 0.007, 0.01, 0.016, 0.012, 0.01, 0.01, 0.012, 0.012, 0.016, 0.059, 0.021, 0.015, 0.023, 0.052, 0.072, 0.014, 0.012, 0.014, 0.027, 0.021, 0.018, 0.017, 0.016, 0.029, 0.049, 0.024, 0.027, 0.047, 0.07, 0.1, 0.012, 0.013, 0.017, 0.055, 0.041, 0.027, 0.034, 0.038, 0.067, 0.011, 0.009, 0.013, 0.022, 0.019, 0.013, 0.017, 0.017, 0.02, 0.041, 0.082, 0.051, 0.031, 0.041, 0.056, 0.052, 0.063, 0.065, 0.058, 0.052, 0.054, 0.029, 0.024, 0.038, 0.04, 0.042, 0.046, 0.133, 0.141, 0.022, 0.025, 0.031, 0.03, 0.076, 0.07, 0.124, 0.193, 0.197, 0.015, 0.016, 0.032, 0.038, 0.19, 0.162, 0.183, 0.076, 0.082, 0.074, 0.076
