CSP 2007jd SN2007jd 44.972375 1.160722 0.0726 0.0717710864312675 54348.0
++++++++++++++++++++++++++++++++++++++++++++++++++++++++++++++++
t0, 54362.03881062486, 0.23482054331543623
x0, 0.0003686624413269517, 3.158912417170567e-06
x1, -0.7927233602020672, 0.09090299463638096
c, 0.1863549187630104, 0.00628195765448917
mu, 37.90180343119706, 0.02510844097633304
hostMass, 10.066482342060203, 0.004639021074210903
++++++++++++++++++++++++++++++++++++++++++++++++++++++++++++++++
zp, 12.986, 12.986, 15.111, 15.111, 15.111, 15.111, 15.111, 15.111, 15.111, 15.111, 15.111, 15.111, 15.111, 14.903, 14.903, 14.903, 14.903, 14.903, 14.903, 14.903, 14.903, 14.903, 14.903, 14.903, 14.903, 14.903, 14.545, 14.545, 14.545, 14.545, 14.545, 14.545, 14.545, 14.545, 14.545, 14.545, 14.545, 14.545, 14.545, 14.545, 14.328, 14.328, 14.328, 14.328, 14.328, 14.328, 14.328, 14.328, 14.328, 14.328, 14.439, 14.439, 14.439, 14.439, 14.439, 14.439, 14.439, 14.439, 14.439, 14.439, 13.921, 13.921, 13.921, 13.921, 13.77, 13.77, 13.77, 13.866, 13.866, 13.866
filters, u, u, g, g, g, g, g, g, g, g, g, g, g, r, r, r, r, r, r, r, r, r, r, r, r, r, i, i, i, i, i, i, i, i, i, i, i, i, i, i, B, B, B, B, B, B, B, B, B, B, V, V, V, V, V, V, V, V, V, V, Y, Y, Y, Y, Ydw, Ydw, Ydw, J, J, J
time, 54362.83, 54363.78, 54362.83, 54363.78, 54364.81, 54365.84, 54368.81, 54376.75, 54378.84, 54380.82, 54383.74, 54385.83, 54392.8, 54362.83, 54363.78, 54364.81, 54365.84, 54368.81, 54376.75, 54378.84, 54380.82, 54383.74, 54385.83, 54392.8, 54397.71, 54403.81, 54362.83, 54363.78, 54364.81, 54365.84, 54368.81, 54376.75, 54378.84, 54380.82, 54383.74, 54385.83, 54392.8, 54397.71, 54403.81, 54409.83, 54362.83, 54363.78, 54364.81, 54365.84, 54368.81, 54376.75, 54378.84, 54380.82, 54383.74, 54385.83, 54362.83, 54363.78, 54364.81, 54365.84, 54376.75, 54378.84, 54380.82, 54383.74, 54385.83, 54392.8, 54369.78, 54369.81, 54388.68, 54388.73, 54364.88, 54365.85, 54365.85, 54364.88, 54364.89, 54365.85
flux, 0.0009246981739382221, 0.000902817564966256, 0.026717757271179466, 0.025609435171567697, 0.02361565523917717, 0.02537464645864963, 0.02083531160571749, 0.008472274141405963, 0.007965260797837789, 0.0065826384164090115, 0.0051808378507199335, 0.003992087024388079, 0.0024366884234595892, 0.02544485615146638, 0.023834168206731524, 0.02746628992415957, 0.024888573182823916, 0.018793168168032694, 0.014256075936021878, 0.013639548675066403, 0.01293004391796281, 0.010844261957670735, 0.011355336278419368, 0.0070859812691676845, 0.005915616341754749, 0.004524806378555491, 0.013316803762699784, 0.013477210138513503, 0.011598451211901664, 0.012882495516931342, 0.010375284158180138, 0.0063445379577571365, 0.007027486176561337, 0.006594775259494848, 0.0072979351521444856, 0.008495716271561198, 0.006280583588133173, 0.003973745050614629, 0.0029621019360527643, 0.0024099054286865957, 0.010375284158180115, 0.01065614202158518, 0.010384844550082744, 0.010346655758424365, 0.0074404636619191875, 0.0037016896103323443, 0.003028307694265778, 0.002185747548686934, 0.0017668512984538786, 0.0011439314495393074, 0.016248003352273208, 0.014955467727443971, 0.016474035594357547, 0.017458221529205047, 0.008402335139076915, 0.007663020722739183, 0.006403243244689483, 0.005861381645140297, 0.005219152658354482, 0.003028307694265778, 0.00487528490103386, 0.005306400191947738, 0.007530087105475898, 0.007783949326267244, 0.005850594519500057, 0.004759923796672494, 0.004462723707622519, 0.005796955946535215, 0.006240221421389766, 0.00567544605408546
dflux, 0.00010986652551077463, 8.39840963780932e-05, 0.00039372742150944716, 0.00033022026052987555, 0.00034801315657610304, 0.0003739346091243571, 0.0012089719633625155, 0.0003043268614114607, 0.00022008828929893383, 0.00018188502108231987, 0.00015746702405658884, 0.00019854979356148452, 0.00014812201641941126, 0.00044527599315485693, 0.0003512332826670889, 0.00048065037001809017, 0.0003896947916572997, 0.0011250945907199, 0.00024947629230505087, 0.000389437146034245, 0.000297725263772595, 0.0003296018342529669, 0.000366052792568721, 0.00022189861781883935, 0.00029421813609496343, 0.0003584050590285509, 0.0005396700994136239, 0.0003972150164491445, 0.00040593759710762115, 0.0003796869393644638, 0.0006115833507379933, 0.00025127202260362327, 0.0003365728061565347, 0.0003522927239364837, 0.000396577153906777, 0.00034429312968518633, 0.00023716988158355143, 0.00031841603686826313, 0.0003082862276371522, 0.00024859575173973936, 0.000229343756526747, 0.0002061080596489276, 0.00024868467784244227, 0.0002382405531168895, 0.0005756453039534068, 0.00014319404930278887, 0.00013666954861478483, 0.00010267054234215817, 9.926714125711264e-05, 0.00011589597813711632, 0.00031426424660283724, 0.0002479409067453554, 0.00047036757288466036, 0.00041807002269068666, 0.00019347091637578564, 0.0002540845048821653, 0.00020641617418851565, 0.00028072366400933843, 0.0002980350691078445, 0.000164561293230047, 0.00039963699680501487, 0.0003665531393831882, 0.00046467625732281515, 0.0004588340654920705, 0.00030176141465687833, 0.0002586590580409347, 0.0002877224303330365, 0.00029899484937806795, 0.00029886772909498314, 0.0004390914353356965
mag, 20.571, 20.597, 19.044, 19.09, 19.178, 19.1, 19.314, 20.291, 20.358, 20.565, 20.825, 21.108, 21.644, 18.889, 18.96, 18.806, 18.913, 19.218, 19.518, 19.566, 19.624, 19.815, 19.765, 20.277, 20.473, 20.764, 19.234, 19.221, 19.384, 19.27, 19.505, 20.039, 19.928, 19.997, 19.887, 19.722, 20.05, 20.547, 20.866, 21.09, 19.288, 19.259, 19.287, 19.291, 19.649, 20.407, 20.625, 20.979, 21.21, 21.682, 18.912, 19.002, 18.897, 18.834, 19.628, 19.728, 19.923, 20.019, 20.145, 20.736, 19.701, 19.609, 19.229, 19.193, 19.352, 19.576, 19.646, 19.458, 19.378, 19.481
dmag, 0.129, 0.101, 0.016, 0.014, 0.016, 0.016, 0.063, 0.039, 0.03, 0.03, 0.033, 0.054, 0.066, 0.019, 0.016, 0.019, 0.017, 0.065, 0.019, 0.031, 0.025, 0.033, 0.035, 0.034, 0.054, 0.086, 0.044, 0.032, 0.038, 0.032, 0.064, 0.043, 0.052, 0.058, 0.059, 0.044, 0.041, 0.087, 0.113, 0.112, 0.024, 0.021, 0.026, 0.025, 0.084, 0.042, 0.049, 0.051, 0.061, 0.11, 0.021, 0.018, 0.031, 0.026, 0.025, 0.036, 0.035, 0.052, 0.062, 0.059, 0.089, 0.075, 0.067, 0.064, 0.056, 0.059, 0.07, 0.056, 0.052, 0.084
