CSP 2007ax 125.68025 22.554694 0.0069
++++++++++++++++++++++++++++++++++++++++++++++++++++++++++++++++
t0, 1234.8256318872766, 0.06466723659116269
x0, 0.4669566085622535, 0.011756092084911886
x1, 4.999999992542092, 0.006013589599132008
c, -5.457116372429631, 0.03752129275767186
mu, 47.849015473459055, 1.0857517714322933
++++++++++++++++++++++++++++++++++++++++++++++++++++++++++++++++
zp, 12.986, 12.986, 12.986, 12.986, 12.986, 15.111, 15.111, 15.111, 15.111, 15.111, 15.111, 15.111, 15.111, 15.111, 15.111, 15.111, 14.903, 14.903, 14.903, 14.903, 14.903, 14.903, 14.903, 14.903, 14.903, 14.903, 14.903, 14.903, 14.545, 14.545, 14.545, 14.545, 14.545, 14.545, 14.545, 14.545, 14.545, 14.545, 14.545, 14.545, 14.328, 14.328, 14.328, 14.328, 14.328, 14.328, 14.328, 14.328, 14.328, 14.328, 14.328, 14.328, 14.439, 14.439, 14.439, 14.439, 14.439, 14.439, 14.439, 14.439, 14.439, 14.439, 14.439, 14.439, 13.921, 13.921, 13.921, 13.921, 13.921, 13.921, 13.921, 13.921, 13.921, 13.921, 13.921, 13.921, 13.921, 13.77, 13.77, 13.866, 13.866, 13.866, 13.866, 13.866, 13.866, 13.866, 13.866, 13.866, 13.866, 13.866, 13.502, 13.502, 13.502, 13.502, 13.502, 13.502, 13.502
filters, u, u, u, u, u, g, g, g, g, g, g, g, g, g, g, g, r, r, r, r, r, r, r, r, r, r, r, r, i, i, i, i, i, i, i, i, i, i, i, i, B, B, B, B, B, B, B, B, B, B, B, B, V, V, V, V, V, V, V, V, V, V, V, V, Y, Y, Y, Y, Y, Y, Y, Y, Y, Y, Y, Y, Y, Ydw, Ydw, J, J, J, J, J, J, J, J, J, J, J, H, H, H, H, H, H, H
time, 1185.56, 1190.62, 1194.52, 1197.56, 1207.51, 1185.56, 1190.62, 1194.52, 1197.56, 1207.51, 1213.47, 1219.49, 1224.47, 1229.48, 1235.46, 1239.46, 1185.56, 1190.62, 1194.52, 1197.56, 1207.51, 1213.47, 1219.49, 1224.47, 1229.48, 1235.46, 1239.46, 1246.46, 1185.56, 1190.62, 1194.52, 1197.56, 1207.51, 1213.47, 1218.5, 1224.47, 1229.48, 1235.46, 1239.46, 1246.46, 1185.56, 1190.62, 1194.52, 1197.56, 1207.51, 1213.47, 1219.49, 1224.47, 1229.48, 1235.46, 1239.46, 1246.46, 1185.56, 1190.62, 1194.52, 1197.56, 1207.51, 1213.47, 1219.49, 1224.47, 1229.48, 1235.46, 1239.46, 1246.46, 1184.55, 1191.61, 1191.62, 1196.54, 1196.55, 1205.53, 1205.53, 1219.48, 1219.48, 1230.48, 1230.48, 1248.45, 1248.47, 1222.47, 1222.47, 1184.55, 1184.56, 1191.61, 1196.54, 1196.55, 1205.53, 1205.53, 1219.48, 1219.48, 1230.48, 1230.48, 1184.55, 1191.61, 1191.62, 1196.54, 1196.55, 1219.48, 1230.48
flux, 117.38159324832205, 145.34496779183127, 267.17757271179465, 357.4374062644804, 569.6393733411835, 2.7822746576751243, 2.398832919019489, 3.780941866832963, 5.899293451041435, 14.06047524129915, 16.48921573150831, 20.00783052152391, 23.92213847512053, 26.08555011868905, 30.64784905370034, 35.84264080437143, 2.4888573182823914, 1.6474035594357526, 1.8197008586099839, 2.3900115514847258, 6.09817663998785, 8.542795299048475, 10.89431679659131, 14.086399463612535, 17.314103128901515, 24.14348729714149, 28.23579369110301, 35.908726236945114, 4.111497211045216, 2.6133645761890225, 2.647280740017564, 3.116018303105462, 7.571815097147046, 10.055415018560415, 12.577664324512543, 17.139573075084236, 18.9495979474355, 28.575905433749437, 32.21068791283438, 34.769624461781284, 7.870457896951001, 7.537025766884267, 12.977767816857826, 20.854510476931726, 49.24929296050277, 53.11289818550127, 60.86953723349024, 75.50922276654342, 85.9805066661176, 101.85913880541169, 111.8922481955243, 114.92115972032407, 4.191794659325635, 3.0988460420120596, 4.010513660865754, 5.670221181605435, 13.452407051486315, 17.587333541355722, 21.617227843354705, 27.415741719278795, 32.83976192504801, 41.03930524610166, 43.29123745028269, 53.85177219975279, 5.997910762555096, 3.4009480651219115, 3.438745222291275, 3.394689053800785, 3.5776676993611085, 5.002648624210065, 5.1238923866468005, 13.689891307007368, 13.842036815687436, 24.2102904673618, 27.289777828080403, 40.51352202292646, 57.438091349631755, 19.624563241736897, 20.15579812825191, 1.946256159361242, 1.8264172487743537, 1.9824397628726413, 2.013724249862388, 2.427727847681, 2.54917705050912, 2.062528697846572, 2.956650565082941, 2.3163276959874497, 4.4627237076225255, 3.948207780378825, 5.306400191947746, 4.630202658603083, 5.204751511705218, 4.483322704327329, 5.802297599818732, 17.202834055304354, 16.96680232346464
dflux, 1.036573256767005, 1.0725066656157038, 1.0754742089727887, 1.126159746907866, 1.101539309541415, 1.0055415018560432, 1.007395484811251, 1.007395484811251, 1.0083237577615514, 1.026124365193342, 1.0223509385032303, 1.0204694319421992, 1.0204694319421992, 1.0214097519898493, 1.0289635722967538, 1.0375284158180127, 1.0064680664383256, 1.0055415018560432, 1.0055415018560432, 1.0055415018560432, 1.0120454110965418, 1.0101828705448332, 1.011113711954907, 1.0148456628180953, 1.0176536626205333, 1.0214097519898493, 1.026124365193342, 1.0356189770449862, 1.0083237577615514, 1.0064680664383256, 1.007395484811251, 1.007395484811251, 1.0148456628180953, 1.011113711954907, 1.0176536626205333, 1.0176536626205333, 1.023292992280754, 1.0280162981264735, 1.0299117193406992, 1.0423174293933042, 1.007395484811251, 1.0092528860766845, 1.0092528860766845, 1.0139113857366795, 1.0685626745999612, 1.0251797048255573, 1.0356189770449862, 1.0432778814599657, 1.0346655758424372, 1.033713052350584, 1.038484455008274, 1.0715193052376064, 1.0064680664383256, 1.0055415018560432, 1.0055415018560432, 1.007395484811251, 1.0148456628180953, 1.0148456628180953, 1.0176536626205333, 1.0176536626205333, 1.0204694319421992, 1.023292992280754, 1.0223509385032303, 1.0394413751488008, 1.0176536626205333, 1.0120454110965418, 1.011113711954907, 1.0092528860766845, 1.0148456628180953, 1.0148456628180953, 1.0148456628180953, 1.0251797048255573, 1.0289635722967538, 1.0500258721108844, 1.0695473105661604, 1.1334438229710342, 1.130316324738697, 1.0500258721108844, 1.0548725713234373, 1.08043837237123, 1.0548725713234373, 1.0834278621501392, 1.0974885550989477, 1.0995120668793499, 1.1045871839886297, 1.0944602678150792, 1.1407750129221206, 1.150270547790115, 1.066596121230258, 1.081433951297938, 1.0413578615284345, 1.0626738654024648, 1.1045871839886297, 1.0744841166445553, 1.1137815001346651, 1.1513304741558172, 1.0944602678150792
mag, 18.16, 18.392, 19.053, 19.369, 19.875, 16.222, 16.061, 16.555, 17.038, 17.981, 18.154, 18.364, 18.558, 18.652, 18.827, 18.997, 15.893, 15.445, 15.553, 15.849, 16.866, 17.232, 17.496, 17.775, 17.999, 18.36, 18.53, 18.791, 16.08, 15.588, 15.602, 15.779, 16.743, 17.051, 17.294, 17.63, 17.739, 18.185, 18.315, 18.398, 16.568, 16.521, 17.111, 17.626, 18.559, 18.641, 18.789, 19.023, 19.164, 19.348, 19.45, 19.479, 15.995, 15.667, 15.947, 16.323, 17.261, 17.552, 17.776, 18.034, 18.23, 18.472, 18.53, 18.767, 15.866, 15.25, 15.262, 15.248, 15.305, 15.669, 15.695, 16.762, 16.774, 17.381, 17.511, 17.94, 18.319, 17.002, 17.031, 14.589, 14.52, 14.609, 14.626, 14.829, 14.882, 14.652, 15.043, 14.778, 15.49, 15.357, 15.314, 15.166, 15.293, 15.131, 15.411, 16.591, 16.576
dmag, 0.039, 0.076, 0.079, 0.129, 0.105, 0.006, 0.008, 0.008, 0.009, 0.028, 0.024, 0.022, 0.022, 0.023, 0.031, 0.04, 0.007, 0.006, 0.006, 0.006, 0.013, 0.011, 0.012, 0.016, 0.019, 0.023, 0.028, 0.038, 0.009, 0.007, 0.008, 0.008, 0.016, 0.012, 0.019, 0.019, 0.025, 0.03, 0.032, 0.045, 0.008, 0.01, 0.01, 0.015, 0.072, 0.027, 0.038, 0.046, 0.037, 0.036, 0.041, 0.075, 0.007, 0.006, 0.006, 0.008, 0.016, 0.016, 0.019, 0.019, 0.022, 0.025, 0.024, 0.042, 0.019, 0.013, 0.012, 0.01, 0.016, 0.016, 0.016, 0.027, 0.031, 0.053, 0.073, 0.136, 0.133, 0.053, 0.058, 0.084, 0.058, 0.087, 0.101, 0.103, 0.108, 0.098, 0.143, 0.152, 0.07, 0.085, 0.044, 0.066, 0.108, 0.078, 0.117, 0.153, 0.098
