CSP 2007bm SN2007bm 171.259583 -9.798278 0.0062 0.0077480346279816615 54210.0
++++++++++++++++++++++++++++++++++++++++++++++++++++++++++++++++
t0, 54224.89850888491, 0.03168627928971546
x0, 0.024849268422870278, 4.457023102655355e-05
x1, -0.8462645309726102, 0.010749573589799999
c, 0.5315450207898765, 0.0011040471442351353
mu, 32.29323334637819, 0.0041619539030791994
++++++++++++++++++++++++++++++++++++++++++++++++++++++++++++++++
zp, 12.986, 12.986, 12.986, 12.986, 12.986, 12.986, 12.986, 15.111, 15.111, 15.111, 15.111, 15.111, 15.111, 15.111, 15.111, 14.903, 14.903, 14.903, 14.903, 14.903, 14.903, 14.903, 14.545, 14.545, 14.545, 14.545, 14.545, 14.545, 14.545, 14.545, 14.545, 14.545, 14.328, 14.328, 14.328, 14.328, 14.328, 14.328, 14.328, 14.328, 14.328, 14.328, 14.439, 14.439, 14.439, 14.439, 14.439, 14.439, 14.439, 14.439, 14.439, 14.439, 13.921, 13.921, 13.921, 13.866, 13.866, 13.866, 13.866, 13.866, 13.866, 13.866, 13.866, 13.866, 13.866, 13.866, 13.866, 13.866, 13.866, 13.866, 13.866, 13.502, 13.502, 13.502, 13.502, 13.502, 13.502, 13.502, 13.502, 13.502, 13.502, 13.502, 13.502, 13.502, 13.502
filters, u, u, u, u, u, u, u, g, g, g, g, g, g, g, g, r, r, r, r, r, r, r, i, i, i, i, i, i, i, i, i, i, B, B, B, B, B, B, B, B, B, B, V, V, V, V, V, V, V, V, V, V, Y, Y, Y, J, J, J, J, J, J, J, J, J, J, J, J, J, J, J, J, H, H, H, H, H, H, H, H, H, H, H, H, H, H
time, 54224.67, 54235.59, 54239.61, 54241.56, 54249.56, 54255.57, 54259.56, 54227.65, 54229.58, 54231.66, 54239.61, 54241.56, 54249.56, 54255.57, 54259.56, 54229.58, 54231.66, 54239.61, 54241.56, 54249.56, 54255.57, 54259.56, 54224.67, 54227.65, 54229.58, 54231.66, 54235.59, 54239.61, 54241.56, 54249.56, 54255.57, 54259.56, 54224.67, 54227.65, 54229.58, 54231.66, 54235.59, 54239.61, 54241.56, 54249.56, 54255.57, 54259.56, 54224.67, 54227.65, 54229.58, 54231.66, 54235.59, 54239.61, 54241.56, 54249.56, 54255.57, 54259.56, 54220.68, 54244.61, 54244.62, 54217.57, 54217.58, 54220.68, 54220.7, 54228.55, 54228.56, 54233.57, 54233.58, 54237.62, 54237.63, 54244.61, 54244.62, 54254.58, 54254.59, 54278.5, 54278.52, 54217.57, 54217.58, 54228.55, 54228.56, 54233.57, 54233.58, 54237.62, 54237.63, 54244.61, 54244.62, 54254.58, 54254.59, 54278.5, 54278.52
flux, 0.10092528860766842, 0.036174288676421834, 0.01953439656398257, 0.014138391390945665, 0.0065705239096355405, 0.004025316189742118, 0.0038124135110429907, 1.967886289706847, 1.8603728805950528, 1.687329890625806, 0.9358365435835307, 0.7677149537690288, 0.38406081572581247, 0.251188643150958, 0.20796966871036993, 2.307809729698406, 2.098939883623524, 1.3816562311673295, 1.3085791612450992, 1.0636530750764384, 0.7351906920715667, 0.5759701812546713, 1.2370863074892702, 1.1397248040197483, 1.0934526967309197, 0.9709570065288244, 0.7677149537690275, 0.7488589075216437, 0.7791121911130922, 0.8309980410444316, 0.640324324468947, 0.4839494493016625, 0.8128305161640982, 0.7655966069112556, 0.7059923578936671, 0.6177318585915192, 0.4377236379347655, 0.2800270595010631, 0.22263836295529077, 0.10242359141215683, 0.06924684643226356, 0.05796955946535197, 1.3170431381998406, 1.3304544179780917, 1.2930043917962792, 1.2089267852132994, 1.0009214583192954, 0.7648917910070715, 0.6717381285473806, 0.43812698202249273, 0.29757743773728096, 0.23944181728633812, 0.8317637711026702, 0.6804559249946374, 0.6804559249946374, 0.813579505605396, 0.8031561699226571, 0.9700631337839575, 0.9727472237769641, 0.6785783509504065, 0.6729766562843179, 0.3241902878227871, 0.3345029868260137, 0.2118361135248501, 0.21557579680386282, 0.25703957827688645, 0.2591791134615942, 0.3984740097177749, 0.3999447497610971, 0.06729766562843179, 0.0700809531646794, 0.5311289818550134, 0.5204751511705226, 0.4373206651696452, 0.43812698202249345, 0.3876144867002412, 0.38976245309771984, 0.40550853544838433, 0.40550853544838433, 0.5440013782467275, 0.5355499708401141, 0.5048937562011561, 0.4970499105762356, 0.15488166189124836, 0.15531020752328487
dflux, 0.0010225118862382122, 0.00036649526256636583, 0.00025188581784161814, 0.0002083510352365238, 0.0004659790645506228, 0.00016683539495558026, 0.00016854540516204831, 0.005437470762463618, 0.006853866979629698, 0.0062163530449892085, 0.004309686549469022, 0.0028283664131474864, 0.002829864669098845, 0.0013881197405971124, 0.0015323771486957058, 0.008502285249712268, 0.01159917044909324, 0.006362762083056457, 0.007231475687245482, 0.003918642743661254, 0.002708542604915145, 0.004243905130771472, 0.00797579017304116, 0.005248626687702866, 0.00503553575877351, 0.006259991161679903, 0.006363824429581833, 0.004828071800202403, 0.0043055330808646425, 0.00306150992258586, 0.002359041990725888, 0.003120137405629121, 0.0029945782874401736, 0.0021154216011848156, 0.0019507289748644104, 0.0022758082704965412, 0.0020157918471194283, 0.0010316578125473673, 0.0010252875513389007, 0.0013206985946366539, 0.000637787025327112, 0.0005339193738894053, 0.00485216623495848, 0.0036761814116933085, 0.004763604220361513, 0.005567313588306716, 0.007375061853388387, 0.00281796549716224, 0.0037121620828534005, 0.002017649315286924, 0.0013703947442904542, 0.001323204381895023, 0.013789489393681345, 0.010027569083725612, 0.011281015219191311, 0.009741347416176743, 0.007397341696840413, 0.006254228151119283, 0.006271533118816508, 0.008124918855699818, 0.006198344066772993, 0.0038816737649778332, 0.003697063636932302, 0.003121732333824731, 0.0031768423432376835, 0.0037878752079989436, 0.0033419789932036446, 0.002936065007109482, 0.0029469018202276363, 0.000805784728680489, 0.0007745633186870626, 0.004402690833875253, 0.004793753297436271, 0.004430659395702609, 0.004842358356688627, 0.005355092033427085, 0.005743751771594244, 0.0067227689433981405, 0.0074697432704423795, 0.005511481642124173, 0.005919117021167246, 0.003720194677038567, 0.0036623990866139636, 0.0012838615410561568, 0.001287413887078539
mag, 15.476, 16.59, 17.259, 17.61, 18.442, 18.974, 19.033, 14.376, 14.437, 14.543, 15.183, 15.398, 16.15, 16.611, 16.816, 13.995, 14.098, 14.552, 14.611, 14.836, 15.237, 15.502, 14.314, 14.403, 14.448, 14.577, 14.832, 14.859, 14.816, 14.746, 15.029, 15.333, 14.553, 14.618, 14.706, 14.851, 15.225, 15.71, 15.959, 16.802, 17.227, 17.42, 14.14, 14.129, 14.16, 14.233, 14.438, 14.73, 14.871, 15.335, 15.755, 15.991, 14.121, 14.339, 14.339, 14.09, 14.104, 13.899, 13.896, 14.287, 14.296, 15.089, 15.055, 15.551, 15.532, 15.341, 15.332, 14.865, 14.861, 16.796, 16.752, 14.189, 14.211, 14.4, 14.398, 14.531, 14.525, 14.482, 14.482, 14.163, 14.18, 14.244, 14.261, 15.527, 15.524
dmag, 0.011, 0.011, 0.014, 0.016, 0.077, 0.045, 0.048, 0.003, 0.004, 0.004, 0.005, 0.004, 0.008, 0.006, 0.008, 0.004, 0.006, 0.005, 0.006, 0.004, 0.004, 0.008, 0.007, 0.005, 0.005, 0.007, 0.009, 0.007, 0.006, 0.004, 0.004, 0.007, 0.004, 0.003, 0.003, 0.004, 0.005, 0.004, 0.005, 0.014, 0.01, 0.01, 0.004, 0.003, 0.004, 0.005, 0.008, 0.004, 0.006, 0.005, 0.005, 0.006, 0.018, 0.016, 0.018, 0.013, 0.01, 0.007, 0.007, 0.013, 0.01, 0.013, 0.012, 0.016, 0.016, 0.016, 0.014, 0.008, 0.008, 0.013, 0.012, 0.009, 0.01, 0.011, 0.012, 0.015, 0.016, 0.018, 0.02, 0.011, 0.012, 0.008, 0.008, 0.009, 0.009
