CSP 2007mm SN2007mm 16.444458 -0.758833 0.0664 0.06456278748171412 54382.0
++++++++++++++++++++++++++++++++++++++++++++++++++++++++++++++++
t0, 54392.54955867706, 0.05166012985864654
x0, 0.00019009128377089858, 1.4763892771044495e-06
x1, -3.4321111849818147, 0.07139606511948426
c, 0.45901960017719745, 0.006907355424011377
mu, 37.40460307097543, 0.024781685860125673
hostMass, 9.37688091226328, 0.007453549893324646
++++++++++++++++++++++++++++++++++++++++++++++++++++++++++++++++
0.0026687698485149173, -7.067671979153033e-09, -8.501087410313849e-05, 2.52201869691074e-05
-7.067671979153033e-09, 2.179725297548999e-12, -4.5606268548804853e-08, -8.426264838307077e-09
-8.501087410313849e-05, -4.5606268548804853e-08, 0.0050980533744372555, 0.00014615769963460947
2.52201869691074e-05, -8.426264838307077e-09, 0.00014615769963460947, 4.771155895361939e-05
++++++++++++++++++++++++++++++++++++++++++++++++++++++++++++++++
zp, 15.111, 15.111, 15.111, 15.111, 15.111, 15.111, 15.111, 15.111, 14.903, 14.903, 14.903, 14.903, 14.903, 14.903, 14.903, 14.903, 14.903, 14.545, 14.545, 14.545, 14.545, 14.545, 14.545, 14.545, 14.545, 14.328, 14.328, 14.328, 14.328, 14.328, 14.328, 14.439, 14.439, 14.439, 14.439, 14.439, 14.439, 14.439, 14.439
filters, g, g, g, g, g, g, g, g, r, r, r, r, r, r, r, r, r, i, i, i, i, i, i, i, i, B, B, B, B, B, B, V, V, V, V, V, V, V, V
time, 54385.72, 54392.68, 54394.69, 54395.66, 54400.73, 54403.65, 54409.74, 54418.69, 54385.72, 54392.68, 54394.69, 54395.66, 54400.73, 54403.65, 54407.77, 54409.74, 54418.69, 54385.72, 54392.68, 54394.69, 54395.66, 54400.73, 54403.65, 54409.74, 54418.69, 54385.72, 54392.68, 54394.69, 54395.66, 54403.65, 54409.74, 54385.72, 54392.68, 54394.69, 54395.66, 54400.73, 54403.65, 54409.74, 54418.69
flux, 0.008287050779069821, 0.014242951649732912, 0.013995873225726208, 0.01301367630107466, 0.007406277836681544, 0.004483322704327337, 0.0027189423544022226, 0.0017571142465950967, 0.008061205638638913, 0.017394021397803074, 0.018297847342954147, 0.019934254564980946, 0.015093848966549535, 0.011770637907805706, 0.009620552191862149, 0.007406277836681558, 0.004010513660865759, 0.005706896548928061, 0.010794437099844536, 0.011492115972032426, 0.011619836038697946, 0.010064680664383254, 0.008765970403212803, 0.006754605666335012, 0.0034482599655262323, 0.00326587832172336, 0.004817259035591635, 0.004729334149186521, 0.0043772363793476475, 0.0013025667861366887, 0.0006668067692136212, 0.005613064076752021, 0.010636530750764386, 0.010774571314563662, 0.010794437099844519, 0.006950243175887969, 0.005067572841772825, 0.002746628992415961, 0.0014832009671818757
dflux, 0.00020608170755872536, 0.00019677364889345974, 0.00023203216118153992, 0.00028766493173668236, 0.0006753219636760785, 0.00017755959084833314, 0.00010517801505047244, 0.00014727094458066295, 0.00028213650141336054, 0.00024030728626680487, 0.00028649998357521515, 0.00034884241224967963, 0.0007229013298266353, 0.00020598200489973473, 0.0003544342410136476, 0.00015689298146009936, 0.00019946625776838309, 0.0003521684798780007, 0.00019884087962691128, 0.0002540311192719422, 0.00028896114145400147, 0.00041714610594397724, 0.0002179914419814999, 0.00018663665179627337, 0.0002604291133831548, 0.0001534072398783055, 0.00010648462890666406, 0.0001611674758132275, 0.0002257686868773756, 8.03804591655851e-05, 7.431235941222217e-05, 0.0001861136304357541, 0.00016654231660560333, 0.0001984749383385244, 0.00031814540740305756, 0.0004993100214798769, 0.00011668517683127584, 0.00011130850674103158, 0.00012704530745444098
mag, 20.315, 19.727, 19.746, 19.825, 20.437, 20.982, 21.525, 21.999, 20.137, 19.302, 19.247, 19.154, 19.456, 19.726, 19.945, 20.229, 20.895, 20.154, 19.462, 19.394, 19.382, 19.538, 19.688, 19.971, 20.701, 20.543, 20.121, 20.141, 20.225, 21.541, 22.268, 20.066, 19.372, 19.358, 19.356, 19.834, 20.177, 20.842, 21.511
dmag, 0.027, 0.015, 0.018, 0.024, 0.099, 0.043, 0.042, 0.091, 0.038, 0.015, 0.017, 0.019, 0.052, 0.019, 0.04, 0.023, 0.054, 0.067, 0.02, 0.024, 0.027, 0.045, 0.027, 0.03, 0.082, 0.051, 0.024, 0.037, 0.056, 0.067, 0.121, 0.036, 0.017, 0.02, 0.032, 0.078, 0.025, 0.044, 0.093
