CSP 2007cg SN2007cg 201.389917 -24.65225 0.0332 0.03498010717277563 54231.0
++++++++++++++++++++++++++++++++++++++++++++++++++++++++++++++++
t0, 54228.41734958023, 0.16135961502732243
x0, 0.0006929799318374581, 9.757525072814438e-06
x1, 0.9034055345044834, 0.05970205402411055
c, 0.7123716372445579, 0.007101301253274958
mu, 35.908551922885884, 0.02765822917781472
hostMass, 10.398172569001606, 0.0016084521206963715
++++++++++++++++++++++++++++++++++++++++++++++++++++++++++++++++
0.026037023441267494, -1.2355270518672667e-06, -0.0008875133432656936, 0.0006107249970083912
-1.2355270518672667e-06, 9.520929554660241e-11, -2.074502149095349e-07, -6.082280365488699e-08
-0.0008875133432656936, -2.074502149095349e-07, 0.0035645103781804387, 0.00013579967402923762
0.0006107249970083912, -6.082280365488699e-08, 0.00013579967402923762, 5.042847948976449e-05
++++++++++++++++++++++++++++++++++++++++++++++++++++++++++++++++
zp, 12.986, 12.986, 12.986, 15.111, 15.111, 15.111, 15.111, 15.111, 15.111, 15.111, 14.903, 14.903, 14.903, 14.903, 14.903, 14.903, 14.903, 14.545, 14.545, 14.545, 14.545, 14.545, 14.545, 14.545, 14.328, 14.328, 14.328, 14.328, 14.439, 14.439, 14.439, 14.439, 14.439, 14.439, 14.439, 14.439, 13.921, 13.921, 13.921, 13.921, 13.921, 13.77, 13.77, 13.77, 13.77
filters, u, u, u, g, g, g, g, g, g, g, r, r, r, r, r, r, r, i, i, i, i, i, i, i, B, B, B, B, V, V, V, V, V, V, V, V, Y, Y, Y, Y, Y, Ydw, Ydw, Ydw, Ydw
time, 54235.63, 54239.64, 54243.66, 54235.63, 54239.64, 54243.66, 54246.61, 54255.66, 54256.66, 54259.59, 54235.63, 54239.64, 54243.66, 54246.61, 54255.66, 54256.66, 54259.59, 54235.63, 54239.64, 54243.66, 54246.61, 54255.66, 54256.66, 54259.59, 54235.63, 54239.64, 54243.66, 54246.61, 54235.63, 54239.64, 54241.61, 54243.66, 54246.61, 54255.66, 54256.66, 54259.59, 54237.66, 54237.67, 54247.61, 54257.6, 54257.61, 54244.56, 54244.56, 54254.63, 54254.63
flux, 0.0011209855128753163, 0.0008317637711026717, 0.0003681289736425313, 0.049796635416448666, 0.040364539296760524, 0.03036686788465783, 0.023834168206731572, 0.012600854590882393, 0.010924460532267923, 0.008798324994418672, 0.07892234847899735, 0.06438726829014615, 0.051617860549667355, 0.04979663541644856, 0.04345102241715719, 0.041495404263436286, 0.03718775833249356, 0.04014209182043207, 0.031332857243155855, 0.02438933730278909, 0.02664403527724892, 0.030199517204020192, 0.0315355202455072, 0.031304011900962346, 0.0157036280433355, 0.011934383792107955, 0.00797994687267976, 0.006327031548665012, 0.03904810837492533, 0.032628717214308475, 0.02779713267759287, 0.024911506965638618, 0.021837353276021727, 0.014777467061719923, 0.013589391171007994, 0.011868613846449199, 0.024728626781870225, 0.025751349904103167, 0.023035625001175328, 0.04634469197362877, 0.04608928809808948, 0.01691998602503002, 0.016703212258150402, 0.029840081159302232, 0.030988460420120545
dflux, 9.808425219354157e-05, 0.00010495333594079712, 6.27259732386283e-05, 0.0006421015461905748, 0.00048330248964552434, 0.00041953378387279657, 0.0005488020041673277, 0.0006383198786789305, 0.0005735225993297238, 0.0003241422716074457, 0.0009449722001814671, 0.000593028656573995, 0.0006180434844163294, 0.0010090167154423295, 0.0006403179295558161, 0.0006497175551362998, 0.0005137678678695887, 0.0006285279591458108, 0.0004905966760612081, 0.000516658425412933, 0.0010552227252815347, 0.0005841104482885907, 0.000638996325590628, 0.0005766412092325129, 0.0003037350946434637, 0.0002528153947667533, 0.00022049408054300245, 0.0003554720960553618, 0.0005035049166208267, 0.0004207302280226355, 0.0004352357906535405, 0.0003441651874985809, 0.0005430495325371731, 0.00036748485398008967, 0.0004255539216518996, 0.0003498047144619091, 0.002801436555988867, 0.003296783897399586, 0.0014427284392057975, 0.0017500865887972062, 0.0019951407451617325, 0.000592187555442506, 0.0005846006267711345, 0.000797028182193245, 0.0010274913650621604
mag, 20.362, 20.686, 21.571, 18.368, 18.596, 18.905, 19.168, 19.86, 20.015, 20.25, 17.66, 17.881, 18.121, 18.16, 18.308, 18.358, 18.477, 18.036, 18.305, 18.577, 18.481, 18.345, 18.298, 18.306, 18.838, 19.136, 19.573, 19.825, 17.96, 18.155, 18.329, 18.448, 18.591, 19.015, 19.106, 19.253, 17.938, 17.894, 18.015, 17.256, 17.262, 18.199, 18.213, 17.583, 17.542
dmag, 0.095, 0.137, 0.185, 0.014, 0.013, 0.015, 0.025, 0.055, 0.057, 0.04, 0.013, 0.01, 0.013, 0.022, 0.016, 0.017, 0.015, 0.017, 0.017, 0.023, 0.043, 0.021, 0.022, 0.02, 0.021, 0.023, 0.03, 0.061, 0.014, 0.014, 0.017, 0.015, 0.027, 0.027, 0.034, 0.032, 0.123, 0.139, 0.068, 0.041, 0.047, 0.038, 0.038, 0.029, 0.036
