CSP 2007nq SN2007nq 14.389875 -1.388611 0.045 0.04258458084208732 54394.0
++++++++++++++++++++++++++++++++++++++++++++++++++++++++++++++++
t0, 54398.608729301915, 0.05002279344626004
x0, 0.0017138172829212876, 7.420193761010514e-06
x1, -1.8424354695392042, 0.020570240222219094
c, 0.03840549249623123, 0.002883513574017621
mu, 17.15374771016662, 0.010287878231088858
hostMass, 11.25062156153491, 0.0008671398747487263
++++++++++++++++++++++++++++++++++++++++++++++++++++++++++++++++
0.0025022802610819915, -2.469265516289264e-07, -0.0004946450326481547, 5.0775378736630824e-05
-2.469265516289264e-07, 5.5059275450939356e-11, -1.4201807974839477e-08, -1.6970908733381207e-08
-0.0004946450326481547, -1.4201807974839477e-08, 0.00042313754514398147, 7.004185129302028e-06
5.0775378736630824e-05, -1.6970908733381207e-08, 7.004185129302028e-06, 8.314650531543874e-06
++++++++++++++++++++++++++++++++++++++++++++++++++++++++++++++++
zp, 12.986, 12.986, 12.986, 12.986, 12.986, 12.986, 15.111, 15.111, 15.111, 15.111, 15.111, 15.111, 15.111, 15.111, 15.111, 15.111, 15.111, 15.111, 15.111, 15.111, 15.111, 15.111, 15.111, 15.111, 15.111, 15.111, 15.111, 15.111, 15.111, 14.903, 14.903, 14.903, 14.903, 14.903, 14.903, 14.903, 14.903, 14.903, 14.903, 14.903, 14.903, 14.903, 14.903, 14.903, 14.903, 14.903, 14.903, 14.903, 14.903, 14.903, 14.903, 14.903, 14.903, 14.903, 14.545, 14.545, 14.545, 14.545, 14.545, 14.545, 14.545, 14.545, 14.545, 14.545, 14.545, 14.545, 14.545, 14.545, 14.545, 14.545, 14.545, 14.545, 14.545, 14.545, 14.545, 14.545, 14.545, 14.545, 14.545, 14.328, 14.328, 14.328, 14.328, 14.328, 14.328, 14.328, 14.328, 14.328, 14.328, 14.328, 14.328, 14.328, 14.328, 14.328, 14.328, 14.328, 14.328, 14.328, 14.328, 14.328, 14.439, 14.439, 14.439, 14.439, 14.439, 14.439, 14.439, 14.439, 14.439, 14.439, 14.439, 14.439, 14.439, 14.439, 14.439, 14.439, 14.439, 14.439, 14.439, 14.439, 14.439, 14.439, 14.439, 14.439, 14.439, 13.921, 13.921, 13.921, 13.921, 13.921, 13.921, 13.921, 13.921, 13.921, 13.921, 13.921, 13.921, 13.921, 13.921, 13.921, 13.921, 13.921, 13.921, 13.921, 13.921, 13.921, 13.921, 13.921, 13.921, 13.921, 13.921, 13.921, 13.77, 13.77, 13.77, 13.77, 13.77, 13.77, 13.77, 13.77, 13.77, 13.77, 13.866, 13.866, 13.866, 13.866, 13.866, 13.866, 13.866, 13.866, 13.866, 13.502, 13.502, 13.502
filters, u, u, u, u, u, u, g, g, g, g, g, g, g, g, g, g, g, g, g, g, g, g, g, g, g, g, g, g, g, r, r, r, r, r, r, r, r, r, r, r, r, r, r, r, r, r, r, r, r, r, r, r, r, r, i, i, i, i, i, i, i, i, i, i, i, i, i, i, i, i, i, i, i, i, i, i, i, i, i, B, B, B, B, B, B, B, B, B, B, B, B, B, B, B, B, B, B, B, B, B, V, V, V, V, V, V, V, V, V, V, V, V, V, V, V, V, V, V, V, V, V, V, V, V, V, Y, Y, Y, Y, Y, Y, Y, Y, Y, Y, Y, Y, Y, Y, Y, Y, Y, Y, Y, Y, Y, Y, Y, Y, Y, Y, Y, Ydw, Ydw, Ydw, Ydw, Ydw, Ydw, Ydw, Ydw, Ydw, Ydw, J, J, J, J, J, J, J, J, J, H, H, H
time, 54397.65, 54403.6, 54407.74, 54409.64, 54411.62, 54413.63, 54397.65, 54400.67, 54403.6, 54407.74, 54409.64, 54411.62, 54413.63, 54417.65, 54421.62, 54422.63, 54423.62, 54427.66, 54430.62, 54435.56, 54440.59, 54443.66, 54445.62, 54449.58, 54455.56, 54456.57, 54466.56, 54468.56, 54476.56, 54397.65, 54400.67, 54403.6, 54407.74, 54409.64, 54411.62, 54413.63, 54417.65, 54421.62, 54422.63, 54423.62, 54427.66, 54430.62, 54435.56, 54440.59, 54443.66, 54445.62, 54449.58, 54455.56, 54456.57, 54457.56, 54458.55, 54466.56, 54468.56, 54476.56, 54397.65, 54400.67, 54403.6, 54407.74, 54409.64, 54411.62, 54413.63, 54417.65, 54421.62, 54422.63, 54423.62, 54427.66, 54430.62, 54435.56, 54440.59, 54443.66, 54445.62, 54449.58, 54455.56, 54456.57, 54457.56, 54458.55, 54466.56, 54468.56, 54476.56, 54397.65, 54400.67, 54403.6, 54407.74, 54409.64, 54411.62, 54413.63, 54417.65, 54421.62, 54422.63, 54423.62, 54427.66, 54430.62, 54435.56, 54440.59, 54443.66, 54445.62, 54449.58, 54466.56, 54468.56, 54472.54, 54397.65, 54400.67, 54403.6, 54407.74, 54409.64, 54411.62, 54413.63, 54417.65, 54421.62, 54422.63, 54423.62, 54427.66, 54430.62, 54435.56, 54440.59, 54443.66, 54445.62, 54449.58, 54455.56, 54456.57, 54457.56, 54466.56, 54468.56, 54472.54, 54476.56, 54399.68, 54399.68, 54402.69, 54402.69, 54408.73, 54408.74, 54410.66, 54410.67, 54412.65, 54412.66, 54415.68, 54415.69, 54424.68, 54424.69, 54431.62, 54431.65, 54437.64, 54437.65, 54439.65, 54439.66, 54442.64, 54442.67, 54444.63, 54444.66, 54448.59, 54465.55, 54465.58, 54421.65, 54421.66, 54427.68, 54427.68, 54457.61, 54457.63, 54458.57, 54458.58, 54467.57, 54467.58, 54399.68, 54402.69, 54402.69, 54424.68, 54424.69, 54421.65, 54421.66, 54427.68, 54427.68, 54402.69, 54421.65, 54427.68
flux, 0.00942757508527416, 0.005613064076752021, 0.0027643943712203343, 0.002381222623276841, 0.001676486266073898, 0.001102554332102225, 0.11738159324832202, 0.11792340206530043, 0.10471285480509002, 0.07509309424540643, 0.06362092805735182, 0.049567840659411784, 0.03798393901545075, 0.02339914561055103, 0.016025072388814194, 0.014151419329314283, 0.012858786926343992, 0.01020469431942201, 0.008717661466018484, 0.00806120563863892, 0.007158136899114738, 0.006937452139421242, 0.006297961479295178, 0.005899293451041437, 0.005546257129579105, 0.005470159628939727, 0.00490681856767952, 0.0046131757456037955, 0.004149540426343637, 0.09179097860573386, 0.09647171518961681, 0.09179097860573386, 0.07118688672622817, 0.0640324324468947, 0.05791619210831207, 0.05485295139412035, 0.04795125740813503, 0.03865449465982844, 0.03525331811958863, 0.03296097121774578, 0.024054703049880978, 0.02030486002716805, 0.017171174432444553, 0.015079953418017893, 0.013727770182085479, 0.01278792262935848, 0.011148078033638426, 0.009401561688035714, 0.009153770083623535, 0.009358365435835292, 0.009221466651242648, 0.006631320218835529, 0.006251726927756862, 0.005142804319487924, 0.04475071720476561, 0.043291237450282606, 0.04040173353730005, 0.027289777828080446, 0.024501913368807856, 0.02414348729714149, 0.02657051670355066, 0.029895099278145824, 0.02784838407805004, 0.026399761293548114, 0.023056851369472827, 0.01768479378281803, 0.015275660582380717, 0.011220184543019618, 0.008456682000993546, 0.00827179951864133, 0.00782708409590612, 0.006528298441586148, 0.00510504999975407, 0.004803966829296804, 0.005076916258882495, 0.004888774438941453, 0.003290031075247059, 0.003587566830392611, 0.0022449155075695876, 0.051097540905467614, 0.04835039205916207, 0.043491060723245364, 0.029566505650829415, 0.023014418174085113, 0.01742609189825927, 0.013085791612450968, 0.00800940030533287, 0.005067572841772825, 0.004884273784229242, 0.004341102097073445, 0.0031074203103885795, 0.002844461107447911, 0.002731492422089185, 0.0023377604122746896, 0.002352881201938166, 0.0022202403953450766, 0.0019195525237613773, 0.001720283405530432, 0.0016780310782909585, 0.0015617085932653706, 0.0595387894127686, 0.0614327561270521, 0.05712155216230425, 0.04625940047661603, 0.04043896205078194, 0.035318316979195734, 0.03067608976917933, 0.021537733556621724, 0.015573993890808574, 0.014112371484118492, 0.013415287982661256, 0.011107082559188651, 0.00913692373681455, 0.007231027280500617, 0.006516283940608427, 0.005807644175213123, 0.005633781508509377, 0.005011872336272725, 0.005067572841772825, 0.004520640796485022, 0.004234479161692077, 0.0035383435681472218, 0.003627438014764583, 0.0033790918743772267, 0.0028628592708721213, 0.025965697902737794, 0.02509573963702835, 0.02130100037411247, 0.022222862543282058, 0.01501066732570368, 0.01704511752468475, 0.01765224717452559, 0.0186723938838295, 0.020739582044538286, 0.018724058959868006, 0.02392213847512053, 0.0220394118181011, 0.026717757271179466, 0.03139062769137661, 0.018638029723461964, 0.020625286978465687, 0.013514500541175574, 0.01404753102696877, 0.012439416235583058, 0.012635720185226513, 0.010529312128434404, 0.009444957325077058, 0.010055415018560436, 0.01167347076492192, 0.00775532495758591, 0.004470951924630425, 0.004583529174381883, 0.026570516703550703, 0.027441004182565728, 0.01989756811090657, 0.020568375866278903, 0.004884273784229257, 0.004081313915969723, 0.00434510224171571, 0.00434510224171571, 0.002978516429429185, 0.002818382931264455, 0.027264654585290034, 0.018879913490962956, 0.01595144386927599, 0.016368165214278085, 0.013854791675667222, 0.014628506869998534, 0.013378271336046963, 0.009673864499689497, 0.008953647655495929, 0.015052200686321312, 0.015038343479613572, 0.009170647491149323
dflux, 0.000269176643794986, 0.00012407575362383607, 0.00023424132034809212, 0.00011185254139533159, 8.801375209505897e-05, 0.00012185880812710032, 0.0014054617553884796, 0.0010861146708428162, 0.0006751087238533407, 0.0005533063660680634, 0.0005273733619702978, 0.0004108830155793566, 0.00038482950770075616, 0.0003017197336812505, 0.0003394716537290332, 0.0003779842274316876, 0.00040267493483197507, 0.0008083028894350976, 0.0005861361942527452, 0.00017819147457685946, 0.00015822930544811734, 0.0002683644411771289, 0.00017401910662170967, 0.00023363835274452512, 0.0005670203670885473, 0.0005995461816517761, 0.00020337061118337466, 0.00019544902653867744, 0.00022166834234062038, 0.0010990540028462704, 0.0008885373331647158, 0.0007608835404320334, 0.0005900899110928874, 0.0007077125972177664, 0.0005334278423663151, 0.0004546929174725826, 0.0004416474019931681, 0.00042722526326850687, 0.00038963407094756003, 0.0004250144694688886, 0.0006646560079086523, 0.0005049396145499885, 0.00023722854166408395, 0.00025000470679228276, 0.00036666856418329097, 0.00022378412812708767, 0.0003183005388677987, 0.0005022311824146514, 0.0005227178965733112, 0.00048268489354052964, 0.00041617094827518374, 0.0002076608355255456, 0.00020728991850224276, 0.00021315140212028905, 0.0007419048072226954, 0.0006778359544699469, 0.00048374783274534434, 0.0004021570279555678, 0.00042877482759364854, 0.00037802855081436594, 0.0004894470053979603, 0.0004405504636891881, 0.00041038895386938086, 0.0004376714170545007, 0.0004459590429397109, 0.0005700903955178682, 0.00040801269677446844, 0.0002893568122972709, 0.00024924454286948865, 0.0004418793165215254, 0.000252315380251819, 0.0002284858326480304, 0.00047019248113691923, 0.0003672432079581062, 0.0004114891157020841, 0.0003557154850172947, 0.00022423706467679112, 0.00024121179479043222, 0.00025225251835873165, 0.0006588760414744661, 0.0007570500655717411, 0.00036051072515943703, 0.0004357081290465538, 0.00029675887478484595, 0.00020865030905719577, 0.0002531016490535914, 0.00017704632717006173, 0.00016802665463703717, 0.00022942770251562454, 0.0002598896813730492, 0.000535201456390702, 0.00043489435257576347, 0.00011321088718911763, 0.00010765784552590632, 0.0001733666937973995, 0.00012065010151756082, 0.00016442150858327217, 0.00011091076990838332, 0.00011436875665502318, 0.00013089319612290902, 0.0008225587737405162, 0.0007355615720943818, 0.00047349804419137293, 0.0004686713061725101, 0.0004469479257325557, 0.00035782309281811225, 0.0003955521192776132, 0.00027771779965638703, 0.0002868835693708493, 0.00031195138757880486, 0.00034596623182349737, 0.0005012700534578622, 0.00041235547008736773, 0.00014652048948340316, 0.00016204642124430382, 0.00020326344252954347, 0.00014010042224173535, 0.00022157304056622372, 0.0004200666365925929, 0.00043302106052471313, 0.00046411183308897044, 0.00012383952473938876, 0.00014700373069460046, 0.0001649497074493242, 0.00018193856742041865, 0.0016501551181928504, 0.0017335522795764386, 0.0010005662649167563, 0.0009824646147036868, 0.00141018422385837, 0.0018995951424004606, 0.001625832048076356, 0.0012726453638996027, 0.0010123986319544337, 0.0014831126230218782, 0.0009914896700163331, 0.0012991391004343398, 0.0013780459752830653, 0.0024285942704315006, 0.0007896479490340317, 0.0009308329753726503, 0.0007966281596254936, 0.0008280482697233826, 0.0008592844316880498, 0.0008262929146320015, 0.0005915691463725131, 0.0007916205730410196, 0.0006205124258462331, 0.0009999047433253698, 0.0005857192969481135, 0.00034178560880448225, 0.00048126084733071743, 0.00044050230485816503, 0.0004802078784734796, 0.0003298740747768516, 0.00037888348525433834, 0.00022043053771109093, 0.00019922853875411003, 0.00015607749532922985, 0.0001400695470903345, 0.0002002619958655316, 0.0002777534472219954, 0.0025362791634343123, 0.0019649618527311434, 0.001483874097351097, 0.002909597996743064, 0.0024500610646217735, 0.0004042005822194354, 0.00035733345452157087, 0.00040985808987077985, 0.00035460441265481544, 0.002453855282529137, 0.0007479446152208203, 0.0005743605368092841
mag, 18.05, 18.613, 19.382, 19.544, 19.925, 20.38, 17.437, 17.432, 17.561, 17.922, 18.102, 18.373, 18.662, 19.188, 19.599, 19.734, 19.838, 20.089, 20.26, 20.345, 20.474, 20.508, 20.613, 20.684, 20.751, 20.766, 20.884, 20.951, 21.066, 17.496, 17.442, 17.496, 17.772, 17.887, 17.996, 18.055, 18.201, 18.435, 18.535, 18.608, 18.95, 19.134, 19.316, 19.457, 19.559, 19.636, 19.785, 19.97, 19.999, 19.975, 19.991, 20.349, 20.413, 20.625, 17.918, 17.954, 18.029, 18.455, 18.572, 18.588, 18.484, 18.356, 18.433, 18.491, 18.638, 18.926, 19.085, 19.42, 19.727, 19.751, 19.811, 20.008, 20.275, 20.341, 20.281, 20.322, 20.752, 20.658, 21.167, 17.557, 17.617, 17.732, 18.151, 18.423, 18.725, 19.036, 19.569, 20.066, 20.106, 20.234, 20.597, 20.693, 20.737, 20.906, 20.899, 20.962, 21.12, 21.239, 21.266, 21.344, 17.502, 17.468, 17.547, 17.776, 17.922, 18.069, 18.222, 18.606, 18.958, 19.065, 19.12, 19.325, 19.537, 19.791, 19.904, 20.029, 20.062, 20.189, 20.177, 20.301, 20.372, 20.567, 20.54, 20.617, 20.797, 17.885, 17.922, 18.1, 18.054, 18.48, 18.342, 18.304, 18.243, 18.129, 18.24, 17.974, 18.063, 17.854, 17.679, 18.245, 18.135, 18.594, 18.552, 18.684, 18.667, 18.865, 18.983, 18.915, 18.753, 19.197, 19.795, 19.768, 17.709, 17.674, 18.023, 17.987, 19.548, 19.743, 19.675, 19.675, 20.085, 20.145, 17.777, 18.176, 18.359, 18.331, 18.512, 18.453, 18.55, 18.902, 18.986, 18.058, 18.059, 18.596
dmag, 0.031, 0.024, 0.092, 0.051, 0.057, 0.12, 0.013, 0.01, 0.007, 0.008, 0.009, 0.009, 0.011, 0.014, 0.023, 0.029, 0.034, 0.086, 0.073, 0.024, 0.024, 0.042, 0.03, 0.043, 0.111, 0.119, 0.045, 0.046, 0.058, 0.013, 0.01, 0.009, 0.009, 0.012, 0.01, 0.009, 0.01, 0.012, 0.012, 0.014, 0.03, 0.027, 0.015, 0.018, 0.029, 0.019, 0.031, 0.058, 0.062, 0.056, 0.049, 0.034, 0.036, 0.045, 0.018, 0.017, 0.013, 0.016, 0.019, 0.017, 0.02, 0.016, 0.016, 0.018, 0.021, 0.035, 0.029, 0.028, 0.032, 0.058, 0.035, 0.038, 0.1, 0.083, 0.088, 0.079, 0.074, 0.073, 0.122, 0.014, 0.017, 0.009, 0.016, 0.014, 0.013, 0.021, 0.024, 0.036, 0.051, 0.065, 0.187, 0.166, 0.045, 0.05, 0.08, 0.059, 0.093, 0.07, 0.074, 0.091, 0.015, 0.013, 0.009, 0.011, 0.012, 0.011, 0.014, 0.014, 0.02, 0.024, 0.028, 0.049, 0.049, 0.022, 0.027, 0.038, 0.027, 0.048, 0.09, 0.104, 0.119, 0.038, 0.044, 0.053, 0.069, 0.069, 0.075, 0.051, 0.048, 0.102, 0.121, 0.1, 0.074, 0.053, 0.086, 0.045, 0.064, 0.056, 0.084, 0.046, 0.049, 0.064, 0.064, 0.075, 0.071, 0.061, 0.091, 0.067, 0.093, 0.082, 0.083, 0.114, 0.018, 0.019, 0.018, 0.02, 0.049, 0.053, 0.039, 0.035, 0.073, 0.107, 0.101, 0.113, 0.101, 0.193, 0.192, 0.03, 0.029, 0.046, 0.043, 0.177, 0.054, 0.068
