CSP 2008fr SN2008fr 17.95475 14.640833 0.0397 0.03811642342093458 54723.0
++++++++++++++++++++++++++++++++++++++++++++++++++++++++++++++++
t0, 54737.64501747291, 1.1302072380203754e-06
x0, 0.0022573487872835298, 7.513342088529322e-06
x1, 0.03863280693542359, 0.019601926174160345
c, 0.054960893196030314, 0.002449788632975973
mu, 36.45313068790084, 0.00868039197360854
hostMass, 8.327633544884216, 0.02003794312800088
++++++++++++++++++++++++++++++++++++++++++++++++++++++++++++++++
1.277368078992689e-12, -1.5165700151322539e-16, -1.8704900408740086e-13, 2.1779008681198833e-14
-1.5165700151322539e-16, 5.645030933926616e-11, -1.0091822000535463e-07, -1.520444966448712e-08
-1.8704900408740086e-13, -1.0091822000535463e-07, 0.0003842374783632423, 1.9965239788546688e-05
2.1779008681198833e-14, -1.520444966448712e-08, 1.9965239788546688e-05, 6.001464346258286e-06
++++++++++++++++++++++++++++++++++++++++++++++++++++++++++++++++
zp, 12.986, 12.986, 12.986, 12.986, 12.986, 12.986, 12.986, 12.986, 15.111, 15.111, 15.111, 15.111, 15.111, 15.111, 15.111, 15.111, 15.111, 15.111, 15.111, 15.111, 15.111, 15.111, 15.111, 15.111, 15.111, 15.111, 15.111, 14.903, 14.903, 14.903, 14.903, 14.903, 14.903, 14.903, 14.903, 14.903, 14.903, 14.903, 14.903, 14.903, 14.903, 14.903, 14.903, 14.903, 14.903, 14.903, 14.545, 14.545, 14.545, 14.545, 14.545, 14.545, 14.545, 14.545, 14.545, 14.545, 14.545, 14.545, 14.545, 14.545, 14.545, 14.545, 14.545, 14.545, 14.328, 14.328, 14.328, 14.328, 14.328, 14.328, 14.328, 14.328, 14.328, 14.328, 14.328, 14.328, 14.328, 14.328, 14.328, 14.328, 14.328, 14.328, 14.328, 14.328, 14.439, 14.439, 14.439, 14.439, 14.439, 14.439, 14.439, 14.439, 14.439, 14.439, 14.439, 14.439, 14.439, 14.439, 14.439, 14.439, 14.439, 14.439, 14.439, 14.439, 14.439, 13.921, 13.921, 13.921, 13.921, 13.921, 13.921, 13.921, 13.921, 13.921, 13.921, 13.921, 13.921, 13.921, 13.921, 13.921, 13.921, 13.921, 13.921, 13.921, 13.921, 13.921, 13.921, 13.921, 13.77, 13.77, 13.77, 13.77, 13.77, 13.77, 13.77, 13.77, 13.866, 13.866, 13.866, 13.866, 13.866, 13.866, 13.502, 13.502, 13.502, 13.502, 13.502, 13.502, 13.502, 13.502
filters, u, u, u, u, u, u, u, u, g, g, g, g, g, g, g, g, g, g, g, g, g, g, g, g, g, g, g, r, r, r, r, r, r, r, r, r, r, r, r, r, r, r, r, r, r, r, i, i, i, i, i, i, i, i, i, i, i, i, i, i, i, i, i, i, B, B, B, B, B, B, B, B, B, B, B, B, B, B, B, B, B, B, B, B, V, V, V, V, V, V, V, V, V, V, V, V, V, V, V, V, V, V, V, V, V, Y, Y, Y, Y, Y, Y, Y, Y, Y, Y, Y, Y, Y, Y, Y, Y, Y, Y, Y, Y, Y, Y, Y, Ydw, Ydw, Ydw, Ydw, Ydw, Ydw, Ydw, Ydw, J, J, J, J, J, J, H, H, H, H, H, H, H, H
time, 54740.72, 54747.69, 54749.67, 54756.69, 54759.65, 54760.64, 54766.66, 54772.64, 54740.72, 54744.7, 54747.69, 54749.67, 54751.67, 54755.66, 54756.69, 54759.65, 54760.64, 54765.66, 54766.66, 54772.64, 54779.62, 54783.63, 54789.63, 54793.56, 54798.62, 54801.64, 54807.57, 54740.72, 54744.7, 54747.69, 54749.67, 54751.67, 54755.66, 54756.69, 54759.65, 54760.64, 54765.66, 54766.66, 54772.64, 54779.62, 54783.63, 54789.63, 54793.56, 54798.62, 54801.64, 54807.57, 54740.72, 54744.7, 54747.69, 54749.67, 54755.66, 54756.69, 54759.65, 54760.64, 54765.66, 54766.66, 54772.64, 54779.62, 54783.63, 54789.63, 54793.56, 54798.62, 54801.64, 54807.57, 54740.72, 54742.76, 54744.7, 54747.69, 54749.67, 54752.67, 54755.66, 54756.69, 54759.65, 54760.64, 54765.66, 54766.66, 54772.64, 54779.62, 54783.63, 54789.63, 54793.56, 54798.62, 54801.64, 54807.57, 54740.72, 54742.76, 54744.7, 54747.69, 54749.67, 54751.67, 54752.67, 54755.66, 54756.69, 54759.65, 54760.64, 54765.66, 54766.66, 54772.64, 54779.62, 54783.63, 54789.63, 54793.56, 54798.62, 54801.64, 54807.57, 54738.78, 54738.78, 54741.76, 54741.74, 54743.76, 54743.77, 54748.74, 54748.74, 54750.7, 54750.71, 54767.66, 54767.66, 54775.61, 54775.62, 54780.62, 54780.62, 54784.61, 54784.62, 54788.57, 54791.56, 54791.57, 54800.58, 54800.59, 54745.74, 54745.75, 54751.66, 54751.65, 54757.61, 54757.6, 54758.65, 54758.65, 54738.78, 54741.76, 54767.66, 54767.66, 54780.62, 54745.74, 54741.76, 54767.66, 54745.74, 54745.75, 54751.66, 54757.61, 54758.65, 54758.65
flux, 0.008912509381337459, 0.004010513660865755, 0.00348337315036012, 0.0015674727518004375, 0.0013353650333271859, 0.0011376272858234309, 0.0009044821490475919, 0.0007392647526562272, 0.16550076287699908, 0.12370863074892723, 0.10519618738232227, 0.08582227050540146, 0.07495489497919593, 0.051238923866468014, 0.04729334149186523, 0.03784425847170934, 0.034355794789987466, 0.02322736796357105, 0.02232543861616743, 0.01778279410038923, 0.014955467727443971, 0.012670682249985504, 0.011901453387038553, 0.011334438229710335, 0.010954687673339965, 0.01020469431942201, 0.010148456628180967, 0.12811500562783976, 0.10365732567670047, 0.08863392873279352, 0.08150795556116018, 0.07550922276654352, 0.07304659895204117, 0.07099046158552887, 0.06785783509504063, 0.06462491724953891, 0.052047515117052336, 0.0504428945952414, 0.03722202530178506, 0.028893489815590794, 0.025822601906345943, 0.021066869257394132, 0.019444644164481287, 0.017619760464116292, 0.016113875357200016, 0.013502058956622372, 0.04975079213514403, 0.03620762177566733, 0.029593749953433862, 0.028760736288630278, 0.031332857243155855, 0.03173949408562225, 0.03388441561392029, 0.03441913882684292, 0.0327793245300228, 0.03127519311407986, 0.02376840286624876, 0.01586353605478501, 0.013073744701631309, 0.0111686324778056, 0.009691700839472904, 0.007461050851930635, 0.007284504232923301, 0.006564475019517004, 0.06969473963563208, 0.05839827246189305, 0.053161839507396266, 0.040327379297611286, 0.0333579996662048, 0.024957437948315665, 0.017266328527432366, 0.01599558028614666, 0.012234888053268122, 0.010568175092136574, 0.007099046158552872, 0.007291216599950674, 0.00574910181567504, 0.005114462515963039, 0.004504016781680873, 0.003988411869090523, 0.0038194427084004604, 0.003502676269138133, 0.003564511334262439, 0.0029295438297694265, 0.08511380382023759, 0.08002026771193319, 0.07297935152144493, 0.060813500127871824, 0.05515691912608023, 0.050815944256056074, 0.04301302633821362, 0.04073802778041122, 0.03865449465982838, 0.0317394940856223, 0.0307893130974161, 0.02191795343844131, 0.02276145393141645, 0.01717117443244453, 0.012450878639160532, 0.013001695780332907, 0.010346655758424365, 0.009745407417663072, 0.008542795299048491, 0.008076068613289767, 0.0061094202490557204, 0.017474308552673207, 0.019824397628726384, 0.016368165214278085, 0.016780310782909525, 0.016718603572044653, 0.017587333541355724, 0.015660297206860452, 0.015936758810287673, 0.018146797793969265, 0.01931968317016924, 0.03833540007590439, 0.03538343568147222, 0.02620595554733346, 0.025562304271125415, 0.019660746338790967, 0.020230191786782727, 0.013073744701631328, 0.015024499029989145, 0.014427796231294776, 0.012694044019618036, 0.011397248040197481, 0.006823386941416704, 0.008158306174490076, 0.013061708881318404, 0.013378271336046963, 0.017538805018417602, 0.014900471117870993, 0.02167704104819694, 0.02134027442848977, 0.02370281899129783, 0.023377604122746896, 0.017202834055304317, 0.011534532578210936, 0.013589391171007994, 0.01103570289964014, 0.007726805850957014, 0.007085981269167699, 0.014467716832477242, 0.017045117524684773, 0.01050993427186217, 0.009418895965228418, 0.014736691770366907, 0.014321878992735468, 0.013816562311673292, 0.016262975210134107
dflux, 0.00013133959195287822, 0.00010712076806079821, 0.00012833220942967872, 0.000164581316273834, 7.01052489233386e-05, 5.867643330573492e-05, 5.831411917173372e-05, 5.379015197605223e-05, 0.0012194546863351055, 0.0010254587365338649, 0.000872003422462837, 0.0007114070905655039, 0.003451800476520617, 0.0009438558582078888, 0.000653381658702274, 0.0003485585016494862, 0.00041135713289521577, 0.0002781115543565121, 0.0002878748440519882, 0.0002620569382869677, 0.0005509797927674564, 0.001026971407154207, 0.0002850027352011681, 0.000229666874845697, 0.00021188244449432117, 0.00020677515776246683, 0.0005608244387747068, 0.0008259879660130341, 0.0008592473263780779, 0.0007347137869210572, 0.0006756444123679748, 0.004381433550290406, 0.0009418976551089533, 0.0007846155772397052, 0.0005624943823176795, 0.0005356957359411435, 0.0003835002637949023, 0.000418136605712902, 0.0003085447701273749, 0.00045240208875089164, 0.000689721363257713, 0.0002522429473622774, 0.000286546865866933, 0.0002758827849502402, 0.00023746284280225832, 0.000447690811366734, 0.00045822172934011226, 0.0004335298767977747, 0.0003543390629405643, 0.0004238338729070911, 0.0006060311880756101, 0.0004384973156443589, 0.00034329570122068126, 0.00031701198390552435, 0.0004830539777359652, 0.0003744717259139497, 0.0003283726207446081, 0.00033604970310567817, 0.0005900268293278885, 0.00023659388520322382, 0.00022315965878728192, 0.0002817471533035065, 0.00027508033004793205, 0.000374858505617137, 0.0005777210467623877, 0.0006454415598113264, 0.0006854940913288864, 0.0004828575565330215, 0.0004301339434756198, 0.0023446382828279148, 0.0005088920406784461, 0.00042724174275978057, 0.0001802999734137992, 0.0001752056814765935, 0.0002026923574535901, 0.0001544555492061018, 0.0001323779613887835, 0.00026379326731370634, 0.0005517309170849688, 0.00011755081874545099, 0.00010553510212689246, 0.00013226944667158407, 0.00011490626926913414, 0.0003939385987792665, 0.0007055343931841954, 0.0009581180729686285, 0.0006721646676386057, 0.0006721356424667001, 0.0005588153989228383, 0.003323028214743676, 0.0017035078359160123, 0.0006753799834930957, 0.0006408378949027592, 0.000409264161268069, 0.00034029606413585594, 0.00036336926056530636, 0.00029349703329716135, 0.00025304377777502255, 0.00036696585662987567, 0.0006825752482335897, 0.00020012206461818716, 0.00017951703876051674, 0.00018883692583765123, 0.00017108168383041461, 0.00034887300780932955, 0.0007725327817682629, 0.0008216525242348539, 0.0007839331390188565, 0.0006645752075899972, 0.0005389441030493383, 0.000631742779790302, 0.0006202176706864186, 0.0007339148653441986, 0.0010696843798008542, 0.0015658795493087877, 0.0008827052074874028, 0.0009125017612376014, 0.0009895996584916562, 0.000918206339813434, 0.0007062204464146626, 0.0008012058942304916, 0.0009994332006982613, 0.0009271510248969947, 0.0009036174159326329, 0.0009704066687755059, 0.0007977912565308355, 0.0009552548865462094, 0.0007964922332939944, 0.00033684779698249897, 0.0003696552977809353, 0.001049999365592776, 0.0010155642391681031, 0.0004791670231468638, 0.0004717228586826488, 0.0005676086797815049, 0.0005598207967347128, 0.0012992404474982042, 0.0008923905570465541, 0.001138982555009496, 0.0009859330255119951, 0.0011173142364452116, 0.00032632149679241154, 0.0014258027818275845, 0.0017897012085425854, 0.0004162403093030775, 0.00043375618883993445, 0.0015880403817951604, 0.0006991197155335502, 0.0006999038291362102, 0.0007639164394463647
mag, 18.111, 18.978, 19.131, 19.998, 20.172, 20.346, 20.595, 20.814, 17.064, 17.38, 17.556, 17.777, 17.924, 18.337, 18.424, 18.666, 18.771, 19.196, 19.239, 19.486, 19.674, 19.854, 19.922, 19.975, 20.012, 20.089, 20.095, 17.134, 17.364, 17.534, 17.625, 17.708, 17.744, 17.775, 17.824, 17.877, 18.112, 18.146, 18.476, 18.751, 18.873, 19.094, 19.181, 19.288, 19.385, 19.577, 17.803, 18.148, 18.367, 18.398, 18.305, 18.291, 18.22, 18.203, 18.256, 18.307, 18.605, 19.044, 19.254, 19.425, 19.579, 19.863, 19.889, 20.002, 17.22, 17.412, 17.514, 17.814, 18.02, 18.335, 18.735, 18.818, 19.109, 19.268, 19.7, 19.671, 19.929, 20.056, 20.194, 20.326, 20.373, 20.467, 20.448, 20.661, 17.114, 17.181, 17.281, 17.479, 17.585, 17.674, 17.855, 17.914, 17.971, 18.185, 18.218, 18.587, 18.546, 18.852, 19.201, 19.154, 19.402, 19.467, 19.61, 19.671, 19.974, 18.315, 18.178, 18.386, 18.359, 18.363, 18.308, 18.434, 18.415, 18.274, 18.206, 17.462, 17.549, 17.875, 17.902, 18.187, 18.156, 18.63, 18.479, 18.523, 18.662, 18.779, 19.336, 19.142, 18.48, 18.454, 18.16, 18.337, 17.93, 17.947, 17.833, 17.848, 18.277, 18.711, 18.533, 18.759, 19.146, 19.24, 18.101, 17.923, 18.448, 18.567, 18.081, 18.112, 18.151, 17.974
dmag, 0.016, 0.029, 0.04, 0.114, 0.057, 0.056, 0.07, 0.079, 0.008, 0.009, 0.009, 0.009, 0.05, 0.02, 0.015, 0.01, 0.013, 0.013, 0.014, 0.016, 0.04, 0.088, 0.026, 0.022, 0.021, 0.022, 0.06, 0.007, 0.009, 0.009, 0.009, 0.063, 0.014, 0.012, 0.009, 0.009, 0.008, 0.009, 0.009, 0.017, 0.029, 0.013, 0.016, 0.017, 0.016, 0.036, 0.01, 0.013, 0.013, 0.016, 0.021, 0.015, 0.011, 0.01, 0.016, 0.013, 0.015, 0.023, 0.049, 0.023, 0.025, 0.041, 0.041, 0.062, 0.009, 0.012, 0.014, 0.013, 0.014, 0.102, 0.032, 0.029, 0.016, 0.018, 0.031, 0.023, 0.025, 0.056, 0.133, 0.032, 0.03, 0.041, 0.035, 0.146, 0.009, 0.013, 0.01, 0.012, 0.011, 0.071, 0.043, 0.018, 0.018, 0.014, 0.012, 0.018, 0.014, 0.016, 0.032, 0.057, 0.021, 0.02, 0.024, 0.023, 0.062, 0.048, 0.045, 0.052, 0.043, 0.035, 0.039, 0.043, 0.05, 0.064, 0.088, 0.025, 0.028, 0.041, 0.039, 0.039, 0.043, 0.083, 0.067, 0.068, 0.083, 0.076, 0.152, 0.106, 0.028, 0.03, 0.065, 0.074, 0.024, 0.024, 0.026, 0.026, 0.082, 0.084, 0.091, 0.097, 0.157, 0.05, 0.107, 0.114, 0.043, 0.05, 0.117, 0.053, 0.055, 0.051
