CSP 2009P SN2009P 170.161583 -3.546194 0.0251 0.026209683706048342 54859.0
++++++++++++++++++++++++++++++++++++++++++++++++++++++++++++++++
t0, 54868.15002554321, 0.07947990483808098
x0, 0.0023157684940024992, 9.304036655811874e-06
x1, 1.5765815904899372, 0.03830605515720842
c, 0.405393494851611, 0.002896009508669621
mu, 16.25640651602559, 0.011307360820547086
hostMass, 9.7634902954309, 0.001489549641911028
++++++++++++++++++++++++++++++++++++++++++++++++++++++++++++++++
0.006317058339398183, -3.7080388408972484e-07, -0.0018695736535940212, -5.321206692366933e-06
-3.7080388408972484e-07, 8.656509809269101e-11, -3.056448292332242e-08, -1.937144432254872e-08
-0.0018695736535940212, -3.056448292332242e-08, 0.0014673857406099437, 3.605925557949669e-05
-5.321206692366933e-06, -1.937144432254872e-08, 3.605925557949669e-05, 8.386871074304859e-06
++++++++++++++++++++++++++++++++++++++++++++++++++++++++++++++++
zp, 12.986, 12.986, 12.986, 12.986, 12.986, 12.986, 12.986, 12.986, 12.986, 12.986, 15.111, 15.111, 15.111, 15.111, 15.111, 15.111, 15.111, 15.111, 15.111, 15.111, 15.111, 15.111, 15.111, 15.111, 14.903, 14.903, 14.903, 14.903, 14.903, 14.903, 14.903, 14.903, 14.903, 14.903, 14.903, 14.903, 14.903, 14.903, 14.903, 14.545, 14.545, 14.545, 14.545, 14.545, 14.545, 14.545, 14.545, 14.545, 14.545, 14.545, 14.545, 14.545, 14.545, 14.328, 14.328, 14.328, 14.328, 14.328, 14.328, 14.328, 14.328, 14.328, 14.328, 14.328, 14.328, 14.328, 14.328, 14.328, 14.439, 14.439, 14.439, 14.439, 14.439, 14.439, 14.439, 14.439, 14.439, 14.439, 14.439, 14.439, 14.439, 14.439, 13.921, 13.921, 13.921, 13.921, 13.921, 13.921, 13.921, 13.921, 13.921, 13.921, 13.921, 13.836, 13.836, 13.836, 13.836, 13.836, 13.836
filters, u, u, u, u, u, u, u, u, u, u, g, g, g, g, g, g, g, g, g, g, g, g, g, g, r, r, r, r, r, r, r, r, r, r, r, r, r, r, r, i, i, i, i, i, i, i, i, i, i, i, i, i, i, B, B, B, B, B, B, B, B, B, B, B, B, B, B, B, V, V, V, V, V, V, V, V, V, V, V, V, V, V, Y, Y, Y, Y, Y, Y, Y, Y, Y, Y, Y, Jrc2, Jrc2, Jrc2, Jrc2, Jrc2, Jrc2
time, 54867.74, 54870.79, 54871.73, 54872.84, 54874.67, 54878.71, 54879.74, 54883.72, 54885.65, 54888.62, 54867.74, 54870.79, 54871.73, 54872.84, 54874.67, 54878.71, 54879.74, 54883.72, 54885.65, 54888.62, 54900.65, 54911.7, 54915.6, 54927.65, 54867.74, 54870.79, 54871.73, 54872.84, 54874.67, 54878.71, 54879.74, 54883.72, 54885.65, 54888.62, 54900.65, 54911.7, 54915.6, 54927.65, 54931.61, 54867.74, 54870.79, 54871.73, 54872.84, 54874.67, 54878.71, 54879.74, 54883.72, 54885.65, 54888.62, 54900.65, 54911.7, 54915.6, 54927.65, 54867.74, 54870.79, 54871.73, 54872.84, 54874.67, 54878.71, 54879.74, 54883.72, 54885.65, 54888.62, 54900.65, 54911.7, 54915.6, 54927.65, 54931.61, 54867.74, 54870.79, 54871.73, 54872.84, 54874.67, 54878.71, 54879.74, 54883.72, 54885.65, 54888.62, 54900.65, 54911.7, 54915.6, 54927.65, 54868.71, 54868.71, 54875.71, 54882.76, 54882.77, 54886.67, 54890.73, 54895.78, 54895.77, 54919.71, 54919.72, 54868.71, 54868.71, 54875.71, 54886.67, 54890.73, 54895.78
flux, 0.008590135215053961, 0.007613774324561515, 0.007733925780489969, 0.007125248247522682, 0.007365462114702302, 0.004504016781680873, 0.00424619563946313, 0.0027899729974082666, 0.0022803420720004164, 0.0018484171953696597, 0.18113400926196016, 0.17426091898259327, 0.17394021397803042, 0.1606941253012878, 0.15689171126078555, 0.1290624782060539, 0.12067019095932759, 0.09444957325077086, 0.08402335139076915, 0.07059923578936672, 0.030619634336906773, 0.01713957307508427, 0.01668783511365392, 0.013341356829031082, 0.20682355559317647, 0.21340274428489805, 0.20644292320739915, 0.1980614708971737, 0.17750067135006534, 0.15360310683850265, 0.1449439191287787, 0.1070532853833362, 0.10725066656157026, 0.10646331870513119, 0.08701617721519997, 0.04587752705471364, 0.04293386634704299, 0.027567666102901033, 0.024188002231478472, 0.09221466651242649, 0.08472274141405954, 0.08912509381337441, 0.08173348179780718, 0.07021016602403153, 0.059319843966497345, 0.05754399373371572, 0.04238381057743498, 0.039156151483961205, 0.04579309531517436, 0.054701596289397185, 0.031332857243155855, 0.024774220576332887, 0.014534496779183158, 0.07171334826577207, 0.06420960525675934, 0.060981766399878595, 0.06468446641717226, 0.06042268220498804, 0.046472924167620354, 0.043491060723245364, 0.03429256732975603, 0.02831391995799376, 0.02218196419800216, 0.010289635722967528, 0.005807644175213123, 0.006070158063410436, 0.003894036338797171, 0.003354285308326896, 0.11619836038697964, 0.1156644774165647, 0.12055910077295338, 0.11117317272815896, 0.09763375665826421, 0.08472274141405968, 0.08733734791423216, 0.0661302249481766, 0.06292163512879859, 0.05375266487867447, 0.03253868517801072, 0.01648921573150831, 0.014494391912877845, 0.010894316796591327, 0.045123211334433706, 0.04812824218676023, 0.02568029450667352, 0.02392213847512053, 0.026399761293548058, 0.02953928642960275, 0.03705100563019242, 0.043171784447092326, 0.04698941086052153, 0.026644035277248963, 0.02929543829769427, 0.05551367774352106, 0.05420008904016233, 0.03973745050614629, 0.01823055960681068, 0.019606496672266, 0.02615772682719104
dflux, 0.0001977951729298646, 0.00018933872322048648, 0.00025643551985969106, 0.0002625038463780428, 0.0003459759066738488, 0.00013689564108123285, 0.00011341583066382386, 8.993810327163467e-05, 9.03117245849434e-05, 8.682521274571766e-05, 0.0015014752904190056, 0.0016050023773630498, 0.0016020485751120296, 0.001776057107762221, 0.0026010469120565584, 0.0011887093535285147, 0.0012225548846354474, 0.0011308865329157456, 0.000928660398603771, 0.0007152672907836172, 0.0010434638409409344, 0.00045779777537046545, 0.0004764719885513223, 0.0006512557183226352, 0.0026668814815376915, 0.0017689607200599357, 0.0017112686311132985, 0.0020066349176909477, 0.0032696831987767665, 0.001414736896175632, 0.0013349828300242416, 0.001478995794478244, 0.0010865966585687254, 0.001274732423125768, 0.0012021729150302855, 0.0006760762233575338, 0.0006326968360659196, 0.0006347689701717719, 0.0008911189338801448, 0.0012739926988015828, 0.0012485204570726579, 0.0008208724497054871, 0.0013550277368601432, 0.0026513040592825816, 0.0008195339306159375, 0.000900999606705657, 0.000624590914687265, 0.0007573471139302805, 0.0008013629896242972, 0.0010076406414315552, 0.0005194553040648086, 0.0005019938087085722, 0.0005890177148753413, 0.0009247060854385603, 0.0009462277113039756, 0.0010109930850490006, 0.0009532255239709111, 0.0013356323263096518, 0.0005992440295307501, 0.0005607944613591244, 0.0004737693260039452, 0.000599795932179428, 0.0003881765367269202, 0.0005781033886042747, 0.0002407067082586699, 0.00026835946500338836, 0.0004016924811330583, 0.0005437363253416123, 0.0014983170297614918, 0.0010653092059533134, 0.0012214293883641056, 0.0011263370371647286, 0.0019783282873580806, 0.0010924553999385777, 0.0009652880417709389, 0.0008527146329072806, 0.00081134154681654, 0.0006931124752067066, 0.0007792001509397434, 0.000470800996997821, 0.0004138446773075142, 0.00047159971933869376, 0.0010390003376668704, 0.0013741602253393918, 0.0008041824610807814, 0.0008152248397912074, 0.0009726031490099996, 0.0009522340882667847, 0.0009896318816364266, 0.0014314565852039086, 0.0011252500165504977, 0.00130062335906794, 0.001079283832271963, 0.0015850295886858862, 0.0012979232974534086, 0.0013175836008341927, 0.0015951417619281035, 0.0014988348151847824, 0.001590082345074974
mag, 18.151, 18.282, 18.265, 18.354, 18.318, 18.852, 18.916, 19.372, 19.591, 19.819, 16.966, 17.008, 17.01, 17.096, 17.122, 17.334, 17.407, 17.673, 17.8, 17.989, 18.896, 19.526, 19.555, 19.798, 16.614, 16.58, 16.616, 16.661, 16.78, 16.937, 17.0, 17.329, 17.327, 17.335, 17.554, 18.249, 18.321, 18.802, 18.944, 17.133, 17.225, 17.17, 17.264, 17.429, 17.612, 17.645, 17.977, 18.063, 17.893, 17.7, 18.305, 18.56, 19.139, 17.189, 17.309, 17.365, 17.301, 17.375, 17.66, 17.732, 17.99, 18.198, 18.463, 19.297, 19.918, 19.87, 20.352, 20.514, 16.776, 16.781, 16.736, 16.824, 16.965, 17.119, 17.086, 17.388, 17.442, 17.613, 18.158, 18.896, 19.036, 19.346, 17.285, 17.215, 17.897, 17.974, 17.867, 17.745, 17.499, 17.333, 17.241, 17.857, 17.754, 16.975, 17.001, 17.338, 18.184, 18.105, 17.792
dmag, 0.025, 0.027, 0.036, 0.04, 0.051, 0.033, 0.029, 0.035, 0.043, 0.051, 0.009, 0.01, 0.01, 0.012, 0.018, 0.01, 0.011, 0.013, 0.012, 0.011, 0.037, 0.029, 0.031, 0.053, 0.014, 0.009, 0.009, 0.011, 0.02, 0.01, 0.01, 0.015, 0.011, 0.013, 0.015, 0.016, 0.016, 0.025, 0.04, 0.015, 0.016, 0.01, 0.018, 0.041, 0.015, 0.017, 0.016, 0.021, 0.019, 0.02, 0.018, 0.022, 0.044, 0.014, 0.016, 0.018, 0.016, 0.024, 0.014, 0.014, 0.015, 0.023, 0.019, 0.061, 0.045, 0.048, 0.112, 0.176, 0.014, 0.01, 0.011, 0.011, 0.022, 0.014, 0.012, 0.014, 0.014, 0.014, 0.026, 0.031, 0.031, 0.047, 0.025, 0.031, 0.034, 0.037, 0.04, 0.035, 0.029, 0.036, 0.026, 0.053, 0.04, 0.031, 0.026, 0.036, 0.095, 0.083, 0.066
